arrival_time,job_size
97,6
120,12
134,8
159,6
160,9
186,5
256,6
278,5
308,9
344,8
345,10
346,12
357,12
437,8
516,9
517,14
541,7
558,23
605,8
633,8
654,9
681,40
704,11
712,47
736,11
737,6
764,15
823,9
871,9
911,6
986,53
992,8
1057,55
1130,5
1164,6
1206,7
1220,6
1224,8
1233,23
1253,7
1265,5
1304,5
1351,6
1377,6
1417,639
1461,9
1483,7
1495,10
1498,158
1584,5
1601,23
1653,13
1688,5
1718,7
1731,6
1752,5
1787,7
1809,37
1845,7
1850,8
1852,12
1858,47
1895,6
1919,6
1927,6
2001,16
2026,6
2044,8
2046,39
2069,8
2071,7
2102,14
2115,6
2155,8
2172,6
2182,6
2227,6
2237,24
2251,8
2272,24
2289,93
2300,15
2310,12
2322,36
2396,6
2400,6
2432,12
2447,6
2454,18
2475,13
2496,11
2506,7
2559,6
2606,21
2638,6
2648,17
2651,19
2668,9
2676,8
2689,30
2715,5
2721,7
2722,40
2737,7
2797,6
2842,10
2843,7
2849,10
2874,26
2903,7
2907,6
2971,19
2983,12
2990,13
2998,15
3012,10
3045,6
3076,13
3077,7
3085,15
3139,6
3166,7
3227,10
3248,11
3253,145
3256,9
3258,8
3269,11
3292,11
3294,9
3311,20
3316,8
3359,6
3382,6
3385,86
3407,7
3417,42
3458,27
3483,8
3540,10
3541,16
3549,45
3561,9
3585,7
3599,6
3616,7
3618,10
3636,24
3650,31
3659,18
3674,10
3711,6
3811,9
3824,122
3828,12
3839,72
3852,8
3859,23
3885,6
3888,10
4057,12
4058,18
4091,5
4187,9
4190,15
4249,6
4250,8
4261,10
4350,15
4356,6
4376,9
4379,7
4393,14
4451,6
4482,5
4527,6
4578,48
4602,6
4605,6
4626,5
4631,14
4652,18
4669,237
4686,11
4774,9
4780,8
4789,6
4862,10
4953,41
4954,83
4970,126
4980,9
5006,6
5026,7
5117,6
5245,10
5267,8
5268,10
5289,14
5298,16
5306,111
5333,9
5337,8
5390,73
5406,10
5410,7
5411,10
5470,6
5487,5
5547,5
5622,8
5628,26
5657,5
5667,7
5672,311
5766,7
5833,11
5838,8
5903,7
5985,6
6057,23
6096,5
6097,5
6102,8
6125,7
6145,8
6147,9
6158,6
6173,6
6201,8
6262,5
6292,112
6315,18
6331,6
6337,5
6355,11
6377,6
6493,19
6533,8
6585,7
6626,45
6637,14
6713,6
6733,10
6734,19
6741,8
6747,15
6799,34
6802,12
6844,7
6854,8
6859,18
6874,7
6960,7
6990,79
6999,8
7039,7
7060,6
7063,12
7065,6
7145,7
7163,56
7170,29
7190,14
7212,17
7220,14
7250,16
7251,6
7272,9
7336,9
7352,5
7364,8
7418,188
7436,890
7447,16
7541,93
7563,8
7593,8
7609,11
7615,8
7619,35
7627,6
7640,11
7670,42
7757,11
7795,32
7851,7
7856,8
7889,6
7892,16
7901,21
8042,10
8043,14
8055,54
8124,7
8129,174
8167,6
8212,6
8234,13
8268,6
8287,10
8354,6
8355,6
8399,14
8402,102
8419,6
8434,6
8439,10
8529,24
8544,8
8553,8
8571,6
8587,21
8621,13
8695,6
8730,7
8752,19
8756,9
8758,64
8802,17
8812,51
8826,16
8845,10
8872,5
8901,37
8927,5
8948,6
8954,10
8966,10
8979,6
8983,5
9005,62
9015,60
9040,8
9068,20
9156,9
9212,6
9240,17
9287,6
9353,5
9451,6
9543,7
9551,10
9575,26
9638,11
9670,30
9700,21
9710,11
9726,7
9784,6
9849,7
9881,26
9927,7
10019,8
10038,14
10070,6
10109,6
10112,8
10122,6
10149,6
10150,24
10172,6
10184,10
10233,123
10310,57
10323,30
10349,5
10420,15
10444,6
10476,9
10506,7
10555,12
10559,6
10583,21
10630,5
10679,5
10699,8
10753,5
10758,34
10780,7
10802,5
10889,10
10890,8
10971,8
10978,24
10987,15
10988,7
11030,7
11068,5
11089,6
11094,13
11121,5
11133,8
11162,6
11196,5
11299,10
11343,9
11345,5
11403,6
11544,9
11597,8
11652,8
11655,6
11656,13
11657,9
11675,7
11686,7
11703,7
11736,6
11748,18
11788,6
11807,7
11811,9
11818,8
11821,5
11862,12
11864,20
11879,5
11932,5
11944,8
11997,6
12041,12
12042,10
12055,7
12115,7
12135,10
12162,18
12229,34
12265,8
12299,182
12307,11
12316,44
12352,13
12371,17
12374,5
12423,14
12424,17
12426,6
12444,14
12460,6
12468,11
12489,6
12492,11
12512,36
12544,10
12547,7
12570,10
12603,7
12636,6
12652,105
12660,7
12670,10
12696,8
12711,249
12731,5
12773,26
12796,8
12821,23
12851,11
12873,9
12903,11
12951,11
12960,9
12972,6
12985,5
12988,8
13020,21
13042,40
13095,9
13096,21
13111,13
13124,21
13181,5
13209,5
13235,13
13255,19
13279,121
13280,170
13292,6
13342,10
13350,15
13426,7
13427,11
13469,6
13485,19
13489,6
13514,11
13559,38
13575,10
13652,6
13672,9
13705,5
13716,12
13755,32
13808,10
13866,8
13867,7
13868,7
13876,14
13890,5
13913,7
13944,7
13954,41
13959,20
13972,8
14024,20
14050,6
14086,7
14100,7
14112,18
14136,12
14179,8
14198,9
14268,7
14272,7
14276,6
14303,355
14320,5
14327,10
14346,9
14363,10
14381,8
14435,8
14454,7
14516,7
14647,9
14658,9
14659,28
14753,8
14861,12
14871,5
14876,9
14892,6
14916,23
14922,16
14936,38
14969,8
15036,12
15058,8
15063,6
15099,7
15181,64
15188,7
15195,10
15211,9
15212,9
15230,7
15240,7
15251,33
15267,6
15321,12
15324,6
15338,48
15365,11
15384,6
15408,8
15490,22
15522,30
15552,8
15577,98
15595,5
15609,10
15650,5
15660,6
15679,6
15744,9
15801,7
15825,33
15834,9
15890,23
15916,15
15921,5
15924,10
15928,10
15969,5
15990,13
16009,7
16018,7
16019,5
16031,18
16048,7
16054,72
16072,12
16084,6
16152,6
16200,7
16202,22
16334,8
16352,6
16403,5
16430,34
16436,8
16499,6
16532,24
16572,280
16603,8
16633,10
16660,5
16692,22
16711,9
16712,11
16739,11
16810,130
16902,9
16919,47
16925,95
16964,14
17021,8
17077,5
17100,10
17259,8
17282,39
17289,23
17291,47
17333,13
17470,5
17487,6
17509,21
17555,6
17571,8
17583,6
17612,11
17616,6
17625,19
17626,5
17627,5
17702,11
17717,21
17718,23
17790,66
17798,10
17828,9
17829,5
17850,13
17862,6
17871,6
17906,5
17917,7
17942,5
17944,7
17946,5
17957,9
17960,14
17961,43
18071,8
18106,83
18110,6
18156,32
18201,16
18303,8
18340,8
18395,35
18409,62
18421,18
18449,17
18491,100
18497,9
18520,86
18535,5
18549,10
18580,24
18601,174
18635,8
18673,8
18697,15
18745,11
18776,22
18783,6
18856,53
18885,9
18905,9
18970,8
18982,24
19037,7
19057,31
19067,6
19084,15
19086,7
19092,55
19094,13
19162,7
19193,12
19326,15
19412,8
19461,9
19497,6
19569,8
19590,15
19604,22
19622,6
19632,7
19647,34
19693,20
19721,8
19725,9
19762,7
19866,6
19954,5
19959,9
20008,7
20009,12
20037,9
20063,6
20084,27
20093,19
20106,5
20124,7
20147,50
20160,32
20243,8
20292,11
20359,21
20368,258
20376,16
20423,24
20468,6
20481,11
20512,42
20527,13
20544,19
20757,6
20771,8
20778,13
20810,17
20925,5
20934,42
20983,38
20995,8
21001,34
21013,8
21021,6
21022,8
21080,14
21122,15
21169,10
21180,15
21191,8
21208,9
21224,25
21246,12
21289,10
21301,5
21313,127
21406,22
21427,8
21440,17
21539,16
21609,7
21616,6
21624,6
21667,8
21710,6
21729,8
21862,6
21878,6
21900,6
21909,7
21942,5
21949,8
21953,7
21960,5
22055,9
22092,44
22096,23
22159,11
22177,8
22186,9
22223,11
22232,17
22256,6
22282,5
22324,11
22362,74
22400,20
22422,18
22533,14
22560,13
22582,6
22585,21
22679,8
22775,6
22790,203
22854,17
22855,6
22876,5
22910,12
22937,16
22940,19
22967,6
23032,8
23055,17
23110,303
23123,17
23135,12
23139,25
23141,18
23188,55
23201,16
23216,29
23275,50
23295,297
23299,21
23301,17
23313,6
23417,77
23441,7
23492,7
23507,6
23508,9
23512,5
23520,9
23521,12
23533,35
23640,20
23754,10
23795,10
23829,10
23887,16
23920,12
23951,5
23971,30
24007,5
24015,6
24028,7
24034,11
24044,36
24060,15
24065,12
24081,7
24096,12
24139,24
24163,6
24199,5
24226,7
24248,12
24265,10
24347,35
24577,7
24675,7
24708,15
24713,6
24714,61
24715,5
24745,22
24794,6
24806,6
24840,31
24850,6
24854,19
24859,7
24889,6
25001,8
25017,84
25029,19
25048,9
25101,22
25118,16
25162,174
25166,23
25191,22
25257,9
25258,14
25266,14
25322,6
25365,6
25406,7
25410,10
25411,10
25431,202
25447,8
25456,6
25469,5
25499,14
25502,6
25563,5
25610,8
25618,33
25670,7
25677,6
25678,5
25734,8
25749,55
25762,7
25806,6
25843,6
25887,13
25920,7
25968,11
26001,6
26006,15
26013,17
26042,13
26073,9
26111,24
26134,5
26135,6
26209,12
26210,9
26238,5
26274,5
26361,8
26383,6
26389,16
26392,55
26393,6
26446,6
26447,6
26505,12
26513,7
26557,6
26561,14
26566,7
26575,53
26585,12
26650,6
26670,110
26673,8
26702,7
26733,95
26739,5
26740,5
26766,5
26797,39
26855,10
26861,5
26862,16
26914,6
26933,6
26937,67
27063,8
27087,9
27171,20
27190,7
27194,318
27223,50
27238,5
27306,11
27375,11
27416,6
27443,5
27453,9
27534,12
27545,6
27546,7
27595,24
27633,7
27691,7
27717,6
27764,7
27801,12
27803,12
27810,15
27855,5
27861,5
27878,16
27889,9
27929,5
27964,7
27969,39
28024,5
28066,20
28074,8
28079,9
28084,8
28103,8
28138,14
28198,16
28201,183
28212,18
28223,6
28295,175
28323,6
28350,33
28375,8
28378,20
28395,6
28433,9
28434,7
28439,79
28446,12
28451,7
28508,12
28565,37
28601,18
28653,5
28654,12
28728,7
28745,9
28746,6
28782,7
28827,6
28869,38
28873,154
28876,8
28928,25
28956,11
28983,7
28991,202
29001,8
29033,11
29078,8
29135,117
29156,7
29175,13
29255,18
29262,29
29274,32
29291,12
29325,83
29356,5
29375,12
29420,7
29434,8
29435,8
29436,18
29478,8
29557,26
29571,10
29573,6
29574,19
29591,18
29636,11
29640,39
29644,6
29650,11
29663,7
29689,5
29707,8
29785,9
29802,8
29813,27
29824,10
29853,10
29917,12
29936,6
29949,5
29966,55
30027,7
30038,5
30041,7
30127,17
30152,7
30165,7
30217,7
30252,9
30270,22
30303,14
30336,26
30369,45
30375,8
30382,7
30442,5
30452,71
30469,7
30504,8
30587,15
30647,10
30718,24
30733,5
30742,11
30746,5
30749,6
30753,9
30781,20
30789,8
30803,38
30805,15
30814,16
30831,16
30835,10
30838,7
30869,11
30878,9
30985,7
31018,6
31053,6
31070,8
31077,7
31113,8
31135,8
31231,8
31337,7
31348,6
31356,22
31366,5
31420,60
31446,9
31449,29
31459,6
31481,47
31483,7
31533,219
31603,5
31606,8
31670,7
31686,5
31695,6
31698,6
31701,6
31719,8
31721,10
31773,17
31789,22
31802,8
31832,6
31892,10
31922,10
31925,16
31938,10
31979,74
31999,7
32006,10
32009,6
32036,6
32048,81
32118,10
32170,15
32179,6
32197,14
32269,7
32281,36
32317,27
32339,29
32347,5
32373,33
32470,6
32484,5
32525,6
32568,21
32598,6
32619,9
32673,7
32698,13
32700,14
32844,14
32884,9
32903,13
32937,7
32943,14
32973,6
33087,147
33092,56
33099,5
33116,7
33161,29
33183,7
33411,7
33412,24
33413,14
33422,15
33456,12
33487,59
33496,9
33579,11
33589,91
33590,6
33622,8
33635,5
33649,7
33672,8
33678,12
33707,17
33713,20
33740,13
33838,6
33852,11
33882,21
33902,6
33911,8
33918,5
33936,9
33951,21
33968,7
34104,9
34147,87
34183,28
34188,6
34192,8
34278,7
34379,9
34380,5
34390,19
34410,11
34441,7
34442,11
34461,8
34517,11
34521,20
34522,6
34524,367
34546,9
34556,5
34559,6
34574,6
34660,64
34671,5
34681,10
34766,9
34813,6
34871,7
34875,33
34913,10
34983,7
35000,18
35003,10
35054,18
35066,6
35088,6
35091,7
35109,7
35175,25
35215,5
35269,48
35276,6
35354,14
35378,22
35380,33
35453,15
35455,5
35460,14
35580,5
35612,9
35626,8
35645,5
35744,25
35771,5
35779,15
35897,11
35905,6
35920,5
35954,6
36006,292
36019,6
36036,7
36058,5
36091,175
36092,7
36218,5
36276,5
36287,7
36340,6
36363,5
36425,19
36555,7
36578,6
36587,12
36598,27
36599,6
36640,8
36655,29
36659,166
36669,8
36697,56
36742,10
36760,6
36776,8
36786,7
36828,5
36858,6
36879,18
36880,22
36881,24
36898,14
36924,13
36925,16
36927,8
36958,5
36962,38
36966,10
37036,54
37043,6
37044,11
37081,6
37117,11
37119,8
37127,6
37153,13
37166,6
37179,19
37186,50
37214,40
37220,7
37235,6
37243,19
37283,5
37318,5
37321,7
37337,30
37411,5
37425,7
37455,11
37522,29
37568,6
37591,9
37605,10
37626,5
37679,6
37736,11
37804,9
37874,28
37885,7
37890,5
37902,6
37928,48
37939,68
38029,6
38061,36
38080,6
38086,13
38105,8
38121,92
38167,20
38189,5
38201,508
38212,7
38256,10
38347,9
38359,45
38382,5
38456,12
38468,8
38484,12
38563,32
38583,39
38605,11
38621,6
38688,7
38706,14
38739,139
38746,40
38820,13
38875,53
38882,8
38891,6
38966,8
38991,11
39015,10
39041,7
39044,8
39134,13
39210,5
39220,8
39236,11
39276,15
39277,7
39321,11
39322,6
39422,6
39424,8
39476,6
39590,6
39610,37
39619,10
39655,12
39672,10
39673,8
39753,33
39789,7
39791,5
39811,11
39821,12
39896,6
39943,16
39965,5
39974,6
40000,6
40065,14
40084,25
40106,8
40157,9
40158,17
40234,24
40384,6
40422,16
40426,19
40472,6
40483,14
40498,5
40505,5
40522,5
40532,17
40554,43
40586,26
40651,14
40686,31
40701,5
40787,33
40833,6
40853,6
40860,58
40864,16
40866,7
40910,8
40929,9
40958,19
40987,6
41002,18
41049,8
41063,11
41083,10
41091,6
41105,6
41149,44
41180,6
41298,30
41305,8
41320,29
41327,8
41344,710
41405,9
41424,31
41468,127
41492,7
41517,23
41536,6
41577,5
41616,7
41617,9
41656,6
41667,22
41679,9
41683,12
41684,6
41721,7
41727,10
41739,17
41742,10
41789,28
41790,143
41793,5
41800,6
41801,7
41825,15
41921,16
41939,5
41947,56
42069,9
42095,5
42105,5
42169,15
42202,35
42305,6
42341,7
42362,12
42389,6
42400,7
42401,10
42422,12
42445,10
42455,36
42488,5
42493,6
42552,8
42573,5
42591,6
42595,6
42604,9
42666,7
42697,11
42729,24
42747,6
42802,9
42810,12
42813,5
42940,9
42953,8
42982,8
42990,6
43035,25
43046,9
43068,10
43091,6
43125,16
43224,7
43235,6
43236,6
43255,39
43273,13
43342,12
43345,12
43346,7
43352,16
43366,7
43379,18
43403,15
43421,24
43476,15
43515,34
43542,6
43565,16
43599,66
43605,7
43625,9
43652,41
43665,6
43723,6
43760,29
43790,12
43867,7
43917,8
43923,12
43934,100
43952,117
43961,6
43985,10
43999,20
44006,8
44014,6
44021,8
44037,11
44051,5
44076,10
44089,5
44133,7
44163,7
44166,5
44181,78
44194,7
44207,132
44209,45
44275,50
44286,24
44287,12
44418,7
44494,14
44507,6
44532,5
44646,8
44647,5
44670,150
44713,6
44730,9
44774,6
44837,11
44843,26
44889,12
44926,7
44947,7
44948,17
44973,11
45028,5
45062,25
45085,5
45094,6
45197,23
45213,21
45274,8
45291,7
45298,10
45331,11
45337,22
45358,21
45399,9
45430,16
45447,23
45477,5
45485,8
45496,6
45507,7
45520,6
45567,5
45710,10
45724,11
45752,7
45758,16
45783,6
45794,63
45798,6
45859,6
45881,6
45937,184
46051,124
46080,13
46206,75
46267,6
46304,16
46342,7
46367,9
46408,7
46441,6
46593,11
46595,31
46617,9
46633,15
46639,9
46642,33
46743,11
46770,7
46780,9
46819,16
46821,18
46830,6
46915,5
46940,8
46990,34
47114,20
47126,48
47130,22
47223,6
47236,6
47247,11
47335,17
47339,6
47383,6
47402,20
47418,21
47437,6
47467,11
47469,21
47504,14
47526,7
47561,12
47620,60
47655,5
47661,50
47664,12
47665,5
47692,9
47699,8
47722,9
47756,6
47816,12
47824,10
47837,12
47857,8
47881,5
47884,7
47896,10
47900,26
47943,37
48022,17
48044,12
48054,17
48055,7
48067,6
48157,7
48165,25
48202,10
48312,5
48313,11
48405,88
48506,12
48514,10
48531,214
48541,6
48606,65
48638,8
48678,5
48699,8
48703,8
48770,5
48824,6
48874,6
48909,6
48924,8
48946,7
48975,70
48979,9
49025,12
49037,26
49049,11
49070,8
49074,23
49081,15
49084,6
49085,6
49152,9
49164,7
49232,10
49244,49
49277,216
49360,11
49434,8
49438,29
49443,23
49511,6
49522,10
49586,6
49623,14
49653,14
49677,6
49718,5
49743,7
49768,8
49794,32
49943,412
49954,20
50001,42
50066,32
50139,17
50142,133
50159,11
50179,6
50213,6
50247,6
50260,6
50294,11
50336,6
50341,7
50370,19
50374,6
50402,193
50434,51
50472,6
50573,9
50575,14
50591,5
50669,10
50676,10
50703,8
50741,11
50762,9
50778,6
50779,6
50805,8
50836,12
50845,7
50873,28
50874,9
50915,5
50925,8
51001,29
51025,12
51039,10
51044,15
51066,10
51088,36
51117,6
51136,7
51190,7
51199,29
51283,8
51314,659
51335,8
51337,6
51350,9
51374,6
51375,22
51383,6
51402,6
51421,6
51436,5
51441,27
51469,13
51522,14
51528,76
51550,52
51584,7
51635,8
51643,6
51644,13
51646,7
51671,12
51715,18
51876,18
51886,13
51949,10
51977,6
52027,10
52029,9
52053,13
52085,9
52086,7
52122,17
52165,6
52170,19
52185,11
52207,313
52388,12
52467,13
52580,6
52599,20
52603,11
52614,6
52724,9
52732,6
52735,6
52787,20
52815,5
52833,9
52858,10
52874,16
52887,13
52899,13
52920,9
52923,7
52958,11
52989,15
53036,9
53079,18
53126,8
53135,8
53149,6
53160,8
53170,27
53209,6
53214,31
53251,33
53261,8
53280,10
53393,15
53459,22
53505,7
53519,10
53537,6
53543,6
53550,17
53588,7
53597,20
53819,160
53820,11
53857,7
53965,12
53996,6
54010,227
54054,5
54061,7
54063,163
54113,9
54134,10
54203,15
54206,8
54271,103
54277,9
54297,24
54373,7
54382,131
54407,6
54442,5
54460,6
54564,7
54606,22
54607,6
54653,7
54699,10
54705,6
54727,6
54735,28
54754,6
54770,6
54784,7
54788,9
54794,6
54816,8
54842,8
54865,12
54883,10
54908,11
54917,13
54968,5
54984,207
55025,7
55031,5
55042,38
55067,6
55068,94
55087,21
55106,6
55222,23
55243,8
55290,22
55327,10
55391,7
55470,17
55512,6
55525,6
55540,9
55578,43
55607,8
55636,108
55741,7
55750,9
55776,613
55826,8
55865,6
55882,7
55897,6
55964,11
55984,8
55994,19
55995,8
56026,104
56170,51
56179,33
56189,6
56226,6
56278,29
56295,7
56334,29
56367,5
56371,9
56382,6
56391,22
56410,5
56418,13
56431,10
56450,6
56500,10
56502,325
56524,5
56529,10
56540,17
56557,146
56641,8
56662,22
56688,5
56690,28
56734,24
56740,10
56744,6
56777,31
56791,12
56970,6
57089,9
57143,28
57150,7
57165,17
57166,5
57167,62
57175,9
57178,49
57207,9
57256,5
57270,13
57282,9
57301,6
57305,21
57334,13
57335,27
57411,8
57443,7
57457,5
57540,11
57598,13
57614,9
57616,54
57683,5
57725,20
57771,6
57802,5
57811,16
57855,7
57891,13
58025,5
58029,5
58032,23
58063,23
58091,6
58117,93
58119,5
58121,106
58142,71
58147,26
58182,8
58275,26
58285,22
58304,13
58377,8
58378,6
58402,7
58414,5
58416,6
58432,7
58459,28
58488,5
58500,20
58517,7
58531,5
58535,7
58555,74
58564,10
58566,12
58577,6
58587,8
58593,6
58599,6
58627,5
58629,6
58692,38
58766,5
58859,16
58879,9
58923,12
58979,6
59012,9
59032,42
59053,21
59081,6
59157,10
59170,15
59231,54
59250,5
59275,6
59334,5
59366,34
59452,8
59531,6
59559,11
59580,5
59633,39
59649,804
59666,7
59725,6
59728,11
59732,6
59746,7
59756,82
59772,34
59842,7
59846,6
59858,10
59871,6
59904,6
59914,83
59934,12
60014,9
60045,6
60059,5
60079,21
60147,12
60156,18
60209,7
60237,7
60264,8
60270,5
60284,7
60288,10
60337,6
60361,21
60386,9
60404,41
60459,16
60468,10
60514,6
60526,10
60532,9
60669,7
60725,6
60731,52
60733,12
60737,9
60778,9
60805,12
60837,18
60882,6
60894,5
60924,6
60944,6
60965,6
60973,10
61014,8
61040,20
61074,6
61098,13
61108,6
61135,13
61275,12
61315,9
61323,96
61363,7
61427,28
61457,23
61505,7
61531,14
61537,13
61558,38
61579,8
61606,61
61639,6
61649,7
61650,105
61709,18
61771,5
61903,9
61911,6
61954,8
61960,6
61964,40
62082,5
62212,5
62227,46
62274,6
62282,7
62311,7
62317,10
62384,10
62390,10
62406,15
62436,24
62465,5
62511,9
62573,5
62596,9
62652,9
62678,5
62689,15
62696,12
62708,82
62715,20
62733,6
62736,6
62738,32
62758,15
62769,15
62770,61
62775,19
62812,9
62830,7
62831,8
62855,88
62877,7
62901,6
62927,7
63100,15
63141,27
63160,6
63200,9
63222,14
63244,5
63269,7
63274,7
63284,6
63320,8
63341,9
63355,18
63368,9
63372,6
63385,22
63389,5
63412,8
63462,7
63466,19
63469,6
63475,8
63505,14
63518,12
63519,6
63537,36
63548,15
63549,23
63551,7
63579,6
63588,11
63621,10
63710,18
63715,8
63738,41
63802,6
63895,6
63923,9
63947,9
63951,12
63962,9
64005,7
64006,11
64042,83
64053,51
64096,8
64157,173
64158,37
64175,7
64383,6
64403,6
64414,19
64417,10
64442,34
64594,25
64617,5
64628,31
64649,7
64657,10
64684,5
64696,17
64716,40
64731,27
64812,9
64839,10
64871,27
64931,6
64941,6
64955,14
65010,56
65073,10
65088,17
65114,6
65124,7
65130,8
65134,43
65163,6
65220,10
65262,20
65290,6
65309,7
65371,13
65402,17
65427,9
65437,241
65490,5
65491,11
65511,41
65584,9
65594,9
65614,28
65616,7
65623,7
65723,9
65732,6
65762,8
65801,8
65835,8
65842,6
65917,50
65928,9
65971,23
65972,15
65990,50
66071,14
66083,11
66096,6
66117,9
66164,6
66225,6
66231,6
66277,16
66298,7
66327,168
66362,7
66421,9
66427,27
66448,5
66472,6
66499,19
66536,21
66538,121
66548,9
66620,6
66633,25
66647,5
66657,607
66661,6
66763,33
66820,9
66906,5
67006,6
67009,42
67036,7
67077,6
67099,7
67131,14
67138,6
67146,26
67174,6
67177,98
67218,133
67249,11
67251,7
67278,5
67301,33
67317,42
67342,5
67352,11
67413,12
67454,14
67457,6
67470,11
67561,20
67606,5
67613,8
67662,8
67692,14
67697,12
67763,6
67783,38
67789,17
67790,6
67813,7
67814,18
67894,6
67899,24
67918,27
67921,11
67929,97
67972,7
68004,5
68063,7
68149,6
68219,7
68249,20
68268,32
68291,6
68331,38
68402,16
68433,9
68434,35
68466,5
68479,5
68519,275
68525,5
68554,6
68558,8
68563,8
68577,9
68593,29
68625,7
68634,6
68692,46
68693,11
68738,7
68816,18
68850,6
68853,7
68857,10
68871,7
68894,8
68895,18
68941,7
68945,6
68963,13
68975,6
68997,5
69018,8
69026,34
69098,7
69132,7
69135,9
69169,6
69223,11
69250,10
69286,6
69287,5
69299,8
69306,18
69334,7
69391,8
69421,5
69429,40
69437,6
69467,11
69480,13
69481,5
69493,19
69520,27
69557,7
69574,12
69580,7
69591,32
69681,7
69684,22
69696,37
69861,6
69872,6
69874,6
69925,9
69960,8
70006,6
70012,7
70030,23
70037,6
70051,6
70065,12
70082,12
70122,6
70123,7
70134,8
70184,32
70187,6
70219,9
70246,59
70273,7
70274,6
70283,10
70359,56
70414,5
70466,5
70535,7
70554,5
70607,6
70612,49
70672,7
70679,240
70687,7
70799,5
70845,7
70895,5
71002,5
71106,20
71200,148
71333,9
71415,7
71451,46
71462,63
71466,11
71490,6
71543,729
71557,8
71561,41
71576,7
71639,32
71688,7
71765,8
71787,6
71791,6
71868,12
71895,61
72010,5
72105,12
72120,6
72128,6
72165,11
72170,5
72220,13
72230,10
72272,12
72299,25
72353,12
72355,9
72395,6
72406,10
72593,12
72594,6
72623,27
72632,6
72635,6
72674,16
72732,7
72746,13
72805,6
72841,6
72858,205
72866,8
72952,6
72974,20
73004,15
73007,11
73129,17
73157,6
73159,34
73202,24
73217,5
73248,7
73284,11
73309,17
73333,24
73490,9
73513,6
73527,5
73529,24
73550,8
73564,5
73579,5
73680,6
73704,15
73836,33
73854,5
73873,11
73923,12
73963,6
73974,102
74001,14
74044,6
74111,7
74120,12
74248,11
74254,10
74288,6
74297,15
74320,12
74333,69
74361,8
74409,49
74425,23
74445,16
74446,10
74468,7
74475,29
74489,11
74510,15
74575,7
74594,11
74601,5
74680,25
74706,7
74715,13
74746,14
74754,17
74800,11
74817,15
74819,9
74835,13
74845,7
74918,32
74931,8
74937,10
74982,15
74984,7
74985,11
74998,5
75007,10
75092,6
75101,6
75134,9
75162,24
75174,7
75224,33
75249,12
75267,6
75537,14
75631,175
75635,7
75644,6
75675,7
75735,58
75833,13
75885,11
75895,13
76004,9
76011,12
76084,6
76089,9
76092,6
76138,12
76144,6
76270,19
76309,5
76348,71
76359,20
76371,10
76414,10
76500,52
76524,40
76549,5
76554,15
76574,5
76607,35
76645,6
76656,6
76700,13
76743,19
76846,6
76904,11
76913,41
76922,29
76954,134
76984,6
76990,5
77000,6
77031,9
77057,50
77065,309
77102,6
77104,31
77126,10
77132,7
77188,47
77189,17
77269,17
77275,10
77320,9
77332,12
77403,5
77424,8
77425,7
77438,9
77449,6
77453,25
77489,10
77507,18
77577,10
77588,19
77595,5
77608,7
77700,6
77702,7
77745,7
77746,7
77759,7
77763,9
77785,46
77799,13
77877,6
77881,42
77884,11
77904,9
77908,7
77938,6
77967,8
77988,6
78013,10
78014,198
78031,6
78059,5
78088,7
78149,6
78155,9
78159,8
78166,50
78177,21
78189,6
78196,8
78247,7
78295,11
78364,7
78371,70
78404,30
78469,9
78479,28
78481,13
78494,7
78506,5
78518,20
78523,10
78577,18
78579,7
78600,5
78602,8
78661,15
78666,10
78671,12
78695,12
78753,8
78834,6
78835,5
78861,20
78930,6
78931,26
78939,12
78945,45
78986,6
78998,17
79014,27
79038,5
79070,11
79079,7
79089,19
79091,6
79163,10
79171,7
79180,14
79243,44
79266,5
79336,6
79353,9
79379,6
79442,100
79445,10
79448,36
79452,6
79453,23
79462,7
79505,169
79522,7
79523,7
79536,8
79557,14
79576,29
79580,5
79615,10
79648,5
79720,13
79753,28
79798,7
79806,8
79807,6
79810,72
79831,19
79850,14
79964,7
79990,46
79998,7
80030,60
80032,10
80074,36
80114,9
80136,19
80156,5
80253,6
80259,25
80262,14
80265,7
80298,17
80302,9
80341,6
80420,5
80425,6
80426,21
80438,35
80439,12
80480,16
80503,8
80518,124
80551,7
80575,67
80579,6
80701,7
80713,6
80744,5
80829,15
80834,8
80911,5
80931,8
80935,10
80998,10
81105,10
81122,6
81129,9
81147,7
81170,8
81181,8
81184,6
81242,7
81248,5
81328,13
81341,13
81376,6
81445,6
81505,17
81518,7
81529,8
81530,23
81594,6
81607,7
81616,67
81621,238
81646,9
81740,10
81830,12
81854,14
81884,11
81896,6
81899,11
81901,7
81909,12
81912,6
81968,28
81974,15
82055,7
82093,9
82101,8
82102,8
82121,264
82128,6
82175,41
82191,10
82296,9
82308,8
82314,6
82370,16
82373,7
82375,8
82382,6
82394,11
82404,6
82421,117
82450,8
82491,71
82522,8
82537,7
82542,5
82568,5
82592,6
82630,10
82681,6
82691,6
82799,5
82800,9
82838,8
82839,21
82871,66
82879,30
82980,6
82985,10
82988,19
83043,105
83051,13
83071,9
83088,6
83109,18
83157,5
83167,14
83214,6
83221,9
83222,8
83230,58
83291,45
83327,7
83335,9
83388,20
83413,7
83445,18
83507,32
83508,6
83511,14
83533,23
83545,6
83611,6
83614,16
83645,11
83648,24
83656,11
83672,5
83734,12
83744,6
83845,20
83862,5
83956,25
83975,6
84011,8
84024,6
84047,29
84048,39
84049,24
84061,12
84069,18
84079,123
84091,9
84124,9
84155,11
84159,9
84230,13
84257,61
84272,25
84280,17
84288,21
84304,6
84321,10
84346,12
84443,39
84508,1085
84509,10
84673,13
84674,6
84742,18
84748,9
84806,66
84888,6
84922,7
84940,6
84951,94
84957,6
85006,32
85016,10
85033,6
85044,14
85077,6
85153,38
85197,7
85211,6
85220,8
85280,8
85294,11
85298,24
85355,13
85366,6
85412,12
85492,24
85519,64
85549,8
85571,6
85584,6
85595,8
85637,17
85708,8
85780,6
85816,5
85829,6
85836,6
85911,16
85915,19
85927,34
85942,5
85943,6
85974,98
85988,6
86021,41
86024,5
86056,111
86087,9
86089,24
86101,11
86121,87
86186,13
86195,10
86199,8
86204,6
86266,8
86267,6
86287,9
86343,43
86353,8
86361,32
86394,7
86405,5
86423,8
86428,8
86462,46
86547,8
86627,20
86628,1031
86629,7
86641,29
86673,34
86679,17
86703,5
86722,7
86748,37
86787,6
86791,6
86850,14
86890,6
86925,5
86956,12
86968,6
86974,7
86975,6
86998,6
87012,10
87114,13
87131,5
87143,56
87146,54
87156,6
87157,8
87165,12
87182,9
87196,55
87272,6
87304,5
87335,6
87342,31
87350,17
87356,6
87373,18
87388,6
87406,8
87418,6
87422,5
87449,6
87459,10
87497,10
87516,9
87598,7
87629,6
87660,13
87662,8
87744,46
87745,5
87820,7
87868,23
87915,13
87929,14
87967,9
87984,5
88035,12
88071,5
88184,34
88229,11
88244,7
88261,12
88304,5
88321,11
88333,11
88385,6
88397,12
88432,6
88459,7
88478,5
88514,6
88588,7
88591,10
88608,8
88618,12
88633,9
88681,6
88683,59
88695,27
88839,8
88873,136
88879,6
88885,7
88964,7
88975,7
89100,17
89107,6
89158,5
89169,8
89170,6
89201,9
89239,51
89240,5
89250,6
89272,879
89288,8
89309,17
89318,8
89346,8
89352,30
89396,50
89506,85
89655,7
89662,11
89669,11
89717,7
89744,9
89758,8
89779,5
89863,7
89896,7
89913,6
89931,10
89937,8
90029,10
90048,6
90071,12
90097,8
90107,11
90118,6
90142,26
90152,6
90188,21
90202,261
90227,5
90242,180
90248,15
90328,167
90334,6
90359,5
90376,14
90394,9
90415,16
90501,7
90528,5
90540,47
90577,8
90580,24
90588,10
90596,7
90669,11
90679,15
90701,9
90711,88
90721,17
90746,6
90757,5
90830,54
90846,6
90853,7
90935,23
90980,6
91005,258
91009,257
91042,8
91047,5
91076,6
91116,9
91200,9
91202,32
91220,6
91228,11
91259,20
91264,5
91285,17
91320,6
91336,9
91337,9
91339,28
91406,6
91417,58
91425,56
91451,22
91454,8
91466,15
91483,11
91500,6
91506,6
91601,28
91613,5
91617,27
91618,6
91628,8
91639,9
91643,5
91650,5
91701,7
91709,10
91731,7
91734,27
91760,12
91784,8
91793,8
91835,7
91836,126
91839,9
91862,6
91887,28
91890,7
91907,10
91912,12
91930,10
91931,45
91993,66
92041,15
92042,6
92049,10
92059,9
92060,11
92088,8
92155,13
92257,7
92258,6
92288,15
92298,6
92330,9
92335,18
92339,5
92368,10
92458,6
92487,29
92500,5
92519,7
92548,10
92587,11
92625,15
92645,8
92677,13
92708,8
92752,11
92765,16
92808,8
92823,5
92833,8
92836,5
92858,7
92859,27
92888,22
92895,8
92940,42
92986,15
92991,22
93012,9
93027,6
93038,5
93049,81
93078,9
93117,6
93211,8
93219,7
93221,23
93269,10
93309,6
93322,10
93392,7
93393,6
93408,17
93438,18
93467,354
93493,6
93514,281
93608,7
93623,15
93624,17
93639,7
93701,21
93703,7
93714,25
93753,6
93790,17
93798,10
93805,7
93819,10
93840,20
93894,33
93898,23
93938,40
93957,6
93991,6
94016,11
94084,13
94100,7
94118,11
94157,14
94191,7
94232,5
94298,22
94329,6
94345,9
94449,38
94488,49
94489,6
94508,16
94518,11
94536,9
94537,9
94605,7
94606,23
94657,36
94658,9
94710,6
94721,8
94751,14
94793,6
94805,28
94815,16
94831,12
94838,6
94882,17
94912,327
95034,8
95053,12
95101,11
95111,8
95127,5
95130,5
95139,61
95167,8
95191,6
95196,7
95204,18
95213,19
95232,8
95234,7
95250,14
95251,9
95264,7
95266,6
95270,6
95295,7
95298,7
95306,21
95325,16
95334,30
95359,7
95385,6
95593,7
95632,10
95645,10
95730,10
95734,6
95743,13
95753,15
95759,5
95791,16
95815,5
95828,76
95839,8
95904,17
95948,7
95953,59
95956,7
95979,6
96075,6
96082,44
96108,21
96204,7
96237,10
96242,44
96246,67
96286,6
96288,17
96343,9
96345,7
96347,11
96353,8
96398,6
96417,13
96429,7
96504,6
96592,10
96633,9
96635,5
96636,73
96699,5
96769,15
96792,7
96859,12
96893,6
96894,21
96910,7
96928,7
96936,6
96940,6
96941,11
96978,7
96979,6
96989,1035
96994,5
96997,5
97006,51
97026,5
97043,18
97055,5
97062,6
97067,7
97069,16
97103,6
97106,6
97111,9
97135,8
97152,17
97172,20
97196,12
97241,14
97265,7
97266,8
97274,11
97283,6
97295,7
97317,31
97343,16
97349,6
97364,10
97376,6
97415,9
97450,8
97493,31
97504,6
97509,13
97528,33
97532,6
97567,7
97578,9
97613,15
97674,12
97689,6
97729,18
97755,6
97854,6
97858,20
97967,8
97988,86
98016,9
98023,23
98048,6
98067,23
98076,14
98098,12
98135,13
98189,6
98195,6
98231,7
98248,9
98262,7
98281,5
98282,47
98322,10
98323,8
98350,33
98367,86
98399,5
98424,7
98451,232
98478,137
98620,9
98645,21
98656,9
98669,6
98725,13
98811,8
98823,9
98877,5
98972,6
98984,34
98998,6
99048,5
99139,11
99152,9
99234,6
99306,6
99327,29
99334,35
99336,6
99352,12
99358,17
99394,6
99425,5
99449,6
99462,14
99515,9
99530,10
99608,9
99612,7
99626,40
99630,17
99656,10
99672,6
99769,14
99801,5
99832,9
99873,48
99997,5
100006,7
100050,107
100088,10
100105,43
100114,20
100180,5
100194,11
100237,5
100246,37
100262,38
100322,28
100457,5
100493,6
100549,6
100565,6
100582,15
100644,13
100648,9
100658,9
100690,10
100708,403
100791,12
100815,28
100820,91
100836,9
100855,7
100893,8
100913,6
100957,17
100959,24
100964,5
100966,7
100969,15
100972,6
100988,8
100990,10
101077,7
101083,8
101106,8
101123,6
101147,16
101205,5
101212,9
101254,166
101274,36
101275,16
101319,32
101380,6
101397,8
101402,30
101403,8
101458,11
101461,17
101487,92
101516,10
101519,16
101534,27
101590,6
101594,39
101632,7
101635,9
101640,7
101641,10
101663,5
101674,6
101705,121
101731,440
101736,6
101749,97
101779,7
101796,12
101820,19
101842,837
101844,12
101849,14
101851,7
102029,9
102077,53
102102,33
102141,9
102155,27
102157,17
102160,134
102166,9
102173,7
102219,40
102229,15
102248,10
102258,54
102323,19
102364,6
102380,19
102460,5
102479,13
102480,6
102517,6
102639,29
102640,5
102641,44
102713,225
102733,93
102734,11
102759,5
102773,5
102790,15
102845,14
102861,7
102874,14
102903,10
102913,6
102916,8
102937,7
102940,6
102967,13
102988,20
103064,1632
103067,9
103104,21
103133,6
103186,7
103191,23
103201,5
103207,12
103230,24
103259,97
103263,8
103275,13
103296,11
103523,6
103566,5
103651,6
103662,6
103681,8
103722,47
103796,7
103808,24
103814,22
103832,21
103835,13
103848,9
103887,17
103942,14
103943,6
103972,5
103996,9
104032,20
104127,7
104212,38
104220,26
104235,15
104321,14
104373,10
104452,16
104519,7
104536,6
104555,19
104564,9
104593,108
104623,8
104690,63
104703,6
104744,6
104789,224
104798,22
104837,7
104838,54
104839,10
104920,22
104922,9
104941,9
104956,8
104961,9
105009,23
105018,6
105056,5
105102,41
105115,10
105126,5
105147,7
105155,5
105176,7
105186,40
105233,6
105285,10
105318,13
105438,6
105451,7
105469,7
105474,5
105588,11
105657,14
105670,8
105671,63
105742,9
105772,7
105786,16
105885,9
105935,5
105939,18
105949,15
105980,5
105997,8
106076,7
106079,6
106109,12
106130,21
106136,11
106148,9
106162,8
106196,11
106208,19
106263,66
106274,12
106322,7
106342,6
106345,10
106363,16
106399,7
106402,6
106431,27
106484,9
106513,11
106521,14
106527,9
106538,14
106586,6
106637,23
106924,8
106957,6
106998,7
107003,113
107100,20
107139,6
107153,9
107222,217
107234,9
107249,9
107286,6
107291,13
107329,19
107332,7
107333,8
107353,26
107437,12
107438,7
107450,6
107459,43
107488,22
107536,8
107540,17
107568,6
107593,29
107594,41
107599,7
107606,196
107609,14
107622,20
107632,17
107648,7
107660,14
107678,5
107747,6
107812,23
107831,14
107885,11
107940,6
107941,6
108013,8
108067,11
108077,14
108089,6
108098,6
108154,10
108195,12
108260,32
108276,6
108278,20
108300,107
108344,29
108390,16
108396,8
108403,192
108473,11
108507,7
108511,12
108533,14
108544,11
108567,7
108589,7
108614,29
108632,6
108691,15
108730,8
108778,13
108780,9
108803,7
108811,5
108812,5
108819,6
108821,60
108828,8
108895,5
108915,6
108919,7
108934,31
108940,8
108988,23
109006,48
109009,16
109019,10
109065,5
109077,72
109080,21
109156,9
109179,6
109211,5
109218,8
109242,6
109266,11
109282,54
109293,9
109310,23
109312,9
109374,234
109441,7
109443,6
109484,37
109509,6
109565,9
109592,37
109610,8
109611,12
109659,7
109690,6
109747,7
109851,16
109885,5
109944,43
109973,5
109984,8
110136,10
110165,23
110177,9
110236,8
110237,32
110265,5
110308,20
110363,6
110394,29
110460,22
110482,50
110516,7
110525,10
110538,7
110552,8
110570,24
110623,24
110637,6
110721,6
110764,9
110771,11
110809,6
110835,6
110841,6
110865,13
110868,28
110882,7
110943,8
110944,15
110994,10
111013,6
111019,8
111042,14
111100,12
111103,557
111123,10
111220,14
111234,6
111241,8
111243,6
111274,8
111295,6
111300,8
111327,8
111334,7
111337,8
111345,10
111346,10
111353,6
111366,5
111427,9
111430,73
111433,46
111454,6
111470,6
111496,7
111520,11
111526,8
111528,29
111554,10
111564,133
111572,8
111631,6
111674,6
111712,8
111759,8
111809,12
111885,5
111889,14
111897,16
111930,8
111966,8
111998,7
112014,8
112018,7
112049,8
112060,8
112080,7
112097,40
112123,7
112126,6
112177,18
112243,8
112308,5
112381,6
112389,24
112443,6
112471,5
112481,64
112488,6
112489,5
112498,6
112614,23
112629,30
112647,16
112650,5
112662,13
112663,5
112769,34
112777,7
112804,27
112805,8
112815,6
112828,6
112842,66
112931,26
112986,7
113000,38
113006,15
113025,14
113166,5
113233,9
113251,10
113281,15
113293,7
113304,5
113344,10
113360,7
113400,6
113408,8
113426,7
113427,11
113525,6
113603,20
113605,19
113615,22
113657,12
113668,23
113725,8
113754,9
113767,5
113799,8
113807,26
113818,9
113831,7
113838,6
113844,6
113912,43
113969,7
113971,6
114028,8
114088,8
114106,22
114142,11
114154,14
114339,30
114361,6
114390,8
114399,8
114415,10
114499,7
114500,7
114531,13
114543,6
114654,5
114657,20
114705,94
114713,14
114714,23
114772,97
114813,5
114826,46
114859,9
114915,13
114986,12
115054,20
115099,15
115212,7
115277,9
115285,8
115291,10
115367,6
115394,6
115426,36
115428,9
115467,14
115504,14
115520,5
115555,7
115582,6
115598,6
115669,9
115686,6
115702,13
115713,9
115718,16
115738,14
115740,58
115761,9
115769,13
115811,10
115849,61
115886,6
115927,9
115930,7
115939,5
115972,6
115992,10
116020,18
116028,10
116031,43
116041,44
116096,7
116097,28
116232,46
116234,9
116263,64
116278,14
116308,28
116349,5
116363,6
116373,17
116374,6
116406,35
116409,9
116440,60
116519,10
116599,7
116674,10
116745,9
116790,11
116863,13
116880,11
116881,11
116911,27
116918,8
116925,6
116982,6
116995,10
116999,11
117116,6
117214,6
117297,7
117300,13
117303,5
117328,6
117348,11
117358,6
117371,7
117375,65
117406,8
117429,6
117441,11
117447,13
117469,28
117507,8
117509,10
117553,6
117554,12
117616,8
117643,6
117663,12
117667,9
117729,5
117779,6
117793,6
117856,6
117860,8
117894,81
117906,10
117916,11
117974,20
118002,8
118026,6
118038,14
118115,5
118124,9
118148,6
118151,11
118156,11
118185,15
118237,73
118238,9
118277,6
118313,8
118391,7
118407,5
118426,6
118429,6
118447,6
118462,11
118495,5
118503,8
118541,6
118564,7
118617,19
118631,46
118737,7
118749,113
118771,7
118782,8
118816,8
118918,21
118979,6
119024,11
119030,8
119084,8
119092,13
119093,9
119114,11
119128,13
119132,69
119161,18
119183,6
119193,7
119289,21
119315,47
119334,5
119337,6
119377,13
119441,7
119452,19
119556,13
119628,58
119637,9
119734,7
119754,5
119761,6
119787,8
119850,5
119864,6
119881,10
119886,14
119975,10
120062,6
120081,9
120095,5
120115,7
120124,8
120133,9
120155,24
120214,11
120239,5
120276,5
120303,15
120340,85
120344,6
120366,7
120394,17
120424,5
120431,10
120433,40
120450,6
120460,5
120486,5
120523,8
120541,21
120620,8
120741,5
120751,9
120781,3193
120815,10
120874,9
121038,15
121048,10
121129,95
121138,6
121143,35
121169,6
121212,6
121224,10
121260,10
121291,6
121330,8
121375,20
121479,6
121543,9
121648,25
121704,7
121705,14
121763,23
121775,6
121865,8
121899,20
121947,15
121965,11
121967,14
122017,10
122060,32
122077,6
122098,28
122111,9
122134,19
122160,5
122257,6
122267,299
122324,7
122338,7
122375,19
122465,6
122477,8
122481,13
122593,6
122603,24
122650,7
122662,38
122684,13
122710,6
122758,6
122770,10
122816,10
122824,11
122846,17
122871,6
122883,11
122934,19
122968,6
122970,14
123015,16
123037,47
123094,6
123104,9
123139,5
123174,11
123232,98
123236,14
123257,45
123280,52
123298,6
123352,15
123398,8
123424,8
123461,8
123463,5
123505,7
123526,5
123602,22
123604,7
123606,8
123615,27
123663,6
123688,8
123758,6
123759,16
123774,20
123796,9
123805,8
123814,6
123818,6
123828,12
123834,9
123839,17
123856,13
124050,10
124075,9
124088,24
124173,38
124201,8
124222,11
124223,7
124261,8
124289,16
124313,5
124343,15
124351,7
124369,21
124410,8
124429,196
124497,11
124545,7
124556,6
124589,65
124615,15
124652,7
124775,7
124777,160
124782,38
124838,15
124851,22
124887,9
124995,7
125000,10
125057,11
125102,9
125153,6
125155,52
125165,7
125196,12
125209,6
125227,7
125262,1063
125298,10
125307,14
125377,34
125391,7
125452,10
125460,18
125504,6
125516,15
125528,7
125536,7
125553,7
125591,6
125651,106
125655,7
125674,7
125719,10
125732,12
125742,10
125772,10
125807,12
125873,10
125876,14
125895,12
125902,6
125903,13
125984,7
126087,16
126110,6
126203,7
126217,11
126243,72
126254,7
126317,21
126349,7
126387,232
126393,11
126397,31
126440,13
126454,13
126463,5
126464,17
126468,7
126473,7
126492,6
126505,6
126530,6
126553,38
126554,13
126559,5
126573,133
126586,5
126626,6
126631,7
126640,6
126660,5
126674,9
126692,11
126694,5
126841,11
126850,7
126863,14
126900,8
126969,6
126973,8
127008,18
127010,12
127049,76
127051,52
127069,6
127104,18
127129,6
127152,6
127158,19
127163,6
127188,8
127208,15
127279,7
127306,7
127323,60
127331,19
127356,42
127366,6
127384,18
127449,25
127452,37
127460,84
127463,19
127476,9
127479,17
127514,27
127565,25
127585,6
127592,17
127598,21
127619,108
127655,6
127660,25
127712,6
127740,15
127755,16
127797,44
127799,6
127848,6
127889,17
127907,8
127961,14
127967,6
127973,16
127997,36
128017,10
128047,6
128102,6
128117,23
128196,6
128199,19
128206,5
128240,16
128276,12
128290,281
128297,7
128344,6
128434,13
128435,23
128517,8
128583,6
128586,10
128612,6
128652,5
128679,12
128742,12
128774,54
128789,6
128798,9
128800,17
128868,6
128887,7
128991,14
128997,56
129079,35
129118,27
129135,6
129143,14
129146,5
129148,10
129264,5
129320,5
129325,12
129415,15
129476,55
129489,6
129495,7
129506,6
129562,11
129614,278
129740,18
129778,57
129800,6
129851,25
129861,12
129921,29
129923,21
129974,5
129979,15
129982,52
129989,10
130010,7
130013,6
130022,11
130026,67
130038,9
130074,8
130080,51
130106,5
130159,5
130224,24
130238,5
130280,11
130310,5
130319,29
130348,29
130356,20
130372,6
130449,28
130455,9
130526,14
130560,90
130580,7
130588,12
130647,6
130678,12
130681,14
130720,6
130724,15
130726,10
130758,7
130797,9
130811,5
130835,9
130879,11
130898,472
130899,5
130955,8
131059,7
131062,12
131110,5
131127,7
131155,15
131213,6
131282,19
131304,17
131395,36
131426,9
131521,15
131536,14
131541,13
131551,29
131613,187
131620,308
131648,20
131656,16
131719,26
131750,9
131839,56
131845,25
131859,78
131867,20
131919,10
131974,128
132053,8
132142,9
132149,5
132259,16
132261,22
132313,27
132320,11
132346,16
132423,25
132431,6
132432,41
132435,5
132462,12
132464,7
132473,5
132489,30
132507,6
132557,11
132558,5
132559,7
132561,27
132571,14
132604,6
132663,9
132683,9
132693,7
132708,39
132739,10
132788,37
132798,29
132837,24
132842,7
132853,30
132864,13
132878,26
132917,7
132961,5
132969,11
133011,11
133017,28
133028,23
133059,9
133135,13
133142,21
133193,6
133195,6
133229,11
133241,58
133314,13
133393,14
133395,12
133571,5
133621,13
133629,6
133632,6
133667,5
133747,6
133829,5
133840,6
133843,7
133858,14
133868,41
133882,14
133899,7
133926,13
133943,5
133989,17
134015,8
134023,86
134027,9
134071,47
134094,5
134102,6
134127,7
134132,6
134139,8
134146,5
134158,10
134259,5
134260,16
134271,9
134304,26
134363,10
134384,13
134412,28
134427,14
134459,9
134512,5
134534,16
134564,8
134582,31
134650,15
134655,8
134669,7
134695,11
134719,7
134720,16
134770,5
134844,16
134862,11
134882,23
134897,5
134899,6
134926,5
134928,47
134945,8
134980,40
135004,7
135017,8
135151,8
135152,1035
135158,34
135244,17
135271,6
135285,8
135324,8
135421,6
135470,49
135486,8
135513,5
135544,23
135625,10
135692,8
135716,9
135805,5
135841,36
135865,5
135928,85
135984,5
136029,7
136051,8
136088,5
136117,16
136142,8
136146,5
136182,20
136235,13
136313,9
136334,6
136343,10
136348,6
136364,16
136401,7
136402,12
136404,11
136498,7
136537,39
136580,21
136589,11
136646,8
136775,30
136898,61
136905,34
136930,7
137049,23
137134,15
137140,320
137166,15
137167,7
137168,13
137180,5
137191,7
137218,29
137224,5
137259,5
137260,6
137263,6
137295,8
137342,9
137368,8
137421,5
137437,6
137487,10
137495,11
137511,12
137526,33
137536,75
137614,20
137652,15
137667,13
137744,11
137748,6
137760,8
137765,5
137776,6
137802,9
137810,5
137820,7
137825,5
137850,12
137938,7
137942,18
137970,5
138022,11
138058,6
138081,8
138113,87
138114,6
138130,12
138162,6
138202,23
138204,11
138224,5
138255,9
138274,7
138281,10
138315,6
138332,11
138480,10
138501,6
138503,45
138523,51
138576,10
138596,15
138599,38
138643,92
138675,9
138705,5
138717,10
138780,8
138783,17
138802,7
138887,41
138889,57
138944,10
138976,27
138989,217
139006,17
139028,12
139044,13
139066,22
139086,9
139101,6
139127,130
139134,7
139167,6
139237,6
139281,5
139356,7
139367,47
139405,8
139454,13
139502,8
139615,9
139701,57
139725,48
139740,22
139771,6
139785,24
139793,6
139813,5
139818,7
139838,15
139872,10
139911,8
140048,7
140055,7
140077,15
140091,8
140126,52
140154,5
140157,67
140163,11
140224,6
140249,311
140315,21
140326,6
140330,31
140338,6
140348,16
140351,6
140369,22
140421,5
140450,9
140472,6
140492,5
140561,13
140575,8
140608,10
140609,14
140626,6
140667,7
140686,8
140691,68
140728,7
140757,52
140818,6
140854,11
140864,7
140879,8
140924,14
140953,6
140988,6
141048,12
141116,5
141121,8
141172,68
141202,6
141210,20
141211,6
141241,15
141247,5
141304,6
141319,10
141327,5
141333,10
141336,25
141412,27
141417,5
141433,14
141451,6
141545,9
141603,23
141692,16
141707,7
141779,7
141788,8
141853,85
141965,10
141971,5
142006,8
142014,7
142039,6
142062,8
142113,8
142132,5
142267,117
142285,9
142373,6
142395,30
142409,9
142410,8
142444,18
142446,7
142504,39
142606,12
142651,6
142785,5
142847,5
142848,44
142853,7
142858,34
142859,7
142869,6
142880,10
142886,14
142896,8
142910,41
142913,6
142940,17
142957,12
142972,6
143012,6
143049,16
143057,11
143061,22
143063,18
143116,7
143121,6
143129,7
143142,6
143331,8
143385,278
143403,11
143430,15
143665,9
143677,13
143685,6
143721,24
143748,23
143770,9
143799,7
143816,6
143822,27
143867,5
143929,22
143998,22
144007,21
144029,57
144040,14
144046,6
144089,7
144098,21
144102,290
144111,6
144127,23
144142,7
144187,8
144203,6
144207,39
144239,6
144240,15
144244,48
144278,6
144282,76
144310,8
144327,9
144348,7
144404,9
144432,12
144440,22
144454,27
144531,16
144619,10
144621,10
144686,5
144687,5
144751,7
144825,20
144853,8
144866,6
144924,13
144935,15
144959,7
144992,13
145074,5
145124,12
145149,5
145288,8
145311,10
145344,18
145346,6
145395,6
145405,8
145417,9
145426,7
145433,6
145451,15
145518,102
145531,41
145577,7
145594,10
145682,33
145713,10
145736,92
145755,11
145762,16
145774,8
145788,16
145800,8
145853,120
145863,83
145897,7
145908,7
145943,6
145959,15
145960,6
145974,9
145975,6
146003,8
146036,6
146071,9
146074,7
146190,8
146194,6
146199,11
146220,72
146235,5
146250,196
146264,6
146281,10
146283,6
146311,45
146363,22
146411,8
146460,53
146617,13
146672,6
146683,10
146732,17
146738,6
146775,24
146784,6
146862,5
146865,5
146890,22
146947,31
146952,44
146992,29
146999,22
147034,21
147082,8
147086,6
147098,11
147116,12
147123,7
147124,32
147128,5
147138,5
147161,9
147181,8
147193,20
147216,42
147261,304
147299,9
147347,6
147373,15
147387,6
147438,103
147477,8
147679,35
147681,18
147699,25
147747,6
147781,11
147782,14
147888,6
147901,31
147905,9
147919,25
147939,39
147946,6
147962,11
148036,7
148059,8
148060,20
148067,5
148098,8
148113,71
148173,13
148201,6
148253,8
148254,23
148281,14
148283,29
148332,81
148433,6
148472,8
148548,7
148561,14
148661,9
148666,16
148672,12
148682,18
148720,100
148736,7
148745,13
148752,6
148802,64
148815,61
148850,45
148882,7
148890,7
148979,7
149013,7
149073,7
149110,99
149116,77
149123,958
149128,10
149147,16
149155,5
149161,20
149178,5
149183,6
149190,8
149200,14
149229,786
149248,28
149281,8
149285,47
149288,6
149331,121
149332,29
149346,16
149366,7
149433,9
149449,38
149506,17
149566,7
149703,5
149712,16
149720,6
149732,6
149796,57
149829,7
149830,26
149832,6
149843,6
149846,5
149847,7
149885,7
149911,6
149912,8
149963,28
150004,6
150073,8
150100,9
150125,37
150148,5
150156,30
150197,10
150253,61
150259,8
150368,19
150379,8
150380,27
150404,10
150439,9
150466,6
150499,7
150511,30
150544,22
150618,7
150625,12
150646,115
150650,26
150657,62
150679,6
150685,105
150718,7
150766,7
150785,13
150786,11
150818,10
150823,19
150877,13
150896,7
150933,6
150952,7
151022,5
151041,25
151128,5
151162,11
151168,27
151186,47
151223,9
151231,15
151235,16
151252,59
151339,6
151350,54
151373,6
151407,1569
151437,7
151507,7
151510,19
151519,6
151586,5
151634,6
151701,7
151775,9
151797,8
151826,11
151858,6
151890,29
151897,9
151956,6
151984,7
152025,6
152029,9
152090,49
152138,6
152202,18
152238,9
152303,6
152352,8
152394,6
152407,6
152412,10
152422,12
152430,5
152438,8
152447,12
152453,6
152479,5
152582,16
152613,18
152644,16
152680,8
152682,6
152699,11
152701,6
152726,66
152740,7
152810,12
152819,9
152879,10
152891,39
152911,13
152918,6
152945,53
152947,11
152995,24
153057,11
153058,14
153085,6
153112,26
153122,22
153183,6
153279,21
153280,11
153302,12
153333,8
153344,8
153405,11
153436,7
153442,7
153448,5
153467,17
153472,7
153485,100
153490,6
153501,14
153565,6
153566,7
153597,8
153610,16
153633,25
153649,142
153665,32
153687,11
153719,22
153726,9
153792,6
153834,18
153871,7
153879,9
153888,10
153912,12
153915,6
153921,6
153937,11
153938,12
153949,7
153962,25
153963,34
153968,6
154036,24
154072,22
154190,9
154207,6
154219,64
154221,11
154234,19
154335,12
154390,20
154407,8
154409,6
154428,11
154448,208
154450,10
154455,7
154488,427
154511,36
154516,6
154521,6
154531,38
154538,7
154539,62
154568,10
154572,14
154600,11
154617,9
154618,6
154623,6
154669,6
154701,6
154750,5
154846,11
154850,8
154893,6
154897,6
154927,10
154961,9
154966,6
155024,10
155032,16
155048,9
155080,26
155081,7
155159,7
155233,5
155281,5
155302,30
155336,12
155359,10
155370,20
155385,10
155470,13
155486,6
155501,10
155505,17
155568,5
155659,24
155679,24
155700,14
155748,7
155805,5
155814,11
155837,118
155840,12
155875,9
155892,56
155965,21
155970,6
155988,31
155989,9
156051,6
156077,6
156081,304
156087,7
156115,9
156126,28
156137,7
156144,7
156167,19
156204,25
156233,6
156245,9
156248,5
156260,12
156282,14
156291,10
156331,19
156356,18
156368,5
156396,6
156503,21
156569,9
156582,46
156613,6
156682,20
156769,11
156844,19
156856,7
156862,8
156976,5
157016,105
157026,7
157083,6
157116,14
157156,9
157173,22
157188,6
157205,5
157262,6
157292,13
157329,11
157363,7
157413,7
157488,6
157516,51
157536,29
157570,7
157611,21
157612,15
157696,5
157697,13
157730,14
157767,7
157807,11
157822,8
157832,6
157845,6
157863,5
157869,45
157870,11
157896,6
157973,10
158004,10
158017,7
158051,6
158104,9
158105,14
158151,42
158157,6
158228,9
158351,6
158359,6
158373,25
158428,7
158440,11
158507,12
158542,26
158577,16
158591,37
158614,6
158624,10
158630,58
158641,10
158654,37
158662,7
158668,6
158735,10
158755,126
158890,6
159016,5
159026,12
159045,12
159062,59
159135,12
159137,6
159159,9
159161,12
159190,8
159206,11
159207,6
159224,16
159249,6
159253,7
159286,60
159329,11
159330,41
159335,13
159362,6
159365,5
159382,6
159418,382
159458,17
159464,5
159482,17
159503,26
159545,11
159569,6
159592,37
159722,7
159775,8
159820,6
159857,11
159867,9
159892,10
159988,28
159994,9
160018,5
160025,10
160036,6
160115,12
160116,5
160137,6
160203,64
160227,30
160237,10
160264,5
160274,8
160297,6
160298,8
160306,101
160350,22
160363,9
160398,43
160426,9
160427,6
160538,14
160545,12
160570,6
160578,5
160613,22
160634,12
160657,6
160671,20
160681,8
160693,14
160703,7
160714,22
160717,30
160730,10
160761,5
160833,299
160836,6
160844,9
160847,19
160887,6
160907,41
160916,7
160920,8
160932,40
160935,6
160944,15
160958,60
160963,26
160966,10
160967,8
160985,95
161024,35
161072,6
161105,35
161116,24
161128,9
161134,6
161152,7
161189,12
161218,31
161223,18
161236,8
161238,5
161256,6
161308,11
161343,7
161378,9
161395,15
161405,9
161408,25
161440,9
161452,6
161502,44
161550,9
161556,6
161567,6
161578,6
161618,9
161638,11
161714,5
161727,6
161735,13
161736,13
161779,12
161789,15
161791,6
161843,7
161898,6
161928,38
161952,29
162030,8
162031,93
162036,5
162046,870
162161,10
162182,39
162209,9
162217,6
162218,10
162228,17
162232,12
162297,6
162324,6
162332,1974
162348,40
162349,36
162350,11
162391,20
162430,8
162432,14
162450,11
162460,14
162461,23
162479,12
162497,41
162500,5
162576,20
162593,13
162616,9
162617,6
162659,22
162660,8
162732,7
162733,180
162736,5
162759,7
162771,5
162893,5
162908,6
162940,6
162978,58
162986,5
162993,8
163063,30
163095,33
163113,23
163117,10
163165,6
163182,9
163194,59
163226,7
163249,6
163289,6
163290,13
163318,18
163347,22
163357,9
163361,6
163371,103
163396,8
163444,6
163464,7
163483,14
163530,6
163534,6
163547,6
163586,6
163624,9
163625,27
163658,64
163664,8
163689,6
163702,10
163755,44
163758,11
163761,6
163791,8
163832,8
163857,9
163858,16
163897,13
163934,6
163957,6
164104,6
164115,12
164138,11
164166,5
164178,68
164179,12
164215,5
164262,131
164266,7
164267,8
164271,6
164285,46
164287,9
164302,14
164305,7
164317,8
164329,6
164332,8
164341,21
164342,5
164373,22
164376,12
164380,7
164476,48
164542,11
164555,6
164577,33
164598,9
164602,9
164603,14
164620,10
164653,6
164760,5
164815,7
164817,6
164828,8
164955,9
164978,5
165047,61
165051,24
165068,47
165070,13
165102,34
165114,6
165115,73
165146,15
165152,16
165209,8
165228,12
165242,10
165265,20
165303,20
165321,6
165396,8
165412,14
165415,8
165428,12
165436,5
165472,9
165474,27
165488,5
165505,8
165537,33
165575,5
165635,5
165650,9
165661,36
165662,15
165683,6
165737,11
165777,8
165794,12
165833,19
165897,6
165913,7
165932,10
165935,5
165946,8
166003,26
166012,16
166013,20
166042,12
166071,10
166076,6
166096,40
166104,35
166109,12
166165,8
166179,7
166187,10
166231,114
166263,30
166294,5
166356,13
166412,10
166429,7
166505,12
166507,28
166567,21
166568,6
166576,8
166577,7
166618,31
166647,6
166711,6
166713,26
166734,19
166775,14
166799,5
166808,13
166809,14
166829,9
166858,7
166913,7
166926,8
166942,8
166950,42
166956,62
166971,10
167019,6
167056,13
167119,13
167131,5
167170,8
167181,14
167218,6
167228,21
167319,6
167331,5
167367,15
167402,24
167419,6
167422,6
167423,11
167446,8
167555,6
167597,48
167624,20
167645,8
167685,9
167752,20
167753,15
167756,12
167793,12
167807,7
167841,11
167843,40
167845,6
167855,6
167933,17
167995,15
168018,27
168029,8
168049,8
168128,25
168134,10
168159,6
168185,10
168214,5
168219,6
168290,15
168308,6
168361,11
168380,8
168471,6
168504,10
168526,5
168543,7
168580,19
168600,72
168617,22
168630,10
168654,63
168678,6
168698,14
168746,10
168767,6
168776,6
168808,8
168810,7
168825,7
168826,9
168841,9
168853,13
168913,9
169012,19
169018,43
169037,8
169044,6
169065,23
169076,72
169109,57
169111,17
169112,20
169193,14
169197,7
169203,12
169208,16
169230,15
169301,6
169367,9
169373,6
169389,6
169463,6
169469,30
169536,22
169633,6
169668,27
169669,7
169703,120
169704,7
169731,12
169743,9
169747,8
169781,5
169784,8
169791,6
169822,18
169850,12
169852,12
169853,18
169872,9
169910,7
169934,11
169990,12
170060,97
170080,13
170087,8
170116,6
170131,6
170132,91
170190,48
170234,5
170295,13
170296,5
170344,22
170374,8
170390,16
170394,6
170461,7
170471,8
170475,13
170476,19
170520,15
170551,196
170560,33
170582,5
170623,47
170645,7
170649,7
170665,6
170694,6
170861,6
170877,29
170970,5
170979,36
171025,7
171048,10
171054,6
171061,24
171064,8
171083,7
171129,18
171169,394
171225,5
171234,99
171252,12
171300,138
171319,7
171375,6
171381,16
171394,27
171406,35
171416,16
171439,11
171494,5
171495,41
171500,18
171589,6
171665,11
171713,7
171717,12
171730,6
171779,5
171812,17
171835,5
171842,8
171877,6
171925,7
171928,19
172010,58
172038,21
172045,6
172096,9
172099,6
172116,12
172259,84
172261,13
172271,6
172281,16
172349,7
172350,21
172355,6
172381,79
172389,45
172425,7
172479,20
172507,5
172526,54
172528,13
172541,9
172556,5
172567,7
172607,71
172608,11
172613,10
172688,8
172734,6
172797,6
172846,11
172855,11
172974,9
172980,9
173002,10
173009,6
173025,8
173048,20
173135,14
173146,7
173166,6
173210,6
173224,10
173227,7
173248,6
173276,7
173320,7
173325,7
173327,5
173343,5
173349,9
173382,6
173389,5
173390,9
173398,7
173429,13
173441,31
173481,32
173484,68
173488,5
173496,8
173497,29
173530,15
173561,48
173722,42
173780,14
173841,7
173842,6
173854,38
173872,8
173936,13
173960,26
174027,9
174049,7
174186,9
174204,6
174211,6
174234,14
174259,16
174266,44
174336,63
174390,6
174391,8
174397,27
174438,16
174455,17
174457,77
174491,8
174512,14
174519,194
174528,16
174622,7
174717,11
174725,9
174734,6
174754,6
174780,13
174816,10
174856,9
174893,9
174913,388
174965,71
174991,6
174998,9
175049,6
175169,97
175188,7
175200,20
175276,7
175288,6
175289,11
175379,7
175410,6
175478,8
175514,33
175556,8
175581,7
175589,8
175635,8
175659,28
175723,20
175746,10
175755,15
175836,6
175889,8
175919,12
176025,10
176072,15
176074,7
176109,10
176171,8
176191,14
176205,14
176222,21
176226,12
176275,55
176402,6
176417,5
176431,5
176444,6
176460,5
176461,18
176463,18
176537,5
176545,7
176642,8
176791,34
176843,6
176877,6
176942,14
176963,29
176975,12
176980,7
177009,7
177047,8
177048,5
177132,5
177156,5
177170,12
177205,6
177284,5
177313,16
177317,9
177339,10
177368,11
177369,5
177434,8
177439,8
177441,6
177449,12
177480,11
177513,7
177539,11
177559,6
177572,14
177591,22
177608,32
177630,36
177651,6
177686,18
177702,8
177744,5
177745,18
177755,9
177778,47
177782,161
177801,6
177838,7
177861,106
177907,12
177910,5
178005,6
178064,6
178075,31
178086,8
178097,17
178108,92
178138,7
178220,52
178312,7
178329,11
178331,5
178342,10
178346,8
178377,35
178422,7
178457,8
178572,11
178587,6
178672,319
178697,7
178720,7
178749,6
178768,10
178876,97
178886,7
178887,81
178903,5
178924,6
178927,38
178938,28
179029,9
179071,69
179174,20
179265,11
179296,17
179393,12
179429,10
179467,6
179499,15
179502,6
179566,15
179567,6
179617,5
179623,6
179645,8
179703,6
179711,11
179735,9
179736,7
179743,7
179778,19
179780,6
179847,88
179916,7
179980,13
179998,13
180023,22
180080,13
180110,30
180180,7
180225,22
180298,30
180331,10
180448,8
180472,6
180476,32
180542,7
180642,7
180681,6
180685,10
180761,7
180826,7
180843,363
180967,7
180972,14
180973,20
181002,29
181032,8
181054,12
181094,13
181107,8
181135,6
181149,24
181180,9
181193,8
181224,9
181277,10
181305,19
181309,6
181364,32
181423,6
181426,67
181468,223
181526,43
181557,13
181586,9
181610,56
181633,35
181636,6
181651,5
181688,7
181689,18
181743,7
181744,10
181748,37
181761,67
181776,15
181780,12
181811,148
181834,9
181842,5
181857,6
181876,5
181904,7
181958,5
181997,34
182079,14
182088,9
182101,11
182112,10
182133,7
182146,6
182159,6
182197,6
182230,11
182237,17
182286,12
182339,10
182397,7
182411,61
182427,5
182431,7
182440,9
182445,7
182480,8
182496,6
182505,10
182568,90
182584,6
182604,7
182635,29
182676,6
182682,14
182699,6
182782,139
182793,14
182819,22
182853,6
182858,43
182916,8
182983,8
183014,7
183039,6
183053,6
183080,185
183100,11
183116,8
183119,11
183121,15
183160,10
183315,8
183322,5
183351,24
183407,7
183449,6
183497,12
183540,10
183592,30
183603,14
183700,22
183702,5
183709,8
183744,6
183758,370
183765,6
183771,6
183780,10
183844,43
183891,6
183915,12
183959,10
183997,12
184011,6
184014,23
184029,6
184085,8
184096,7
184102,38
184111,14
184156,11
184201,28
184205,35
184298,24
184318,16
184422,45
184429,14
184485,12
184487,15
184500,10
184575,10
184636,21
184648,13
184694,6
184722,3767
184735,14
184819,19
184855,507
184933,10
184935,8
184941,21
184943,60
184984,6
184997,6
185003,9
185005,17
185011,7
185033,15
185139,9
185181,7
185224,11
185290,7
185384,9
185424,7
185439,8
185459,16
185469,7
185568,24
185581,6
185622,6
185631,8
185668,5
185675,7
185679,18
185722,56
185738,7
185741,6
185749,8
185787,6
185809,10
185811,8
185837,11
185839,7
185857,99
185908,9
185914,6
185974,8
185975,8
185993,6
186038,7
186049,7
186057,25
186088,6
186100,6
186123,9
186126,18
186129,12
186148,23
186201,6
186220,6
186261,25
186306,13
186396,6
186408,6
186422,42
186424,7
186437,39
186451,8
186475,52
186480,14
186484,8
186485,47
186487,8
186515,6
186538,9
186540,7
186645,7
186700,49
186704,7
186714,25
186806,10
186809,21
186860,17
186892,72
186910,13
186935,8
186945,11
186977,33
186989,13
187074,6
187084,5
187113,6
187133,7
187195,7
187203,12
187241,736
187265,8
187306,166
187330,12
187364,15
187375,6
187400,7
187429,22
187468,12
187477,8
187478,6
187523,14
187545,20
187570,8
187682,12
187685,54
187713,14
187714,5
187722,132
187762,6
187788,9
187803,6
187829,16
187830,10
187839,20
187865,9
187869,40
187874,15
187902,45
187924,12
187925,8
187943,46
187950,6
187966,8
187979,15
188026,43
188097,18
188170,7
188171,6
188176,13
188209,6
188264,7
188277,7
188280,9
188299,8
188307,26
188346,6
188369,384
188379,5
188404,7
188480,18
188498,8
188534,9
188544,9
188559,151
188576,11
188599,23
188627,17
188650,8
188653,7
188705,10
188731,7
188742,15
188751,5
188770,7
188781,6
188796,7
188908,57
188926,5
189000,11
189003,6
189046,33
189064,68
189076,5
189089,7
189104,6
189130,5
189174,6
189231,5
189247,8
189310,11
189333,18
189339,19
189347,15
189391,9
189471,6
189473,10
189491,6
189508,19
189509,6
189519,9
189540,44
189546,8
189556,7
189564,18
189732,48
189785,38
189793,14
189807,17
189822,7
189860,11
189861,6
189881,5
189899,6
189950,12
189967,10
189982,5
190047,6
190056,7
190066,50
190075,6
190086,16
190102,9
190132,6
190138,6
190169,7
190203,173
190207,8
190225,13
190373,18
190380,472
190433,5
190436,6
190451,10
190455,25
190519,5
190594,7
190623,7
190635,48
190725,106
190761,56
190774,11
190839,9
190878,6
190985,18
191013,9
191043,8
191049,12
191070,6
191094,14
191123,13
191138,7
191158,14
191164,11
191183,7
191224,6
191233,10
191251,27
191295,8
191329,12
191384,6
191396,24
191431,15
191544,15
191547,8
191571,6
191600,31
191613,7
191645,8
191668,9
191711,7
191744,27
191752,7
191766,9
191774,23
191849,6
191949,9
191952,6
191966,6
191975,7
192033,8
192038,12
192046,6
192079,5
192083,16
192166,5
192182,146
192186,8
192204,44
192205,6
192274,22
192287,31
192315,22
192331,7
192345,6
192352,13
192368,8
192392,12
192442,6
192444,7
192465,64
192501,17
192502,5
192511,11
192545,9
192576,52
192582,11
192605,146
192645,8
192647,13
192667,5
192730,6
192767,7
192784,21
192824,97
192833,6
192843,7
192863,145
192866,8
192890,7
192909,12
192917,6
192928,12
192936,19
192945,11
192986,7
192992,7
193034,6
193040,6
193050,191
193056,8
193067,6
193081,6
193185,8
193220,310
193289,12
193306,6
193320,9
193322,12
193493,28
193537,21
193546,21
193556,5
193558,38
193572,7
193575,21
193579,6
193606,11
193610,5
193647,62
193699,17
193719,17
193748,27
193808,12
193815,6
193840,8
193865,13
193866,21
193867,7
193869,25
193899,75
193937,6
193969,123
194017,23
194019,8
194063,6
194094,33
194097,5
194110,7
194142,9
194152,5
194170,83
194186,7
194188,66
194270,6
194286,6
194303,7
194321,16
194339,14
194352,11
194370,13
194434,7
194441,29
194445,7
194490,6
194527,24
194529,13
194580,42
194592,5
194604,7
194613,5
194622,17
194701,5
194716,6
194737,30
194773,6
194839,14
194842,12
194846,58
194872,13
194877,6
194901,6
194909,9
194914,6
194932,11
194934,8
194950,90
194957,7
194967,8
195023,22
195034,8
195054,7
195126,26
195252,6
195285,8
195339,6
195404,105
195422,12
195432,6
195469,27
195485,9
195489,7
195524,14
195568,6
195589,6
195677,17
195681,39
195686,10
195698,15
195699,12
195709,9
195743,72
195751,11
195775,193
195787,47
195837,14
195840,9
195841,9
195907,6
196053,9
196088,9
196109,8
196125,21
196141,18
196158,18
196193,589
196220,19
196225,14
196227,5
196284,5
196329,6
196331,6
196375,6
196404,19
196461,6
196468,18
196472,6
196477,8
196480,5
196485,11
196511,37
196546,5
196578,7
196631,8
196632,11
196704,7
196744,8
196754,7
196755,11
196810,14
196811,6
196816,16
196858,50
196861,98
196862,7
196949,7
196967,12
197001,12
197068,19
197131,6
197226,5
197233,5
197297,8
197381,24
197450,9
197453,8
197465,10
197466,71
197472,18
197478,7
197480,7
197504,12
197505,11
197519,37
197547,6
197568,33
197634,26
197668,183
197677,8
197701,123
197779,7
197787,12
197790,6
197868,8
197879,5
197881,6
197925,8
197953,9
197979,29
197989,6
198002,19
198007,7
198040,6
198047,19
198099,19
198144,7
198173,7
198266,10
198273,39
198280,20
198290,46
198316,14
198352,42
198373,7
198436,7
198447,6
198546,8
198569,7
198570,6
198572,22
198573,6
198583,6
198600,6
198623,11
198625,8
198762,6
198790,21
198845,72
198908,17
198920,7
198938,13
198967,43
199018,83
199032,10
199064,13
199089,8
199128,18
199138,36
199163,5
199181,22
199193,18
199198,5
199253,70
199317,7
199362,6
199400,23
199408,6
199431,10
199463,13
199474,7
199514,5
199534,9
199565,8
199581,40
199582,11
199646,6
199662,5
199686,7
199699,50
199818,5
199984,32
199994,5
200018,13
200091,11
200100,14
200112,6
200174,5
200187,11
200220,7
200224,7
200231,41
200242,5
200308,7
200328,5
200350,40
200362,19
200429,6
200459,7
200463,9
200485,6
200512,6
200688,12
200721,35
200727,22
200755,6
200783,5
200827,6
200855,7
200907,15
200910,12
200923,9
200931,9
200956,23
200980,6
201007,8
201043,8
201047,7
201123,9
201134,6
201148,10
201159,14
201299,6
201300,12
201321,9
201327,211
201401,14
201459,6
201518,8
201626,10
201653,11
201678,9
201682,6
201698,8
201702,9
201713,17
201731,7
201736,11
201790,10
201816,7
201847,9
201860,11
201896,7
201936,10
201940,6
201979,10
201998,7
202006,8
202031,5058
202041,7
202069,10
202124,26
202150,6
202249,7
202250,10
202279,7
202288,6
202311,11
202343,17
202377,14
202384,12
202435,10
202450,213
202460,12
202464,15
202493,15
202583,7
202584,6
202610,6
202612,6
202713,14
202734,7
202737,6
202753,7
202821,6
202843,43
202860,48
202899,6
202903,22
202935,12
202948,6
203003,7
203006,6
203035,11
203050,26
203125,6
203193,7
203253,7
203308,75
203315,7
203381,13
203428,17
203444,10
203479,9
203491,14
203495,10
203496,5
203512,7
203548,5
203614,7
203649,5
203702,7
203729,37
203733,6
203747,9
203751,12
203858,7
203876,17
203939,23
203969,6
204011,29
204038,9
204067,8
204083,81
204133,24
204140,14
204154,7
204156,273
204195,5
204208,7
204270,38
204319,132
204325,5
204342,16
204361,20
204423,18
204441,7
204479,10
204483,14
204522,35
204626,8
204647,8
204658,7
204671,10
204673,14
204696,12
204703,7
204724,5
204731,10
204747,24
204754,8
204772,7
204784,21
204932,259
204944,10
204964,6
204983,46
204998,5
205067,12
205179,104
205187,16
205207,5
205229,37
205267,6
205285,53
205309,12
205330,10
205343,13
205356,5
205399,8
205430,67
205443,6
205519,5
205556,8
205561,5
205567,6
205570,7
205590,8
205613,10
205614,7
205620,7
205639,8
205654,14
205655,36
205693,18
205701,56
205712,12
205716,10
205723,9
205738,10
205763,18
205805,21
205860,9
205883,10
205905,8
205939,14
205963,26
206040,24
206067,33
206085,10
206101,5
206111,12
206147,6
206148,37
206166,9
206185,6
206247,7
206271,15
206342,16
206349,262
206354,15
206355,6
206361,19
206363,8
206401,14
206435,25
206436,16
206447,8
206479,6
206482,34
206495,9
206498,19
206562,21
206589,5
206674,8
206714,17
206743,5
206812,8
206827,27
206846,8
206863,26
206885,5
206886,34
207004,6
207005,6
207019,19
207037,6
207045,9
207078,5
207156,13
207195,54
207208,51
207265,7
207275,12
207280,8
207282,24
207303,13
207355,6
207397,15
207407,14
207439,18186
207503,13
207574,5
207593,9
207681,12
207709,9
207712,10
207717,12
207787,8
207795,78
207857,52
207858,82
207859,8
207861,16
207879,20
207884,7
207886,113
207897,6
208000,7
208034,16
208036,28
208094,9
208129,31
208158,9
208163,7
208176,20
208311,6
208313,9
208364,7
208410,5
208425,28
208427,9
208449,16
208534,7
208574,14
208588,5
208620,7
208622,5
208633,6
208665,9
208849,15
208876,17
208887,7
208945,19
208965,7
208995,179
208998,8
209021,19
209027,8
209071,10
209096,9
209100,8
209103,7
209148,10
209205,24
209212,5
209227,85
209259,128
209273,11
209397,19
209399,11
209438,21
209484,6
209500,14
209594,100
209726,14
209751,7
209758,6
209786,156
209812,27
209819,9
209862,27
209871,6
209883,6
209904,6
209912,47
209914,5
209929,16
209933,5
209944,7
209956,13
209964,137
210008,13
210017,5
210030,7
210057,13
210065,7
210082,10
210096,11
210104,9
210108,21
210191,6
210196,11
210225,18
210237,6
210256,7
210293,28
210324,15
210329,8
210341,6
210375,6
210398,6
210451,11
210469,8
210552,8
210567,5
210584,5
210680,8
210748,5
210762,10
210774,10
210777,9
210778,9
210809,9
210829,9
210844,8
210891,17
210896,15
210898,9
210927,17
210998,11
211005,5
211009,6
211027,33
211028,28
211057,9
211067,67
211079,8
211117,15
211146,62
211252,63
211276,7
211310,6
211350,19
211373,7
211374,118
211414,5
211426,7
211431,6
211478,7
211480,9
211499,6
211509,14
211514,43
211563,79
211572,27
211628,41
211631,17
211648,13
211693,7
211713,17
211741,6
211803,55
211838,14
211852,49
211853,8
211861,17
211879,52
211921,46
211986,5
211996,7
212024,58
212059,6
212083,7
212110,7
212155,7
212164,7
212186,7
212188,42
212218,15
212333,17
212342,42
212403,16
212458,40
212471,17
212494,8
212504,6
212514,7
212534,7
212540,23
212545,48
212622,35
212704,7
212734,9
212764,10
212775,71
212791,76
212794,38
212828,8
212837,22
212846,41
212890,8
212966,12
213000,7
213110,7
213130,7
213207,9
213222,17332
213240,11
213307,8
213322,10
213409,5
213411,10
213445,10
213464,6
213475,9
213493,11
213509,8
213546,9
213557,9
213603,24
213616,5
213635,17
213636,7
213697,15
213701,122
213750,5
213779,6
213809,9
213849,6
213855,13
213890,21
213916,5
213968,7
213996,15
214000,6
214001,29
214081,9
214135,7
214138,6
214163,11
214173,8
214174,6
214179,6
214223,6
214245,9
214267,14
214275,13
214296,6
214314,9
214391,7
214418,12
214422,30
214468,11
214478,12
214490,12
214494,19
214496,7
214497,8
214501,7
214570,39
214649,7
214663,8
214759,9
214769,7
214779,29
214788,48
214808,35
214825,9
214839,227
214841,9
214887,5
214928,14
214935,15
214968,10
215037,68
215054,6
215096,33
215102,9
215137,9
215197,36
215198,8
215199,17
215241,6
215363,21
215374,1579
215404,5
215409,5
215422,5
215460,9
215536,19
215571,8
215583,13
215625,9
215631,10
215665,6
215678,5
215690,5
215722,6
215741,8
215750,12
215765,7
215788,6
215806,13
215820,6
215832,10
215845,9
215883,8
215931,7
215932,27
215953,14
215960,9
215970,9
215997,13
216020,57
216024,8
216025,7
216039,26
216099,28
216114,6
216140,28
216145,10
216161,5
216189,62
216245,11
216247,11
216331,10
216334,27
216364,74
216460,10
216492,6
216616,11
216647,5
216698,9
216717,6
216761,11
216794,17
216858,6
216893,8
216935,6
216949,18
217015,8
217017,23
217018,10
217033,7
217088,7
217089,13
217093,6
217111,16
217113,7
217120,6
217148,9
217166,6
217169,7
217191,68
217260,113
217276,23
217277,5
217323,90
217356,12
217378,13
217438,7
217479,7
217506,6
217539,21
217553,10
217562,8
217579,11
217585,37
217587,22
217660,14
217773,38
217779,36
217802,18
217846,6
217914,6
217917,14
217919,5
217934,8
217955,11
218000,10
218015,24
218030,21
218084,11
218141,11
218172,12
218226,9
218229,7
218310,6
218320,6
218386,17
218395,12
218431,6
218446,12
218454,6
218481,15
218635,5
218659,8
218678,16
218706,56
218776,21
218827,23
218852,7
218855,160
218902,6
218905,6
219007,19
219026,6
219028,5
219033,29
219034,6
219058,5
219081,9
219088,6
219109,11
219134,13
219138,8
219258,18
219270,7
219271,49
219280,7
219286,22
219287,6
219399,39
219538,36
219596,6
219608,7
219618,8
219672,5
219823,9
219827,10
219864,17
219865,23
219895,5
219898,22
219912,9
219917,8
219979,6
219980,15
219984,6
220018,37
220051,17
220054,11
220128,7
220170,25
220190,9
220204,7
220255,37
220280,5
220314,43
220350,65
220364,15
220391,9
220437,6
220448,41
220452,15
220454,7
220490,6
220491,8
220513,7
220533,39
220544,13
220549,13
220648,5
220697,7
220707,11
220710,13
220759,7
220762,50
220784,8
220791,6
220795,19
220797,5
220798,31
220855,9
220874,6
220903,103
220912,10
220922,34
220939,6
220973,16
221052,9
221062,42
221174,6
221194,7
221240,8
221346,32
221427,21
221442,28
221450,5
221453,14
221471,18
221499,8
221634,34
221664,5
221691,15
221693,38
221729,16
221769,8
221778,7
221817,5
221820,14
221856,11
221861,8
221879,7
221885,6
221891,8
221892,9
221941,11
221947,8
221953,7
221955,14
222020,16
222027,31
222071,13
222081,28
222084,9
222126,7
222143,112
222157,15
222169,9
222174,7
222175,8
222176,9
222189,33
222227,166
222243,62
222254,22
222268,26
222275,15
222278,10
222289,6
222335,6
222363,5
222375,7
222409,99
222448,15
222499,6
222509,51
222512,7
222564,43
222587,9
222590,488
222617,6
222627,6
222636,9
222644,5
222741,14
222745,7
222752,5
222754,10
222806,6
222814,31
222867,10
222891,5
222903,6
222911,15
222969,339
222995,11
223003,5
223070,50
223071,39
223091,23
223093,27
223105,11
223108,15
223111,8
223120,7
223146,21
223189,6
223190,27
223260,22
223374,69
223375,6
223395,17
223402,5
223470,6
223531,1476
223541,7
223603,12
223670,13
223728,13
223729,12
223744,7
223759,8
223772,25
223859,6
223914,10
223930,8
223935,8
223965,267
223982,11
224012,8
224016,7
224024,6
224053,12
224057,7
224062,6
224118,6
224253,16
224269,18
224270,26
224287,8
224326,5
224330,22
224364,6
224411,6
224416,79
224443,7
224444,7
224484,6
224491,10
224529,8
224642,38
224672,14
224684,7
224690,7
224725,7
224880,6
224904,8
224923,5
224928,7
225058,5
225059,6
225061,7
225111,7
225131,37
225187,6
225199,15
225202,42
225210,6
225223,14
225224,6
225294,21
225301,9
225314,15
225332,11
225386,11
225427,5
225453,15
225467,6
225498,7
225505,7
225509,10
225555,5
225575,110
225614,6
225628,15
225650,5
225657,6
225673,8
225713,7
225756,6
225781,30
225808,7
225810,11
225828,9
225839,10
225845,187
225874,17
225877,8
225899,10
225914,7
225962,23
225965,16
226011,7
226027,9
226074,12
226105,11
226121,7
226141,12
226184,6
226202,6
226261,8
226276,9
226364,5
226365,6
226367,12
226404,71
226495,33
226512,9
226533,6
226558,8
226573,6
226671,15
226672,7
226708,13
226721,8
226759,21
226764,8
226765,5
226789,42
226811,23
226840,6
226889,19
226890,11
226960,7
226974,5
226999,7
227019,10
227054,20
227094,34
227109,12
227121,50
227129,5
227226,6
227309,7
227318,31
227340,41
227524,26
227531,16
227540,6
227564,52
227606,12
227688,8
227720,6
227742,7
227790,7
227792,6
227838,7
227845,6
227850,7
227859,6
227885,12
227886,5
227912,9
227946,24
227987,13
228019,6
228028,54
228033,29
228061,10
228094,14
228239,8
228267,53
228292,5
228295,10
228356,6
228375,44
228391,7
228397,13
228497,7
228525,8
228554,43
228555,5
228631,10
228733,11
228767,14
228850,5
228863,20
228879,13
228890,5
228896,5
228897,8
228929,5
229086,93
229089,6
229092,7
229132,504
229141,59
229151,70
229157,8
229212,27
229231,27
229246,6
229267,48
229293,7
229317,9
229347,7
229429,6
229455,6
229511,11
229521,10
229532,9
229556,29
229635,7
229654,8
229776,17
229792,7
229802,22
229808,18
229830,31
229867,6
229881,14
229896,19
229912,18
229919,6
229926,11
229960,9
229970,6
229987,11
229995,52
230013,7
230056,8
230077,6
230137,12
230179,98
230269,22
230304,8
230336,10
230340,41
230360,6
230409,6
230419,15
230434,7
230435,7
230448,14
230492,9
230504,7
230552,14
230555,9
230585,358
230619,14
230649,8
230672,13
230724,8
230732,6
230767,9
230774,6
230787,12
230793,12
230921,43
230950,10
230986,25
230995,14
231021,17
231022,17
231051,707
231087,30
231095,9
231147,5
231164,17
231323,92
231328,58
231338,6
231366,16
231368,6
231475,5
231507,19
231514,13
231516,41
231517,7
231592,23
231640,12
231645,12
231651,28
231663,6
231697,5
231720,8
231748,9
231768,5
231777,42
231795,7
231803,6
231825,6
231842,7
231851,7
231897,6
231938,9
231949,38
231977,6
231979,13
232003,135
232022,7
232092,48
232093,16
232101,23
232122,11
232139,6
232190,21
232201,13
232219,85
232234,10
232241,18
232258,7
232266,11
232272,16
232279,7
232286,15
232294,16
232344,13
232384,7
232389,19
232547,6
232582,9
232638,7
232650,11
232657,13
232703,52
232727,18
232779,6
232791,13
232886,8
232888,13
232954,27
233025,19
233037,28
233043,10
233048,7
233062,26
233121,8
233128,6
233132,9
233165,6
233197,8
233232,15
233311,11
233314,6
233336,8
233373,6
233375,23
233380,10
233399,12
233465,5
233488,17
233495,6
233501,8
233512,15
233516,8
233527,11
233530,13
233655,5
233703,8
233707,23
233708,7
233736,8
233921,8
233952,7
233984,18
234038,7
234047,6
234070,6
234091,9
234096,11
234107,342
234164,5
234180,10
234213,7
234245,6
234249,223
234261,9
234312,5
234375,8
234413,6
234461,10
234569,88
234575,5
234590,22
234655,12
234679,10
234704,13
234710,5
234746,14
234761,62
234824,6
234825,10
234927,17
234941,10
234943,14
234953,13
234960,14
234968,7
234987,8
235033,12
235039,18
235065,13
235117,49
235141,7
235164,8
235170,29
235188,13
235203,10
235219,27
235238,7
235240,9
235247,10
235256,9
235296,7
235440,16
235448,11
235489,5
235501,7
235525,13
235544,5
235564,6
235618,6
235644,13
235664,7
235674,8
235694,20
235983,18
235984,13
235996,15
235997,19
236068,6
236070,7
236086,6
236093,12
236095,5
236366,8
236395,9
236439,8
236469,9
236545,7
236547,11
236552,6
236565,6
236571,6
236714,20
236760,6
236809,13
236827,17
236850,8
236853,5
236861,7
236888,10
236913,12
236927,3445
236928,5
236944,5
236947,6
237009,6
237041,6
237085,9
237090,6
237095,7
237119,8
237153,36
237259,9
237281,16
237290,78
237357,6
237375,7
237457,14
237489,6
237542,6
237549,63
237583,11
237594,24
237602,6
237681,7
237781,6
237870,57
237954,5
237955,10
238002,5
238176,18
238210,6
238270,11
238275,9
238296,6
238298,6
238359,7
238385,18
238400,5
238424,12
238442,14
238486,14
238521,48
238531,6
238538,60
238589,9
238674,8
238679,9
238747,6
238790,14
238793,9
238803,6
238806,6
238816,6
238831,13
238880,23
238882,15
238911,16
238965,6
239107,5
239125,10
239153,7
239171,24
239234,7
239258,27
239261,15
239347,10
239414,5
239420,5
239470,18
239476,6
239540,11
239613,6
239639,30
239648,11
239649,56
239692,22
239718,85
239783,5
239791,11
239864,5
239945,21
239964,6
239968,11
239995,12
240004,6
240048,8
240081,18
240199,53
240202,5
240233,9
240263,6
240289,5
240297,12
240303,30
240433,7
240434,7
240455,5034
240495,12
240513,21
240520,52
240524,9
240532,28
240534,7
240553,11
240554,10
240629,8
240644,16
240747,27
240815,21
240865,7
240878,7
240923,9
240956,6
240976,10
241055,224
241067,12
241112,35
241144,17
241146,9
241193,8
241197,171
241237,11
241251,13
241261,10
241309,27
241343,6
241428,7
241439,5
241448,18
241457,7
241483,5
241599,19
241623,10
241690,5
241746,8
241763,7
241790,7
241798,8
241812,11
241858,26
241869,14
241870,8
241921,15
242013,8
242069,8
242144,21
242213,8
242227,79
242340,13
242393,10
242401,6
242433,11
242445,8
242459,29
242477,10
242485,25
242492,17
242498,11
242528,8
242601,7
242630,13
242650,82
242683,6
242691,9
242819,15
242854,22
242860,6
242867,33
242904,16
242964,6
242999,17
243002,5
243022,9
243035,6
243053,7
243070,13
243122,7
243168,27
243244,5
243248,27
243330,13
243339,8
243388,8
243516,6
243523,66
243642,10
243683,18
243689,14
243736,6
243772,7
243791,8
243812,6
243837,37
243845,11
243846,5
243926,7
244021,33
244028,6
244085,8
244090,6
244138,9
244188,21
244195,11
244233,7
244248,10
244253,8
244331,6
244342,33
244351,5
244357,55
244415,8
244422,7
244433,12
244518,11
244527,6
244539,6
244574,154
244604,17
244612,7
244695,5
244715,14
244744,22
244747,65
244757,7
244833,6
244843,6
244866,14
244886,10
244888,6
244942,7
244965,7
244972,6
244977,23
244987,6
244997,9
245025,7
245049,19
245089,9
245161,5
245163,8
245243,11
245246,7
245252,14
245296,5
245431,42
245449,18
245481,12
245490,10
245493,10
245508,8
245510,6
245516,6
245518,12
245579,6
245598,25
245631,9
245754,7
245789,10
245860,13
245861,9
245870,8
245878,6
245885,17
245924,16
245954,9
245959,8
245991,5
246026,6
246036,6
246037,67
246110,7
246163,46
246170,6
246209,65
246248,9
246267,6
246284,10
246292,11
246357,26
246436,7
246450,10
246455,6
246578,10
246618,16
246650,20
246663,17
246698,100
246769,18
246824,6
246834,931
246835,318
246846,8
246890,6
246947,16
246964,6
246972,7
246977,16
246988,10
247036,14
247091,6
247148,18
247187,25
247232,6
247300,9
247337,36
247349,31
247401,1202
247425,19
247430,80
247508,6
247511,5
247534,30
247688,25
247715,7
247733,7
247735,8
247768,7
247789,9
247811,14
247830,27
247901,6
247993,33
247994,15
248040,7
248044,11
248065,13
248110,13
248114,6
248121,6
248163,10
248210,19
248213,6
248216,6
248223,13
248231,7
248285,7
248286,10
248379,5
248387,22
248406,71
248442,31
248496,15
248544,5
248572,6
248579,8
248688,16
248753,9
248805,14
248854,11
248925,5
248947,6
248954,5
248956,14
248959,7
248972,11
249004,6
249020,10
249038,10
249092,6
249119,28
249173,6
249184,9
249239,12
249261,10
249267,8
249323,5
249348,9
249381,7
249437,11
249463,179
249468,6
249478,15
249509,8
249548,6
249574,6
249590,17
249622,22
249633,17
249756,9
249916,6
249981,5
250037,10
250041,20
250087,13
250097,11
250110,8
250111,9
250160,11
250184,5
250185,5
250300,17
250317,8
250348,7
250416,10
250436,5
250491,9
250498,18
250529,15
250543,93
250562,7
250588,6
250704,8
250749,11
250752,8
250793,6
250855,8
250889,18
250914,14
250924,6
250934,10
251010,5
251040,14
251043,7
251048,11
251069,20
251075,7
251112,15
251122,6
251149,5
251173,8
251176,7
251212,33
251226,12
251234,6
251237,6
251273,53
251291,9
251320,11
251356,6
251364,15
251428,26
251434,19
251435,9
251445,5
251448,12
251478,7
251500,13
251511,56
251522,11
251623,30
251632,6
251639,6
251656,6
251716,5
251749,11
251810,20
251828,18
251989,19
252023,6
252086,6
252124,7
252134,6
252147,46
252148,10
252156,13
252160,8
252162,33
252179,5
252278,19
252293,7
252302,5
252333,155
252335,7
252340,6
252382,5
252396,10
252398,9
252447,88
252460,26
252477,20
252490,11
252586,5
252599,5
252664,17
252685,7
252700,9
252717,9
252722,5
252777,9
252779,6
252790,12
252848,12
252902,45
252959,36
252977,48
252984,6
252989,8
252992,6
253000,62
253067,8
253092,14
253148,16
253161,10
253245,24
253263,22
253294,6
253295,7
253332,7
253333,10
253349,29
253403,18
253406,11
253416,6
253428,7
253441,5
253453,16
253465,20
253477,10
253577,12
253728,13
253731,8
253768,6
253804,5
253818,8
253849,17
253874,7
253895,9
253922,8
253929,14
253957,25
253990,41
254007,13
254034,19
254050,73
254067,17
254077,7
254158,12
254174,12
254244,28
254252,14
254280,11
254300,7
254349,8
254350,13
254359,9
254366,12
254379,15
254388,5
254395,9
254449,7
254463,8
254465,18
254510,5
254533,13
254569,6
254579,6
254601,5
254733,16
254743,7
254744,20
254759,11
254771,468
254807,7
254854,81
254928,21
254954,37
254955,8
255051,20
255053,76
255063,16
255084,20
255089,12
255121,9
255126,6
255155,15
255163,35
255177,282
255190,5
255191,6
255233,5
255315,7
255319,13
255367,11
255373,27
255376,12
255377,9
255490,10
255514,13
255519,7
255530,20
255593,11
255596,6
255631,13
255636,8
255637,108
255650,12
255661,126
255669,10
255676,8
255685,6
255708,21
255714,5
255735,6
255887,15
256019,21
256040,12
256089,839
256135,9
256148,145
256175,33
256187,12
256193,14
256198,6
256219,7
256339,17
256347,13
256349,7
256460,129
256516,14
256534,10
256629,14
256631,24
256693,23
256707,6
256719,17
256721,12
256751,8
256771,21
256831,12
256838,6
256878,6
256887,19
256892,5
256896,6
256903,10
256907,76
256914,8
256921,11
256952,5
256987,34
256997,12
257004,5
257050,390
257113,9
257138,15
257175,15
257263,29
257273,6
257339,32
257391,6
257406,8
257418,8
257436,11
257441,17
257453,6
257455,10
257503,76
257625,24
257628,24
257707,5
257713,84
257724,8
257736,10
257741,8
257825,18
257826,9
257888,7
257933,24
258038,7
258041,29
258050,27
258106,80
258129,30
258172,11
258186,7
258187,6
258265,8
258274,68
258345,7
258425,8
258517,23
258564,5
258572,34
258600,19
258605,17
258678,13
258688,7
258711,195
258712,9
258739,18
258761,6
258762,13
258769,19
258787,24
258821,7
258903,11
258966,6
258974,23
259010,18
259011,5
259042,28
259105,17
259133,6
259203,8
259247,8
259252,11
259257,7
259277,7
259279,18
259298,5
259304,7
259338,25
259353,388
259423,7
259427,5
259434,5
259450,96
259509,8
259550,7
259569,104
259595,30
259614,56
259640,281
259652,9
259660,20
259667,5
259688,15
259700,8
259723,7
259753,6
259775,9
259783,6
259812,7
259818,5
259828,19
259844,34
259857,5
259864,80
259873,13
259896,147
259897,6
259979,6
259980,311
259997,25
260020,5
260022,14
260073,7
260087,13
260106,8
260147,24
260251,10
260278,6
260359,6
260454,11
260460,7
260473,7
260501,12
260508,6
260514,6
260574,6
260596,7
260628,8
260647,48
260720,10
260818,10
260849,19
260890,10
260927,23
260988,7
261067,15
261143,23
261153,6
261162,6
261173,5
261174,7
261182,7
261207,5
261274,12
261313,6
261323,5
261353,8
261371,13
261396,99
261454,5
261470,8
261512,18
261515,6
261594,14
261686,136
261720,5
261757,279
261779,5
261787,7
261825,15
261906,6
261909,14
261913,16
261926,9
261948,5
261951,19
262003,10
262017,23
262020,9
262098,6
262132,18
262163,6
262201,16
262207,5
262212,5
262230,10
262253,10
262265,94
262270,24
262275,7
262276,7
262321,6
262325,7
262351,9
262373,100
262411,6
262498,10
262511,9
262515,7
262527,170
262532,19
262533,14
262578,6
262600,9
262622,17
262624,9
262636,9
262650,15
262666,50
262679,6
262691,11
262716,10
262788,80
262810,5
262839,29
262851,14
262865,6
262883,6
262885,8
262899,10
262913,17
262928,12
263092,6
263095,7
263097,7
263166,5
263185,11
263242,7
263270,13
263318,54
263384,13
263427,9
263441,7
263447,6
263457,7
263461,10
263465,19
263497,7
263499,6
263517,6
263543,6
263565,9
263576,7
263577,6
263691,6
263705,5
263819,6
263865,16
263869,19
263892,7
263894,6
263928,6
263947,1348
263966,26
263967,23
264009,850
264044,13
264121,6
264213,14
264282,7
264337,22
264352,6
264362,6
264445,7
264473,14
264483,9
264511,9
264569,6
264593,58
264635,5
264708,8
264712,22
264761,5
264824,7
264839,5
264857,33
264888,6
264985,6
265001,6
265025,10
265061,6
265072,22
265082,10
265143,9
265185,21
265191,8
265194,6
265228,7
265261,6
265274,6
265277,5
265314,14
265361,45
265362,9
265369,28
265408,6
265423,14
265431,34
265501,5
265513,389
265605,6
265660,48
265681,6
265686,7
265750,7
265756,8
265759,108
265801,6
265802,17
265862,11
265901,6
265970,9
265978,6
266021,24
266027,8
266032,33
266062,6
266117,6
266159,8
266167,11
266186,11
266187,6
266188,32
266210,63
266275,7
266279,5
266280,9
266293,15
266359,6
266394,946
266457,10
266517,6
266521,17
266526,5
266565,13
266669,10
266807,9
266812,187
266913,215
266932,218
266974,41
266984,34
266995,5
267018,11
267045,7
267074,7
267088,34
267137,46
267152,8
267169,7
267236,851
267245,37
267255,42
267271,17
267281,7
267310,5
267398,13
267399,9
267431,6
267462,6
267463,10
267482,10
267539,7
267570,5
267581,18
267613,10
267624,159
267689,8
267741,7
267772,8
267784,34
267792,9
267836,17
267866,8
267927,23
267973,7
267974,7
268007,8
268033,6
268065,18
268091,7
268123,7
268142,64
268145,7
268154,7
268230,8
268233,9
268248,13
268289,13
268334,7
268351,5
268367,254
268488,15
268574,7
268651,7
268652,9
268653,38
268654,5
268664,8
268711,6
268745,6
268810,5
268840,14
268847,12
268851,30
268857,5
268877,8
268901,6
268922,9
268923,6
268929,13
268957,6
268967,41
268999,6
269027,6
269041,28
269106,7
269115,10
269128,9
269158,8
269179,9
269188,6
269221,35
269235,11
269259,40
269260,8
269264,11
269293,174
269392,21
269410,7
269480,21
269482,10
269485,7
269487,10
269537,7
269566,7
269596,5
269598,6
269601,6
269624,8
269663,7
269682,6
269684,5
269701,8
269704,11
269713,8
269720,8
269806,19
269834,279
269917,7
269941,18
269948,9
269957,15
269966,12
269993,16
270022,6
270059,17
270116,5
270126,12
270133,29
270154,8
270155,6
270278,10
270288,6
270296,22
270302,16
270313,6
270321,5
270328,9
270393,6
270419,86
270510,10
270565,41
270567,11
270671,7
270672,11
270699,20
270777,5
270834,6
270846,15
270958,48
271003,10
271009,16
271057,6
271073,12
271079,9
271181,9
271199,6
271239,11
271255,12
271270,8
271285,7
271291,6
271313,9
271318,13
271325,22
271330,21
271351,15
271369,7
271398,19
271425,11
271441,8
271468,8
271551,30
271580,231
271649,8
271651,11
271677,10
271679,15
271692,8
271727,9
271810,5
271816,11
271862,56
272012,11
272052,5
272092,14
272106,21
272151,7
272173,10
272264,9
272308,7
272378,24
272411,10
272421,36
272469,12
272511,5
272543,7
272547,10
272558,15
272569,23
272661,8
272667,6
272675,28
272678,20
272679,12
272691,108
272692,20
272719,20
272744,38
272749,7
272754,5
272803,13
272810,5
272822,55
272846,15
272852,6
272876,9
272883,5
272969,10
272985,10
273012,13
273033,12
273076,7
273082,6
273095,28
273106,7
273198,26
273199,8
273206,32
273213,77
273236,6
273237,5
273257,10
273282,13
273310,43
273325,6
273481,8
273636,6
273644,11
273689,19
273698,11
273729,5
273746,17
273748,33
273758,7
273931,12
273959,6
273964,5
273981,6
273987,10
274007,266
274060,5
274129,25
274139,7
274174,10
274229,7
274251,5
274270,11
274281,7
274282,7
274325,13
274379,11
274410,23
274441,20
274491,5
274504,6
274509,14
274521,29
274568,12
274672,6
274723,13
274728,6
274740,10
274863,83
274906,9
274910,10
274954,13
275015,11
275085,15
275100,5
275101,9
275118,24
275134,15
275145,8
275166,10
275217,10
275278,59
275369,6
275410,10
275436,7
275481,8
275503,13
275613,65
275623,6
275629,53
275649,11
275698,7
275702,9
275753,9
275770,8
275778,7
275809,7
275820,13
275845,16
275879,11
275963,13
275982,13
276089,33
276108,25
276144,9
276147,7
276166,10
276173,21
276174,8
276179,6
276216,24
276233,8
276273,6
276294,20
276311,12
276312,5
276376,17
276406,75
276557,5
276596,8
276664,7
276694,5
276765,11
276776,10
276784,7
276787,6
276792,9
276813,7
276819,18
276865,15
276923,6
276981,13
277038,10
277040,23
277043,6
277102,8
277149,28
277158,12
277170,7
277206,143
277212,6
277220,7
277294,8
277379,19
277382,8
277449,12
277466,7
277483,8
277533,8
277546,5
277573,6
277595,7
277633,9
277635,6
277687,7
277734,31
277750,9
277765,72
277791,10
277809,9
277845,8
277915,6
277975,10
277982,7
278057,110
278101,14
278116,26
278193,19
278195,7
278225,11
278248,8
278264,5
278279,6
278297,13
278360,9
278387,58
278483,5
278492,23
278528,22
278534,22
278536,16
278627,10
278628,12
278676,9
278718,8
278737,7
278760,12
278844,20
278887,15
278890,6
278899,15
278947,58
278991,6
279049,6
279052,17
279054,134
279072,5
279083,5
279129,21
279142,18
279144,82
279156,43
279158,10
279171,32
279199,6
279249,7
279286,6
279290,6
279327,8
279349,13
279390,31
279395,5
279425,6
279466,11
279496,9
279513,6
279541,7
279608,7
279632,8
279635,10
279646,6
279715,47
279717,10
279734,8
279742,19
279751,38
279752,6
279776,6
279894,7
279920,21
279950,18
279964,6
279983,9
280019,11
280040,174
280065,6
280096,14
280107,12
280111,12
280112,5
280115,10
280116,82
280139,15
280140,7
280213,18
280222,25
280256,50
280275,8
280313,80
280316,26
280361,40
280417,35
280419,6
280429,16
280454,8
280486,69
280502,5
280504,11
280550,7
280555,8
280693,7
280705,7
280795,103
280817,13
280823,8
280826,9
280948,12
280952,10
280970,69
280977,23
280990,14
281037,20
281070,38
281161,5
281260,10
281284,6
281311,10
281335,5
281345,15
281359,6
281400,7
281416,9
281441,6
281444,135
281446,6
281469,8
281615,38
281625,12
281634,19
281744,17
281854,9
281892,7
281936,15
281954,36
281969,10
281986,13
282016,9
282068,5
282127,5
282151,7
282164,7
282181,9
282210,20
282265,57
282360,16
282383,19
282394,6
282471,12
282512,15
282521,6
282593,15
282638,11
282662,9
282670,14
282710,12
282728,8
282731,13
282797,7
282816,8
282825,16
282839,12
282886,10
282899,30
282958,87
283002,8
283008,5
283041,9
283062,9
283095,7
283101,14
283137,10
283156,10
283223,18
283274,18
283305,116
283311,11
283318,11
283319,22
283349,19
283385,7
283417,7
283421,5
283422,9
283462,36
283468,6
283507,19
283524,18
283563,5
283597,8
283618,22
283626,13
283664,10
283687,5
283688,13
283689,7
283701,9
283721,5
283749,43
283774,6
283791,20
283849,25
283853,11
283860,10
283900,12
283956,66
283959,5
283974,5
283978,39
284036,38
284116,51
284126,7
284162,8
284188,7
284201,8
284232,27
284244,11
284309,12
284325,13
284330,13
284359,5
284362,10
284386,10
284415,10
284448,6
284470,10
284522,27
284530,6
284546,10
284607,21
284679,920
284760,9
284795,12
284817,11
284820,5
284828,10
284838,23
284845,308
284869,10
284873,6
284880,10
284895,15
284963,5
284974,18
285004,8
285033,19
285045,11
285120,13
285167,16
285208,10
285237,20
285259,5
285268,15
285287,11
285288,10
285301,6
285306,5
285310,11
285330,9
285362,10
285426,16
285452,25
285453,24
285501,6
285512,26
285565,8
285567,11
285587,10
285601,7
285685,6
285715,6
285718,11
285739,14
285740,42
285777,12
285791,6
285882,8
285917,6
285945,9
285974,28
285980,8
286002,7
286056,34
286066,22
286073,7
286113,6
286134,17
286135,37
286139,19
286163,12
286176,8
286209,30
286221,6
286222,11
286236,9
286239,6
286244,10
286311,48
286346,12
286359,43
286361,62
286400,32
286541,6
286573,7
286579,107
286622,13
286633,50
286647,20
286790,6
286839,11
286842,6
286847,262
286860,5
286861,5
286926,6
286940,280
286947,8
287040,6
287044,7
287051,6
287054,31
287102,10
287115,6
287144,13
287295,5
287322,11
287338,54
287356,6
287414,5
287456,5
287523,6
287544,6
287584,15
287608,6
287650,6
287663,6
287708,10
287808,6
287810,7
287868,95
287869,16
287879,7
287940,82
287983,59
287990,8
288031,9
288082,14
288095,7
288119,79
288129,5
288160,6
288163,7
288164,10
288180,9
288236,9
288238,17
288243,10
288263,7
288320,6
288323,1068
288380,7
288404,9
288446,8
288453,5
288463,6
288499,8
288507,19
288514,61
288515,45
288558,30
288568,17
288572,35
288621,8
288630,52
288660,38
288689,5
288707,7
288715,11
288807,24
288813,8
288829,6
288953,5
288972,20
288977,8
289004,7
289007,16
289073,8
289095,15
289134,6
289151,52
289267,10
289315,8
289360,58
289369,7
289387,11
289393,16
289406,14
289474,12
289476,6
289501,6
289519,11
289541,7
289542,7
289596,14
289620,6
289644,6
289666,6
289700,8
289730,7
289737,6
289764,15
289777,30
289807,96
289811,5
289821,7
289833,13
289840,31
289883,6
289913,6
289914,17
289944,21
289984,9
290000,18
290028,9
290041,7
290073,17
290082,6
290086,6
290100,6
290109,6
290139,6
290145,7
290214,16
290363,6
290390,10
290430,7
290431,8
290514,5
290583,12
290661,37
290670,7
290678,8
290778,13
290824,6
290836,6
290843,14
290896,27
290919,5
290931,6
290977,29
291000,5
291003,6
291024,6
291095,14
291099,15
291131,6
291171,8
291296,8
291314,26
291318,6
291348,17
291368,6
291403,5
291423,9
291445,31
291471,6
291523,5
291535,6
291562,11
291643,11
291658,28
291662,23
291677,6
291719,7
291738,7
291741,6
291745,10
291781,5
291783,5
291827,8
291837,7
291855,7
291910,55
291919,49
291937,34
291942,6
291954,9
291961,10
291962,7
292019,18
292041,5
292071,8
292148,7
292224,12
292250,33
292310,10
292322,22
292439,44
292461,9
292470,11
292480,8
292697,7
292747,10
292756,6
292761,15
292766,19
292774,31
292793,10
292810,10
292815,132
292833,65
292846,8
292884,5
292885,9
292912,9
292938,19
292948,5
292989,6
293014,18
293100,65
293108,7
293114,9
293195,8
293223,18
293266,15
293302,32
293331,32
293340,11
293363,125
293409,8
293549,128
293591,141
293614,543
293647,14
293669,6
293682,9
293710,5
293803,6
293828,5
293842,11
293860,7
293898,7
293901,7
293906,5
293919,28
293949,6
293990,5
293991,8
294045,8
294056,6
294109,15
294116,6
294155,10
294190,907
294283,36
294287,17
294322,19
294347,5
294385,7
294386,7
294395,13
294425,6
294450,5
294462,25
294463,49
294475,122
294477,9
294513,10
294541,9
294544,5
294553,7
294557,14
294687,7
294761,28
294766,7
294790,11
294791,8
294822,6
294827,5
294830,45
294831,12
294839,5
294854,8
294883,13
294911,8
294914,5
294952,14
295088,23
295089,88
295096,13
295151,21
295260,6
295277,15
295295,5
295297,18
295300,17
295301,78
295329,14
295383,12
295396,10
295428,7
295437,6
295483,60
295487,6
295580,10
295610,10
295623,14
295625,18
295637,11
295657,6
295709,6
295835,5
295848,8
295859,12
295940,6
295954,1463
295971,7
296040,18
296106,14
296192,5
296215,23
296257,122
296281,8
296331,6
296363,6
296395,12
296401,7
296405,15
296410,9
296442,256
296443,58
296535,10
296602,9
296621,6
296747,7
296777,14
296939,8
296962,15
297010,12
297019,24
297037,6
297066,6
297072,6
297076,13
297095,7
297105,10
297199,46
297222,26
297312,8
297314,7
297321,8
297322,6
297333,25
297345,13
297364,10
297378,6
297389,8
297411,7
297431,45
297466,6
297497,43
297555,6
297576,26
297611,348
297613,5
297618,48
297658,9
297667,9
297680,8
297690,6
297739,14
297770,17
297896,6
297946,6
297948,6
297949,17
297950,11
297973,17
297974,5
297976,8
297978,6
297989,5
298061,21
298068,19
298075,10
298170,6
298236,19
298383,6
298395,18
298404,5
298406,7
298419,6
298420,6
298440,6
298442,129
298447,9
298529,6
298538,18
298607,6
298711,34
298756,6
298796,8
298852,7
298866,104
298870,8
298875,8
298986,9
299001,6
299010,10
299013,7
299017,7
299079,11
299134,24
299216,5
299236,46
299240,11
299243,10
299251,7
299281,70
299300,6
299431,129
299433,5
299456,9
299483,14
299487,74
299490,6
299505,20
299544,7
299555,5
299564,12
299599,10
299671,6
299832,18
299852,17
299866,10
299918,6
299930,8
299954,8
300002,6
300021,47
300182,11
300241,9
300262,31
300276,7
300299,10
300312,269
300346,5
300352,5
300366,12
300427,5
300435,5
300482,6
300509,71
300524,15
300541,9
300554,15
300570,8
300606,7
300624,8
300633,7
300638,7
300643,8
300645,43
300673,23
300710,6
300735,7
300764,29
300798,6
300804,12
300844,55
300845,6
300847,9
300848,11
300975,216
301002,23
301049,25
301052,35
301059,30
301113,16
301132,12
301134,10
301181,6
301219,7
301316,6
301413,21
301416,5
301484,43
301485,25
301520,9
301544,8
301552,10
301563,6
301608,72
301671,9
301738,27
301754,60
301783,7
301809,489
301824,8
301840,6
301844,21
301853,8
301878,37
301893,15
301904,9
301959,9
301990,8
302011,109
302081,16
302139,9
302185,20
302208,60
302212,29
302236,6
302305,8
302318,8
302348,5
302368,7
302505,9
302551,18
302635,23
302642,8
302720,8
302741,36
302746,5
302762,7
302775,72
302858,9
303047,26
303073,9
303081,6
303122,10
303149,6
303222,9
303249,15
303261,6
303262,6
303301,9
303365,8
303377,10
303409,9
303569,7
303576,6
303627,20
303643,5
303690,9
303716,7
303718,12
303727,6
303740,5
303759,5
303776,10
303805,10
303817,6
303847,7
303865,9
303867,13
303910,7
303932,77
303980,20
303987,10
304024,30
304081,21
304084,23
304138,54
304246,8
304301,7
304330,7
304383,9
304417,6
304430,5
304518,27
304519,6
304525,21
304526,182
304546,6
304559,5
304702,6
304830,8
304834,9
304841,9
304873,11
304908,6
304959,6
305003,26
305004,13
305013,26
305043,11
305104,8
305192,7
305222,17
305224,11
305247,7
305295,8
305297,15
305386,31
305407,123
305453,7
305470,6
305485,491
305491,12
305504,14
305523,15
305538,9
305619,29
305678,12
305723,25
305767,5
305770,11
305771,10
305914,6
305937,79
305954,7
305956,8
305987,52
306028,5
306043,7
306062,59
306088,10
306106,22
306184,9
306201,11
306232,10
306257,6
306269,10
306296,9
306319,7
306366,65
306370,8
306393,5
306398,8
306428,37
306489,6
306552,110
306559,17
306618,6
306640,6
306652,9
306682,8
306734,5
306838,16
306858,8
306875,6
306992,5
307022,6
307068,32
307098,9
307100,10
307116,5
307131,6
307149,9
307154,18
307156,5
307160,189
307180,7
307189,68
307207,76
307358,6
307430,6
307457,5
307550,13
307592,6
307689,27
307728,13
307746,71
307761,5
307790,7
307798,6
307855,5
307868,6
307906,6
307910,6
307913,10
307916,10
307982,5
308008,12
308063,7
308075,13
308087,11
308095,7
308124,16
308138,6
308181,6
308185,6
308186,8
308189,20
308269,6
308294,6
308296,7
308301,15
308333,13
308365,18
308400,15
308426,63
308429,25
308443,10
308446,6
308592,78
308618,8
308653,17
308654,6
308673,8
308708,8
308768,7
308792,6
308846,9
308849,11
308854,12
308991,5
309010,5
309013,14
309015,16
309043,7
309058,7
309063,7
309080,9
309086,30
309123,13
309165,10
309251,20
309261,7
309264,6
309295,6
309362,18
309379,6
309386,16
309387,6
309392,10
309408,5
309452,26
309467,10
309477,18
309505,51
309510,11
309565,15
309638,8
309654,6
309656,14
309699,10
309713,7
309828,23
309846,12
309874,8
309882,10
309883,30
309898,7
309905,6
309951,11
309994,38
310012,15
310014,7
310024,8
310025,7
310061,5
310133,10
310178,6
310218,11
310378,6
310400,23
310442,6
310487,30
310552,6
310553,6
310588,57
310589,13
310604,16
310618,12
310639,8
310676,9
310725,11
310763,10
310783,6
310790,6
310848,12
310873,7
310933,65
310940,7
310957,65
311010,7
311062,5
311078,14
311192,9
311216,7
311326,7
311338,14
311370,8
311391,6
311411,24
311417,6
311429,8
311516,7
311519,7
311539,27
311568,37
311572,17
311708,5
311721,17
311736,7
311772,44
311773,23
311810,89
311826,5
311848,8
311863,7
311950,7
311964,6
312074,9
312147,7
312163,25
312172,6
312173,30
312208,15
312217,23
312413,6
312475,6
312506,23
312546,6
312563,46
312571,6
312590,7
312599,6
312636,5
312668,19
312689,7
312691,18
312692,5
312731,6
312733,6
312736,15
312763,7
312791,20
312851,18
312853,10
312923,54
312949,11
312957,23
312973,11
313002,16
313012,8
313020,14
313041,5
313063,39
313067,29
313068,13
313070,10
313078,112
313100,6
313110,8
313115,5
313182,6
313199,6
313212,9
313229,14
313275,6
313316,25
313319,6
313383,19
313428,6
313438,8
313439,6
313465,8
313478,8
313547,34
313572,6
313609,13
313624,10
313679,28
313686,14
313700,7
313712,6
313714,7
313727,23
313769,5
313775,9
313815,6
313817,16
313875,5
313878,7
313887,19
313921,120
314010,13
314070,9
314087,9
314102,7
314107,10
314114,6
314237,6
314263,12
314296,11
314310,8
314395,50
314401,9
314412,10
314508,14
314530,13
314545,6
314558,5
314570,35
314576,6
314608,7
314642,6
314647,8
314649,12
314668,18
314718,11
314827,9
314852,6
314917,12
314954,131
314985,34
314987,6
315007,127
315048,6
315073,318
315165,9
315194,10
315287,6
315317,12
315344,6
315365,6
315366,7
315516,5
315530,9
315551,8
315597,8
315608,7
315625,7
315639,6
315660,6
315661,6
315723,6
315725,15
315728,13
315741,10
315742,14
315748,19
315778,7
315798,12
315804,5
315811,6
315824,6
315866,11
315915,17
315918,5
315929,8
315939,9
315945,9
315966,8
315975,14
316012,24
316047,7
316057,7
316058,7
316059,8
316137,8
316140,10
316164,9
316187,7
316204,64
316224,8
316282,6
316309,15
316317,25
316329,10
316368,6
316387,6
316491,5
316492,21
316576,64
316592,6
316669,11
316686,9
316688,8
316757,72
316811,19
316826,34
316843,6
316873,11
316888,14
316902,14
316962,8
316966,7
316976,7
316984,7
317022,6
317073,8
317074,12
317095,6
317099,7
317112,15
317128,6
317199,6
317238,8
317272,6
317330,18
317434,8
317436,19
317474,34
317482,16
317485,6
317495,5
317515,12
317542,7
317559,8
317575,11
317593,42
317612,7
317627,8
317649,7
317659,29
317697,187
317707,12
317827,829
317838,11
317850,8
317879,5
317921,10
317944,6
317964,6
317994,7
318012,6
318061,35
318073,5
318087,6
318103,5
318142,21
318170,59
318185,57
318296,8
318347,8
318382,7
318406,9
318419,15
318427,13
318451,6
318465,31
318491,6
318496,6
318503,8
318506,7
318528,11
318537,6
318543,9
318556,17
318601,353
318634,7
318637,7
318684,7
318714,15
318810,6
318812,176
318873,9
318916,6
318922,6
318956,8
319059,8
319074,30
319111,5
319171,16
319187,6
319190,21
319266,6
319289,7
319313,7
319330,6
319374,7
319424,5
319470,8
319530,5
319535,11
319542,14
319554,8
319573,17
319575,16
319710,7
319739,14
319744,199
319766,6
319769,13
319883,8
319914,22
319941,6
319944,20
319972,6
320021,10
320025,9
320123,7
320229,88
320264,126
320324,5
320326,39
320337,19
320377,18
320395,21
320398,6
320431,6
320446,8
320458,7
320472,6
320506,5
320524,413
320531,9
320586,7
320591,7
320659,7
320693,11
320725,12
320748,12
320815,6
320852,9
320881,8
320924,6
320948,24
320958,16
320994,8
321098,5
321130,6
321155,9
321173,6
321180,8
321240,9
321274,6
321280,10
321318,14
321324,12
321366,9
321372,6
321426,5
321456,128
321464,63
321489,5
321496,7
321505,9
321553,9
321607,9
321611,7
321640,6
321659,6
321701,10
321739,12
321743,6
321775,12
321783,25
321803,7
321833,12
321860,20
321873,6
321917,7
321960,7
322021,6
322075,37
322121,251
322179,14
322203,6
322270,6
322273,6
322277,7
322307,16
322312,16
322322,5
322325,13
322375,17
322390,373
322400,20
322401,17
322418,8
322487,9
322513,6
322554,5
322567,10
322608,16
322610,7
322663,10
322693,8
322712,6
322741,10
322749,18
322758,7
322760,13
322786,8
322790,6
322799,13
322868,31
322888,58
322907,5
322934,8
322946,7
322951,24
323068,11
323071,6
323075,7
323114,7
323120,21
323254,15
323255,29
323347,7
323356,6
323357,10
323377,6
323402,11
323405,11
323449,38
323456,11
323458,6
323461,8
323497,26
323594,7
323642,5
323659,12
323686,17
323710,6
323733,11
323787,12
323812,8
323886,6
323899,6
323911,5
324006,14
324026,181
324033,16
324034,281
324036,9
324037,18
324062,8
324064,23
324085,11
324143,12
324261,115
324303,7
324346,7
324364,6
324387,6
324419,12
324455,6
324477,8
324501,58
324527,10
324541,11
324547,32
324548,33
324581,6
324611,9
324624,6
324648,8
324679,12
324713,9
324914,12
324933,11
325008,8
325028,6
325032,6
325046,9
325134,50
325178,7
325231,6
325238,5
325271,5
325279,123
325305,10
325308,6
325314,5
325316,5
325339,7
325344,8
325375,40
325383,6
325397,9
325470,8
325526,39
325531,6
325543,22
325581,3488
325585,13
325625,14
325631,6
325675,6
325714,20
325716,5
325732,19
325761,5
325901,6
325916,8
325960,21
325968,6
325977,10
326003,9
326014,35
326035,62
326039,7
326166,13
326171,11
326189,7
326192,9
326228,14
326244,5
326290,9
326331,9
326337,6
326383,9
326424,16
326435,13
326440,7
326487,10
326559,5
326583,7
326652,10
326686,6
326705,75
326718,5
326719,8
326726,6
326732,6
326734,12
326735,137
326736,6
326739,6
326756,19
326809,9
326835,7
326866,10
326899,12
326917,7
326951,5
326959,31
326971,31
326987,22
326993,7
327073,14
327142,47
327159,10
327172,9
327211,31
327257,44
327282,5
327312,376
327350,55
327353,9
327362,11
327405,5
327495,25
327518,22
327524,6
327528,9
327531,20
327541,6
327571,27
327669,11
327746,13
327758,5
327806,5
327834,204
327854,9
327878,8
327898,43
327935,10
327948,6
327968,310
327970,6
328010,6
328072,27
328100,7
328109,6
328140,11
328182,6
328199,7
328237,13
328275,37
328296,25
328405,9
328410,6
328416,6
328451,13
328477,7
328591,8
328612,5
328619,5
328630,7
328641,9
328702,6
328709,5
328721,5
328774,5
328784,8
328827,232
328853,11
328882,7
328891,6
328895,7
328907,12
328978,7
329001,15
329057,58
329083,12
329094,8
329127,8
329176,6
329184,9
329209,8
329251,8
329291,19
329328,9
329362,589
329383,6
329400,10
329419,7
329420,54
329451,6
329458,9
329465,7
329477,6
329512,11
329628,16
329689,21
329796,6
329811,65
329812,7
329902,8
329908,6
329945,24
329989,5
330018,10
330069,13
330076,12
330129,6
330203,9
330222,7
330267,6
330335,22
330345,19
330370,7
330379,15
330381,9
330401,6
330422,6
330432,13
330457,13
330487,5
330500,47
330549,10
330550,6
330560,10
330634,20
330643,7
330702,24
330845,6
330911,6
330969,15
330976,9
330979,11
330982,21
331025,5
331036,13
331065,7
331116,6
331140,11
331155,29
331161,17
331252,5
331306,14
331351,35
331381,9
331391,6
331394,9
331403,9
331416,27
331458,7
331468,5
331474,8
331491,5
331511,13
331528,12
331565,9
331617,5
331625,6
331659,5
331663,16
331726,8
331750,6
331862,14
331880,6
331905,9
332041,21
332046,9
332087,58
332094,6
332101,14
332111,13
332137,37
332138,7
332175,8
332205,8
332219,15
332230,7
332237,20
332317,80
332354,6
332398,10
332439,6
332453,6
332466,82
332484,9
332488,21
332539,11
332553,6
332567,16
332576,91
332602,29
332607,17
332608,13
332639,6
332736,11
332737,10
332786,8
332789,11
332840,11
332852,17
332857,7
332892,7
332912,10
332942,6
332951,12
333007,23
333020,7
333073,15
333093,9
333114,5
333171,9
333174,25
333213,14
333313,5
333319,9
333338,7
333360,12
333367,5
333402,146
333409,22
333419,16
333428,6
333559,10
333579,7
333653,7
333701,16
333721,6
333751,6
333754,44
333804,10
333842,5
333844,6
333876,10
333943,14
333964,7
333992,5
333998,10
334124,8
334136,10
334160,66
334161,450
334185,5
334209,11
334244,20
334245,94
334286,5
334338,7
334346,9
334376,11
334393,11
334516,14
334517,6
334570,17
334655,14
334660,5
334671,15
334711,9
334716,7
334726,8
334781,9
334801,22
334809,7
334816,111
334839,71
334883,8
334904,7
335049,10
335061,16
335063,6
335077,18
335090,10
335146,12
335148,10
335181,10
335205,5
335217,19
335221,143
335317,16
335356,6
335385,91
335396,5
335424,6
335449,6
335473,6
335563,49
335568,18
335633,9
335652,11
335656,25
335671,7
335702,7
335737,7
335799,23
335850,6
335865,6
335948,6
335976,18
335994,12
335996,7
335998,6
336006,69
336008,92
336055,43
336056,17
336061,11
336068,9
336091,13
336093,7
336203,5
336238,8
336309,11
336331,6
336373,6
336389,6
336498,13
336534,16
336546,5
336571,26
336601,5
336620,8
336621,11
336628,20
336631,16
336669,9
336672,6
336809,9
336828,7
336889,20
336962,61
336974,6
336975,7
336995,13
337045,59
337063,5
337122,7
337123,12
337125,25
337129,28
337136,8
337178,6
337186,5
337187,6
337369,16
337383,7
337394,43
337405,112
337407,5
337417,26
337569,9
337591,174
337666,28
337673,10
337687,14
337721,6
337766,5
337787,26
337795,7
337823,5
337827,18
337840,7
337846,11
337851,10
337865,10
337877,9
337890,9
337957,17
337981,9
337985,137
337988,8
337989,15
338034,6
338039,31
338069,6
338096,70
338127,11
338161,28
338171,14
338187,5
338207,26
338222,16
338223,16
338233,9
338240,8
338274,23
338293,5
338334,28
338375,5
338399,6
338433,6
338452,13
338491,5
338492,21
338504,31
338519,5
338545,71
338579,31
338671,37
338742,6
338767,6
338813,46
338892,29
338895,7
338898,6
338952,15
338961,12
338970,6
339003,14
339026,47
339029,17
339084,6
339088,6
339113,88
339125,12
339199,14
339222,8
339252,10
339275,8
339276,9
339304,8
339307,6
339308,6
339356,6
339395,7
339403,17
339464,7
339473,16
339494,16
339579,23
339594,25
339608,6
339613,18
339661,10
339662,6
339723,17
339741,28
339771,7
339820,7
339839,7
339847,27
339875,6
339897,10
339911,12
339918,8
339963,15
339965,6
339997,24
339999,7
340004,14
340015,6
340053,7
340078,6
340090,7
340122,10
340370,21
340428,5
340438,8
340447,7
340461,30
340469,6
340479,7
340487,12
340498,7
340513,17
340536,51
340561,15
340570,24
340604,5
340715,6
340760,6
340781,6
340798,86
340836,267
340850,81
340863,8
340882,7
340884,7
340923,10
340934,45
340942,7
340965,31
340966,6
340995,24
341009,10
341011,11
341053,10
341153,6
341248,7
341276,76
341427,6
341434,5
341441,18
341442,5
341457,6
341470,50
341503,6
341520,11
341582,7
341632,6
341646,6
341651,6
341667,7
341694,7
341733,6
341782,190
341833,256
341914,14
341921,24
341938,20
341954,4764
342002,6
342090,9
342094,11
342130,10
342139,6
342163,5
342191,7
342206,51
342229,7
342262,6
342263,17
342285,11
342342,11
342353,11
342369,47
342403,5
342453,37
342558,23
342574,8
342575,10
342591,6
342636,61
342682,7
342707,7
342709,6
342767,12
342774,1823
342792,32
342813,19
342838,24
342940,11
343063,24
343079,12
343084,8
343110,9
343157,6
343168,13
343197,6
343211,5
343260,10
343270,21
343286,39
343292,34
343302,35
343308,18
343356,8
343357,6
343379,8
343404,5
343415,16
343439,8
343491,53
343649,6
343655,5
343685,10
343709,20
343765,10
343773,30
343801,16
343863,255
343911,7
343916,15
343929,6
344003,23
344045,9
344080,14
344109,7
344182,6
344212,23
344218,5
344267,34
344283,9
344289,11
344294,7
344304,26
344307,7
344330,18
344358,9
344383,6
344395,9
344419,6
344444,13
344499,8
344506,67
344511,7
344544,41
344613,7
344653,17
344675,10
344702,8
344716,58
344720,10
344731,8
344784,7
344790,10
344826,6
344918,8
344965,56
344972,7
344994,47
345018,7
345067,13
345075,6
345146,36
345183,6
345256,106
345411,16
345432,9
345532,68
345537,7
345543,8
345565,15
345577,6
345579,8
345590,15
345617,7
345668,8
345689,28
345698,8
345704,8
345748,185
345791,8
345808,22
345811,14
345877,6
345935,29
345981,12
346024,7
346027,34
346028,17
346085,10
346133,7
346218,16
346235,5
346244,8
346346,8
346371,20
346396,6
346399,6
346401,9
346413,5
346431,5
346470,6
346497,18
346543,6
346555,9
346556,6
346561,25
346617,6
346631,46
346670,5
346701,14
346795,58
346820,6
346821,49
346841,26
346869,5
346890,10
346899,9
346934,12
346956,84
346988,6
347022,11
347050,7
347058,6
347251,16
347316,13
347324,6
347331,21
347335,9
347336,7
347342,326
347357,8
347358,153
347439,13
347490,41
347528,15
347543,9
347621,6
347744,10
347761,7
347773,8
347804,7
347807,334
347816,7
347817,13
347818,8
347846,10
347857,11
347879,16
347929,11
347937,9
348019,6
348041,737
348084,11
348095,125
348131,9
348190,10
348332,7
348350,18
348369,10
348384,11
348394,8
348502,12
348509,9
348516,13
348556,9
348565,12
348922,5
349003,9
349079,11
349083,5
349183,6
349272,9
349279,21
349307,8
349332,48
349397,8
349458,7
349537,12
349574,232
349619,5
349648,17
349678,7
349720,35
349724,8
349731,6
349751,7
349797,8
349835,6
349844,7
349871,81
349884,36
349899,11
349911,8
349946,50
349983,18
350006,7
350008,6
350012,45
350065,12
350074,10
350076,8
350109,6
350121,19
350180,5
350186,19
350258,6
350298,5
350313,7
350330,12
350333,7
350339,21
350346,66
350363,14
350420,40
350520,5
350526,10
350527,24
350531,7
350534,99
350547,7
350634,6
350642,10
350766,20
350773,5
350774,9
350804,73
350846,11
350871,10
350918,8
350924,11
350949,8
350974,5
351001,7
351070,79
351098,13
351139,10
351190,7
351197,15
351242,8
351266,10
351321,30
351340,7
351351,10
351361,54
351470,8
351482,7
351538,9
351556,7
351580,6
351736,5
351753,7
351757,6
351767,16
351796,49
351864,22
351964,216
352021,8
352034,10
352059,6
352106,9
352128,35
352135,17
352164,26
352165,12
352181,7
352214,7
352219,25
352281,144
352297,43
352323,527
352338,8
352361,11
352393,19
352459,7
352512,6
352519,84
352581,6
352600,8
352610,7
352614,25
352651,10
352666,5
352674,7
352679,6
352714,6
352742,7
352744,5
352752,16
352775,12
352777,12
352834,15
352852,11
352917,6
353071,24
353086,883
353127,9
353330,5
353351,10
353366,7
353387,14
353445,6
353548,7
353558,31
353594,9
353623,6
353652,7
353673,13
353674,11
353689,6
353727,15
353734,17
353756,28
353768,7
353774,155
353777,7
353795,6
353810,254
353833,14
353864,7
353916,16
353996,172
354037,16
354041,6
354192,10
354211,6
354239,27
354262,67
354314,23
354339,6
354340,10
354361,17
354373,5
354416,16
354552,24
354563,47
354564,30
354575,7
354611,7
354635,7
354643,37
354698,100
354731,8
354809,109
354823,6
354842,24
354893,9
354912,18
354926,12
354927,5
354936,6
354945,15
354960,8
354970,5
354971,6
355049,13
355142,19
355148,33
355185,6
355192,8
355194,9
355233,5
355306,7
355312,45
355348,9
355362,10
355408,11
355425,7
355442,6
355503,14
355510,16
355535,8
355571,20
355612,9
355617,13
355618,8
355676,15
355682,25
355697,28
355712,44
355713,7
355717,150
355743,19
355761,17
355804,17
355834,16
355860,27
355861,14
355923,8
355924,10
355980,13
355988,14
355989,20
355994,24
356030,8
356051,9
356101,10
356107,13
356111,27
356139,10
356142,8
356183,6
356221,23
356251,8
356272,8
356294,10
356311,6
356370,8
356384,7
356387,7
356407,13
356438,8
356513,18
356529,7
356545,19
356546,11
356549,7
356551,9
356570,7
356618,5
356638,14
356673,5
356674,6
356717,10
356726,7
356737,10
356743,6
356758,11
356805,16
356831,72
356833,31
356843,54
356859,5
356873,6
356875,9
356900,13
356919,6
356938,16
357022,7
357024,37
357037,19
357103,7
357133,9
357161,9
357186,27
357187,6
357204,8
357295,5
357296,6
357319,6
357372,81
357471,36
357540,5
357559,22
357635,28
357664,15
357670,6
357685,6
357693,53
357694,6
357769,7
357791,15
357837,5
357856,25
357873,6
357892,10
357938,6
357954,52
357966,39
357969,6
357991,14
358004,9
358011,30
358046,12
358086,460
358111,12
358139,12
358143,116
358180,6
358193,35
358196,5
358222,124
358258,5
358269,20
358371,6
358384,17
358436,8
358438,18
358476,8
358479,29
358501,7
358555,19
358574,8
358590,5
358604,6
358639,11
358655,6
358675,6
358767,6
358840,11
358857,29
358948,14
358969,8
359027,16
359094,8
359101,10
359152,5
359168,11
359169,9
359172,29
359180,16
359289,6
359290,5
359300,7
359323,13
359398,6
359502,77
359513,16
359560,7
359666,34
359744,6
359801,27
359836,88
359852,12
359920,5
359940,7
359959,6
359980,15
359986,13
360020,9
360031,8
360044,8
360070,6
360072,47
360106,7
360114,13
360121,9
360122,12
360168,7
360187,6
360188,41
360290,18
360296,18
360309,6
360320,6
360344,10
360354,97
360355,52
360377,11
360390,6
360415,6
360474,11
360476,9
360485,6
360583,20
360611,7
360754,16
360757,6
360760,31
360789,7
360849,9
360875,11
360876,5
360908,6
360936,13
360951,7
360978,6
360986,6
361012,7
361020,14
361024,6
361035,6
361124,25
361126,7
361146,6
361149,7
361162,8
361265,53
361266,6
361304,28
361339,9
361375,15
361383,6
361431,6
361466,12
361472,13
361526,9
361679,27
361725,5
361821,8
361823,37
361827,13
361870,20
361886,6
361888,5
361969,6
361972,7
361974,11
361997,15
362001,6
362018,53
362025,6
362027,152
362032,31
362040,6
362051,19
362055,7
362064,6
362087,6
362096,12
362123,18
362133,10
362138,6
362142,10
362215,7
362243,8
362278,9
362297,15
362328,29
362348,8
362384,11
362408,6
362412,25
362437,10
362438,17
362446,5
362466,8
362480,5
362489,18
362507,12
362510,8
362522,9
362565,8
362622,17
362687,7
362695,8
362698,15
362700,7
362713,8
362714,8
362736,21
362739,5
362769,29
362776,6
362806,33
362833,7
362838,14
362842,6
362848,13
362849,8
362885,28
362887,5
362929,13
362956,7
363004,11
363110,6
363132,221
363182,61
363203,44
363345,13
363354,7
363366,7
363414,44
363473,9
363482,7
363513,38
363516,39
363545,12
363576,49
363635,6
363664,7
363730,7
363741,19
363742,8
363751,45
363771,13
363794,15
363804,7
363835,6
363848,7
363923,7
363943,54
363959,8
364003,8
364007,8
364024,10
364026,7
364075,7
364105,13
364120,8
364136,13
364143,5
364144,6
364151,6
364209,28
364210,6
364308,10
364337,6
364362,11
364372,6
364390,17
364401,9
364408,27
364420,9
364455,14
364456,7
364610,7
364644,104
364645,7
364649,9
364679,15
364686,8
364691,270
364694,14
364740,21
364747,44
364760,7
364804,9
364821,15
364827,20
364834,6
364850,6
364857,9
364891,9
364892,89
364908,8
364968,8
364974,6
364990,6
364993,8
365065,39
365138,7
365139,8
365201,13
365219,27
365242,6
365245,7
365246,6
365270,5
365273,8
365304,6
365315,9
365345,10
365384,10
365448,6
365479,17
365551,5
365570,6
365574,9
365584,8
365589,32
365604,21
365636,39
365649,20
365677,6
365689,12
365740,7
365758,23
365853,9
365862,8
365893,5
365905,12
365917,10
365934,7
365956,115
365968,10
365972,19
365985,6
366043,18
366065,9
366094,5
366157,11
366164,35
366188,17
366190,6
366204,35
366282,8
366358,10
366419,9
366460,62
366562,6
366574,9
366628,8
366629,26
366645,6
366646,129
366717,15
366748,18
366780,6
366783,19
366790,11
366795,8
366805,8
366825,7
366888,13
366889,19
366947,6
366973,8
366978,5
367019,65
367108,8
367148,6
367176,5
367194,6
367195,6
367207,7
367210,7
367239,9
367282,16
367307,18
367310,23
367370,7
367372,7
367453,35
367462,19
367483,11
367496,5
367518,13
367524,13
367628,8
367708,46
367748,23
367759,5
367775,6
367790,5
367793,6
367857,14
367877,7
367889,6
367909,7
367914,8
368055,7
368060,16
368072,17
368082,34
368110,52
368117,14
368213,17
368331,14
368382,13
368432,8
368486,7
368532,10
368539,6
368582,7
368600,6
368603,10
368620,8
368684,7
368719,7
368725,8
368741,6
368762,28
368873,14
368894,6
368940,7
368983,47
368992,20
368998,19
369041,14
369054,7
369217,8
369227,6
369234,12
369241,32
369276,18
369350,5
369369,7
369384,7
369395,7
369398,9
369493,77
369498,39
369517,7
369616,6
369623,8
369664,7
369687,7
369695,7
369792,22
369818,5
369844,6
369846,9
369903,6
369929,7
369930,14
369966,64
369986,5
370044,8
370050,11
370072,9
370085,9
370087,15
370088,7
370143,7
370227,7
370239,22
370259,9
370285,7
370307,9
370330,15
370346,30
370424,6
370447,10
370448,8
370456,6
370460,21
370491,21
370501,8
370556,8
370577,6
370617,28
370630,7
370659,9
370693,142
370707,27
370713,22
370718,130
370726,11
370741,12
370743,10
370775,7
370829,5
370849,18
370913,39
370920,8
371050,6
371064,9
371083,6
371085,8
371111,10
371119,12
371141,8
371153,12
371162,27
371197,6
371236,7
371245,5
371289,6
371309,8
371368,6
371383,6
371402,15
371517,11
371520,17
371521,7
371563,11
371607,7
371641,14
371653,6
371665,6
371739,6
371751,10
371788,25
371817,19
371822,26
371863,11
371866,14
371872,5
371885,6
371908,107
371939,7
371957,6
371991,6
372005,5
372063,6
372130,6
372135,6
372251,91
372312,9
372323,14
372356,7
372360,6
372478,5
372479,15
372558,14
372560,33
372571,9
372589,5
372597,19
372598,5
372621,6
372643,6
372662,7
372727,9
372744,7
372799,8
372818,14
372932,21
372933,27
372943,40
372992,207
373018,7
373019,6
373091,8
373102,5
373108,9
373110,6
373117,10
373125,18
373148,5
373157,6
373238,5
373321,60
373364,6
373394,15
373441,7
373449,6
373458,11
373467,62
373532,10
373541,8
373550,5
373576,13
373636,7
373661,11
373666,489
373674,6
373746,6
373760,9
373763,7
373767,6
373812,7
373820,6
373821,16
373861,10
373910,8
373911,56
374012,48
374022,10
374023,192
374090,33
374123,7
374124,25
374148,6
374176,5
374233,5
374243,18
374250,7
374267,6
374271,5
374281,7
374284,13
374335,5
374363,7
374457,12
374458,6
374527,19
374531,18
374590,9
374679,18
374680,9
374708,5
374833,6
374839,10
374856,10
374858,10
374906,15
374907,147
374927,11
374948,7
374991,10
375015,5
375027,6
375032,11
375069,30
375149,7
375161,5
375207,26
375234,10
375266,163
375267,8
375275,14
375294,10
375303,6
375329,26
375349,9
375374,5
375375,6
375478,7
375489,22
375505,6
375506,13
375573,6
375600,298
375604,73
375609,8
375652,5
375709,9
375791,14
375845,7
375863,16
375909,47
375971,9
375982,37
375984,239
376000,36
376011,50
376095,105
376169,64
376184,19
376195,7
376239,6
376255,100
376281,6
376319,10
376344,7
376357,13
376468,25
376473,86
376475,8
376505,6
376525,16
376567,9
376654,28
376672,25
376743,5
376744,12
376755,5
376800,43
376811,12
376846,18
376847,10
376870,8
376887,6
376914,10
376936,6
376947,11
377034,15
377049,7
377069,23
377082,6
377096,8
377122,18
377133,8
377170,341
377239,7
377299,13
377323,7
377324,14
377360,10
377368,8
377369,6
377391,14
377406,10
377440,7
377472,5
377543,10
377561,7
377588,7
377592,13
377625,7
377675,11
377678,7
377679,11
377726,9
377756,9
377774,6
377775,7
377781,6
377807,20
377841,9
377853,6
377908,61
377912,8
377931,14
377933,62
377937,9
378004,9
378023,93
378041,9
378047,18
378138,19
378147,39
378165,9
378169,11
378170,10
378177,8
378186,8
378193,5
378209,11
378215,15
378232,22
378238,36
378346,17
378360,13
378395,7
378398,261
378432,9
378438,50
378439,6
378449,11
378503,7
378536,21
378634,5
378645,15
378736,1335
378748,5
378857,7
378924,13
379004,6
379032,8
379063,8
379064,11
379164,6
379272,739
379280,8
379302,11
379351,7
379384,15
379387,16
379409,15
379419,7
379442,11
379457,11
379459,7
379550,760
379601,419
379616,8
379645,90
379656,75
379658,13
379748,6
379783,5
379802,142
379871,66
379918,7
379962,14
379968,13
380022,5
380037,16
380134,14
380144,211
380167,6
380168,229
380169,13
380188,13
380229,6
380277,7
380316,41
380323,17
380388,63
380390,262
380401,7
380437,8
380471,150
380478,24
380480,14
380533,10
380540,15
380552,7
380556,10
380564,13
380568,7
380587,35
380609,6
380615,18
380648,6
380669,6
380695,8
380699,6
380747,284
380761,5
380773,3510
380830,12
380877,7
380888,18
380924,78
380954,29
380979,7
380986,10
381000,11
381097,5
381137,8
381145,32
381192,24
381206,8
381258,8
381261,13
381270,7
381317,10
381364,10
381401,7
381416,38
381424,9
381428,23
381433,19
381483,23
381511,11
381551,5
381559,32
381591,6
381637,36
381652,7
381713,7
381761,14
381805,35
381855,7
381875,8
381908,14
381921,9
381988,15
382052,6
382116,8
382146,6
382163,31
382207,8
382226,6
382259,29
382286,6
382321,17
382349,7
382352,6
382380,7
382403,6
382545,250
382553,3902
382579,6
382592,6
382612,12
382619,11
382627,7
382628,10
382634,6
382655,32
382665,16
382719,8
382759,15
382822,6
382844,7
382865,37
382889,5
383007,12
383010,5
383014,13
383048,17
383130,57
383146,23
383172,5
383183,17
383226,7
383317,129
383323,12
383326,13
383369,6
383388,182
383407,62
383438,72
383450,5
383472,134
383484,46
383604,23
383605,1149
383630,7
383642,70
383677,6
383699,9
383730,6
383750,50
383781,29
383813,6
383828,7
383848,14
383908,6
383912,29
383936,6
383953,40
383955,6
383957,39
383990,8
384017,8
384021,35
384085,7
384104,7
384117,8
384162,17
384213,7
384214,12
384274,9
384283,7
384284,7
384310,9
384318,7
384358,24
384359,9
384363,9
384364,9
384372,8
384383,22
384386,5
384448,10
384457,9
384458,7
384594,12
384618,5
384624,5
384647,7
384682,12
384715,6
384724,61
384829,7
384830,13
384833,5
384846,48
384904,7
384922,13
385015,85
385062,16
385064,11
385079,6
385122,8
385183,26
385186,25
385188,51
385203,6
385260,19
385392,8
385411,29
385477,107
385509,16
385582,6
385585,120
385626,14
385646,8
385658,13
385685,6
385690,10
385735,91
385763,8
385777,14
385795,12
385802,5
385862,6
385898,9
385907,6
385911,7
385930,7
385955,15
385996,6
386053,6
386064,15
386157,26
386172,25
386226,6
386240,6
386247,15
386260,5
386275,6
386276,16
386304,6
386305,13
386349,7
386379,9
386431,10
386469,12
386479,24
386526,6
386540,6
386616,8
386622,18
386709,123
386736,15
386768,325
386769,165
386776,9
386778,8
386789,1117
386826,9
386864,8
386927,7
386972,14
387031,2177
387058,10
387113,6
387127,6
387138,19
387147,9
387152,17
387175,13
387258,14
387267,6
387273,7
387317,173
387331,9
387341,14
387343,8
387394,11
387439,5
387496,8
387523,9
387541,40
387600,25
387643,12
387696,6
387719,31
387738,8
387754,13
387767,7
387770,22
387880,5
387946,11
387978,8
388014,12
388017,52
388024,16
388062,9
388083,17
388112,8
388116,6
388131,32
388172,6
388210,8
388215,20
388222,15
388226,21
388243,9
388302,86
388311,16
388325,13
388338,6
388381,6
388417,5
388419,7
388427,40
388433,8
388456,9
388472,6
388490,6
388551,16
388560,15
388582,40
388617,52
388618,24
388666,6
388692,6
388709,12
388738,8
388745,7
388768,11
388800,9
388813,12
388914,17
388984,19
389012,13
389058,8
389088,10
389132,8
389134,12
389139,7
389141,20
389144,6
389172,10
389207,7
389233,8
389235,28
389255,11
389312,8
389317,5
389328,13
389330,7
389338,12
389340,373
389400,5
389459,12
389508,8
389571,42
389579,31
389586,11
389595,30
389597,5
389605,16
389623,5
389631,6
389657,6
389661,11
389693,32
389805,15
389858,19
389874,126
389912,6
389914,9
389922,19
389923,16
389928,18
389942,8
389990,8
389993,5
390055,15
390064,28
390070,6
390184,5
390257,7
390310,5
390339,11
390390,27
390413,354
390432,23
390450,6
390456,8
390467,7
390470,6
390475,9
390497,8
390501,9
390528,5
390547,6
390556,9
390581,9
390645,9
390689,10
390701,8
390735,8
390741,72
390749,14
390804,19
390824,12
390836,23
390871,6
390969,7
391014,43
391046,10
391076,7
391078,42
391089,6
391142,61
391144,16
391150,34
391176,6
391185,5
391193,37
391228,5
391263,22
391327,7
391362,7
391378,6
391379,6
391383,18
391387,148
391393,31
391404,7
391468,16
391479,6
391557,8
391577,79
391620,6
391717,12
391722,7
391757,7
391773,16
391799,12
391906,6
391943,7
391958,14
391972,12
391984,13
392002,8
392043,211
392055,18
392064,9
392181,9
392184,6
392216,11
392229,7
392240,9
392259,424
392280,6
392281,6
392297,6
392359,5
392361,11
392383,8
392385,13
392387,43
392413,6
392459,6
392496,21
392542,5
392549,17
392570,58
392582,8
392596,22
392599,8
392624,5
392683,6
392696,5
392705,25
392765,8
392773,5
392807,9
392890,18
392923,6
392993,7
393110,7
393127,17
393178,6
393196,10
393210,8
393214,5
393254,5
393391,12
393404,12
393406,15
393415,19
393429,73
393431,7
393478,109
393546,6
393557,5
393561,7
393584,35
393648,11
393649,9
393712,5
393719,49
393723,10
393791,6
393826,11
393854,10
393861,9
393893,10
393906,14
393909,7
394140,7
394168,9
394182,6
394208,8
394239,11
394245,34
394270,14
394304,38
394322,10
394481,8
394505,6
394537,15
394649,498
394750,22
394773,11
394786,8
394797,11
394832,6
394845,12
394848,8
394876,6
394895,7
394912,10
394929,9
394960,7
394995,21
394998,6
395004,5
395018,23
395047,7
395102,13
395166,9
395172,6
395175,15
395210,36
395291,5
395303,6
395341,5
395404,14
395419,20
395460,15
395476,28
395485,9
395489,43
395527,6
395549,6
395559,19
395561,8
395562,11
395563,6
395575,8
395588,10
395692,10
395696,15
395727,11
395750,23
395778,111
395800,10
395818,6
395860,5
395865,6
395883,14
395899,9
395936,6
396002,11
396006,14
396012,20
396120,9
396141,8
396149,10
396156,10
396180,18
396225,10
396244,10
396391,9
396411,22
396457,16
396460,40
396466,10
396533,8
396562,8
396565,6
396635,6
396643,365
396649,13
396676,6
396698,10
396759,12
396801,7
396864,74
396932,7
396950,14
396989,16
397008,8
397011,8
397043,13
397058,14
397066,5
397104,15
397187,6
397260,9
397269,84
397295,10
397356,433
397411,12
397429,16
397445,48
397452,6
397466,7
397489,10
397572,6
397578,8
397592,5
397620,6
397624,14
397630,11
397678,11
397681,14
397711,72
397724,10
397726,8
397728,15
397768,9
397805,130
397842,12
397863,5
397886,2331
397892,5
397906,18
397924,11
397935,27
397956,6
397957,15
397983,15
397990,40
398006,20
398021,15
398022,55
398152,38
398224,7
398234,10
398245,7
398282,25
398337,26
398377,10
398387,5
398393,6
398399,6
398402,6
398406,6
398481,24
398483,6
398518,6
398598,14
398672,6
398682,12
398693,31
398714,5
398726,6
398782,6
398833,6
398882,7
398903,17
398923,5
399025,23
399096,18
399128,6
399261,28
399263,7
399278,19
399377,11
399389,48
399464,41
399518,13
399561,20
399583,5
399587,8
399637,42
399673,6
399689,17
399697,5
399777,9
399800,126
399819,20
399868,6
399955,8
399990,9
399994,8
400011,11
400055,222
400074,9
400089,6
400112,9
400142,10
400153,101
400170,6
400198,45
400206,8
400210,13
400231,9
400235,12
400282,6
400337,6
400384,12
400470,613
400501,7
400516,5
400525,28
400539,44
400585,5
400587,29
400645,6
400676,6
400708,8
400784,15
400785,11
400822,11
400878,17
400886,6
400922,35
400925,11
401027,10
401150,16
401178,5
401203,7
401220,40
401250,65
401257,6
401339,6
401430,7
401448,38
401469,8
401475,16
401503,9
401526,11
401593,6
401595,26
401598,23
401648,12
401697,6
401701,51
401722,10
401725,6
401835,14
401838,6
401840,7
401875,5
401988,42
402009,11
402015,9
402077,6
402084,5
402107,21
402348,5
402367,10
402388,9
402400,7
402405,30
402413,10
402448,13
402457,62
402485,14
402506,15
402531,6
402546,6
402567,11
402568,13
402569,11
402637,5
402710,11
402730,12
402750,7
402783,8
402791,27
402799,13
402848,6
402866,6
402875,25
402894,9
402923,7
402935,10
402975,5
403080,9
403128,11
403220,6
403304,6
403334,10
403356,9
403367,23
403373,16
403375,11
403386,30
403406,6
403421,8
403427,5
403469,8
403474,22
403493,9
403512,6
403540,8
403561,10
403577,7
403661,10
403670,7
403709,11
403741,13
403754,7
403783,16
403837,131
403909,6
403936,6
403970,6
403977,7
404005,26
404043,46
404109,8
404113,9
404137,29
404141,6
404166,8
404205,7
404248,7
404254,9
404335,9
404342,6
404399,14
404412,7
404516,12
404613,8
404627,18
404671,13
404715,14
404716,33
404762,17
404780,6
404796,14
404838,18
404860,11
404880,11
404904,750
404912,8
404921,28
404944,6
405016,28
405053,8
405112,15
405126,7
405127,9
405165,14
405190,15
405246,6
405254,22
405260,9
405263,10
405266,47
405290,7
405364,10
405371,6
405465,17
405470,22
405473,12
405525,6
405562,9
405592,13
405611,5
405616,10
405643,5170
405679,15
405682,73
405694,94
405698,44
405702,7
405748,10
405751,6
405755,6
405770,74
405781,29
405792,77
405813,6
405816,15
405893,7
405895,7
405916,5
405939,13
405940,8
405951,14
405983,8
406007,6
406011,7
406045,8
406157,5
406247,6
406287,38
406322,14
406344,14
406351,6
406386,5
406420,32
406446,17
406463,35
406506,9
406587,9
406588,16
406594,15
406617,5
406629,8
406648,12
406739,5
406770,150
406776,10
406808,8
406943,19
406965,30
407034,10
407056,41
407081,12
407098,23
407099,16
407264,14
407270,7
407325,121
407340,9
407367,14
407369,7
407395,6
407477,9
407504,17
407509,17
407514,9
407542,5
407613,8
407644,37
407702,8
407731,6
407732,6
407741,34
407745,7
407855,8
407881,23
407893,7
407932,7
407962,24
407977,6
407981,26
407996,5
408015,19
408020,14
408063,28
408064,10
408177,6
408182,10
408201,9
408219,17
408224,12
408249,10
408323,9
408325,5
408344,7
408358,8
408380,19
408397,29
408441,6
408450,10
408455,20
408480,6
408496,25
408514,6
408518,13
408519,6
408565,6
408617,8
408621,31
408637,11
408642,6
408666,15
408684,107
408726,5
408749,53
408784,11
408817,144
408853,6
408867,18
408883,19
408902,7
408911,11
408920,17
408964,13
408991,18
409067,14
409077,7
409080,13
409086,9
409156,9
409255,16
409265,9
409271,6
409279,6
409300,6
409302,24
409313,6
409335,9
409349,7
409383,27
409394,6
409399,25
409533,33
409572,6
409600,10
409618,68
409624,10
409637,6
409666,26
409702,59
409715,28
409780,6
409841,16
409873,32
409883,6
409886,26
409898,6
409921,6
410003,6
410027,11
410062,8
410108,6
410160,7
410169,7
410204,11
410241,6
410266,8
410312,11
410315,6
410340,11
410363,44
410411,9
410521,7
410552,10
410561,21
410565,20
410616,6
410627,9
410647,11
410652,5
410675,7
410689,6
410698,63
410730,7
410753,11
410760,8
410769,33
410793,6
410842,26
410948,7
410959,6
410981,10
411004,6
411061,8
411066,20
411187,6
411193,13
411199,6
411218,7
411236,6
411265,135
411273,24
411306,6
411358,7
411359,74
411390,19
411453,7
411493,11
411537,7
411542,9
411565,7
411573,9
411607,37
411611,143
411617,8
411663,7
411664,31
411671,12
411784,7
411803,6
411871,16
411990,19
412046,23
412075,5
412080,6
412108,15
412115,19
412128,22
412181,7
412193,6
412194,7
412211,5
412217,54
412274,116
412384,7
412442,8
412445,7
412478,6
412515,7
412561,22
412567,19
412634,41
412650,39
412651,5
412656,7
412700,63
412734,7
412775,6
412776,12
412786,5
412800,186
412919,8
412928,8
412971,5
412972,18
412976,7
413016,8
413080,10
413116,16
413136,6
413163,5
413209,5
413213,12
413214,32
413228,6
413230,358
413267,177
413311,12
413322,10
413456,10
413576,6
413621,9
413639,6
413731,13
413742,15
413744,7
413748,6
413801,5
413817,152
413832,12
413833,7
413875,8
413929,6
413942,11
413966,6
413975,9
413986,6
413996,6
414038,6
414051,10
414053,8
414074,9
414119,6
414152,7
414157,12
414164,7
414208,14
414231,11
414262,7
414374,7
414397,8
414399,6
414410,8
414456,8
414511,7
414522,21
414534,9
414579,11
414587,5
414618,7
414619,38
414632,5
414654,7
414691,102
414701,5
414705,7
414713,8
414716,17
414752,6
414766,23
414781,10
414869,13
414889,6
414923,7
414936,9
414959,5
414979,6
414983,9
414992,27
415012,7
415036,10
415058,8
415066,20
415073,10
415089,12
415108,6
415109,7
415177,12
415232,19
415239,7
415240,10
415249,5
415265,25
415275,29
415279,6
415297,7
415334,6
415401,7
415416,18
415422,10
415479,16
415497,5
415588,8
415600,43
415621,7
415637,9
415639,7
415640,28
415652,5
415670,13
415750,7
415765,645
415771,6
415782,28
415783,14
415792,6
415814,7
415852,25
415856,9
415877,8
415879,153
415926,14
415957,94
415969,21
416013,67
416041,12
416098,23
416126,15
416154,24
416188,8
416216,23
416243,7
416255,74
416258,11
416268,11
416281,11
416303,5
416422,7
416438,13
416528,7
416529,7
416547,10
416587,11
416635,49
416680,6
416705,10
416723,5
416730,8
416768,8
416798,5
416823,12
416828,415
416840,13
416867,23
416877,9
416910,17
416944,10
416969,6
417013,8
417031,7
417041,6
417053,9
417091,1936
417132,22
417208,10
417252,6
417253,7
417257,13
417265,6
417301,13
417353,8
417355,5
417359,6
417360,34
417411,5
417497,9
417564,7
417602,7
417714,8
417800,25
417958,6
417995,6
418040,11
418108,5
418125,6
418142,9
418167,7
418264,5
418267,5
418309,5
418317,51
418333,18
418343,11
418394,25
418406,6
418411,9
418412,40
418496,49
418503,12
418597,9
418674,7
418690,8
418694,10
418715,8
418777,24
418796,6
418814,10
418822,120
418848,9
418855,5
418868,8
418879,30
418917,26
418932,7
418938,6
418946,7
418985,32
418986,12
419048,6
419075,7
419134,19
419145,15
419152,8
419172,10
419199,7
419246,6
419264,35
419285,7
419330,6
419342,8
419393,19
419456,6
419515,44
419520,7
419535,7
419555,7
419562,10
419588,83
419624,9
419654,5
419662,9
419677,8
419679,17
419695,27
419699,5
419700,8
419708,10
419712,6
419713,7
419719,7
419730,6
419734,7
419808,17
419816,16
419822,9
419825,13
419848,13
419875,11
419879,5
419909,33
419930,13
419962,6
419964,7
419980,24
419984,7
420059,31
420079,6
420114,7
420128,6
420129,8
420144,5
420153,7
420197,6
420243,5
420253,10
420280,7
420287,10
420311,5
420321,138
420328,9
420385,7
420397,9
420445,8
420459,7
420486,5
420495,8
420539,6
420553,5
420635,6
420691,35
420704,14
420707,13
420715,10
420743,8
420769,27
420781,6
420866,21
420897,134
420932,9
420939,229
420940,10
420984,830
421016,8
421031,6
421057,6
421068,22
421079,6
421104,14
421131,11
421150,32
421249,57
421261,6
421277,10
421306,13
421327,11
421342,9
421373,6
421428,7
421516,77
421522,8
421537,13
421563,8
421575,7
421650,6
421674,6
421683,8
421693,5
421710,5
421719,5
421781,7
421805,6
421811,5
421873,19
421919,10
421930,7
421933,254
421940,7
422034,11
422044,39
422058,8
422069,5
422080,63
422081,22
422095,12
422130,24
422142,10
422175,77
422202,8
422230,6
422244,17
422254,8
422283,10
422289,21
422292,7
422337,7
422357,125
422395,14
422476,7
422502,12
422516,26
422564,33
422572,13
422581,21
422582,13
422619,29
422628,8
422672,12
422701,8
422730,7
422760,14
422812,9
422827,12
422910,6
422973,5
423009,5
423010,48
423043,11
423088,11
423098,9
423105,7
423113,7
423132,11
423148,7
423149,17
423158,11
423223,6
423224,5
423228,8
423249,13
423269,192
423317,7
423378,36
423401,6
423475,24
423488,8
423496,7
423542,6
423555,8
423557,10
423579,9
423611,15
423658,17
423801,16
423830,8
423845,13
423863,8
423896,8
423921,6
423994,10
424055,7
424072,8
424078,6
424106,6
424117,15
424130,8
424173,6
424203,11
424235,7
424297,47
424313,5
424323,8
424342,11
424400,21
424403,20
424465,6
424496,9
424511,8
424530,16
424532,13
424564,15
424570,12
424572,6
424591,5
424612,28
424615,10
424641,6
424664,5
424711,13
424713,11
424737,17
424814,6
424846,115
424863,6
424864,8
424918,10
424920,10
424941,10
424980,15
424987,16
425114,59
425126,31
425150,13
425156,7
425178,35
425179,6
425193,6
425208,15
425217,6
425244,6
425245,66
425253,28
425262,9
425317,13
425321,5
425341,10
425451,14
425457,18
425515,5
425553,14
425555,56
425600,6
425610,22
425613,18
425627,7
425671,6
425682,29
425712,7
425727,5
425729,11
425744,6
425749,5
425789,12
425802,10
425812,23
425966,25
425980,17
425982,9
425999,6
426013,9
426070,6
426075,16
426106,27
426115,5
426117,12
426119,18
426120,6
426121,24
426157,6
426238,10
426262,9
426267,7
426268,6
426531,8
426538,21
426546,38
426550,8
426563,1196
426592,28
426609,20
426628,45
426639,17
426652,8
426691,6
426724,12
426728,11
426731,8
426741,7
426750,7
426765,8
426823,7
426871,7
426909,6
426912,8
426990,6
426996,22
427042,24
427043,7
427085,5
427098,7
427130,10
427145,20
427158,9
427175,6
427244,6
427274,6
427279,40
427280,23
427293,6
427294,6
427323,6
427415,14
427452,9
427489,17
427551,8
427556,34
427570,34
427576,9
427582,22
427583,8
427655,7
427671,10
427678,5
427696,7
427748,13
427772,5
427774,8
427783,13
427788,5
427824,8
427865,8
427867,7
427894,6
427918,9
427986,89
428041,10
428047,11
428056,32
428063,188
428113,8
428120,17
428164,8
428193,7
428223,238
428281,17
428351,19
428357,8
428383,11
428392,49
428413,75
428477,16
428480,12
428511,5
428548,12
428552,7
428555,6
428591,10
428605,67
428615,17
428630,9
428660,15
428748,13
428764,5
428769,26
428775,13
428839,7
429028,7
429048,7
429062,26
429063,6
429077,5
429129,8
429151,7
429204,6
429211,5
429274,9
429275,9
429396,6
429399,23
429408,6
429409,84
429411,249
429435,14
429436,6
429450,10
429525,51
429531,9
429545,5
429557,7
429589,34
429590,7
429613,10
429644,6
429689,35
429695,10
429733,10
429758,5
429785,27
429799,6
429849,77
429876,19
429951,27
429961,6
429998,6
430025,9
430034,11
430047,17
430078,11
430121,6
430140,5
430149,6
430150,8
430170,240
430287,7
430329,6
430332,11
430388,7
430446,51
430458,11
430466,16
430511,7
430533,11
430562,15
430563,48
430595,11
430656,5
430686,18
430733,8
430742,9
430755,7
430843,14
430875,11
430922,6
430942,6
430981,7
431017,19
431034,38
431035,6
431043,9
431063,16
431092,12
431135,44
431173,30
431198,5
431212,10
431214,7
431236,16
431249,12
431283,9
431303,6
431317,425
431369,6
431384,10
431448,5
431503,22
431529,20
431551,19
431580,8
431621,25
431634,19
431643,6
431656,28
431728,6
431761,57
431767,7
431814,18
431816,12
431823,33
431843,7
431854,16
431908,6
431921,15
431988,5
432001,26
432006,8
432025,7
432030,6
432035,16
432113,7
432126,13
432129,22
432141,9
432188,29
432214,6
432260,5
432268,5
432276,37
432342,8
432372,8
432378,7
432396,8
432442,51
432443,40
432487,5
432514,9
432541,78
432576,9
432666,5
432683,9
432704,12
432775,19
432807,21
432926,15
432990,16
432996,5
433000,7
433126,10
433165,6
433166,8
433175,5
433208,6
433232,11
433292,54
433353,6
433408,12
433452,33
433459,8
433512,185
433548,25
433614,22
433629,14
433664,25
433667,355
433723,62
433732,22
433736,44
433756,8
433762,6
433763,55
433767,5
433770,15
433788,12
433819,14
433822,12
433846,36
433848,10
433857,6
433909,13
433930,36
433972,26
433982,9
433985,37
434005,6
434012,7
434061,7
434121,9
434177,7
434189,17
434208,22
434224,6
434225,6
434308,9
434335,6
434355,6
434376,6
434405,8
434428,7
434431,903
434443,6
434473,8
434483,88
434490,177
434496,9
434549,8
434577,13
434607,5
434613,5
434614,7
434672,7
434675,6
434719,25
434720,9
434721,7
434728,11
434735,24
434778,13
434815,6
434832,26
434842,6
434857,9
434858,8
434863,10
434878,6
434887,7
435058,50
435116,544
435241,15
435282,7
435388,8
435399,74
435447,13
435452,17
435490,7
435568,70
435580,12
435613,11
435696,9
435706,7
435747,6
435748,22
435775,19
435789,93
435869,6
435873,7
435921,6
435974,5
436069,6
436089,9
436130,7
436141,8
436165,14
436195,6
436224,9
436241,47
436244,10
436277,92
436297,6
436301,7
436315,6
436348,41
436394,16
436446,14
436480,12
436488,5
436499,77
436513,6
436539,6
436563,21
436636,13
436736,6
436746,10
436748,8
436781,8
436788,9
436837,6
436838,10
436852,116
436886,5
436925,7
436952,5
436982,7
436996,9
437040,21
437047,26
437050,15
437077,11
437085,13
437088,16
437133,9
437247,8
437272,6
437307,11
437311,8
437411,27
437419,5
437432,13
437442,7
437470,7
437503,7
437516,11
437534,5
437535,15
437536,39
437609,19
437649,17
437653,5
437698,8
437743,16
437801,10
437822,11
437830,9
437833,9
437859,10
437866,6
437917,7
437919,14
437952,7
438024,7
438046,7
438057,7
438072,9
438076,6
438079,6
438084,6
438087,29
438106,6
438119,7
438158,18
438215,18
438307,52
438329,22
438356,7
438416,6
438428,20
438437,12
438463,8
438474,7
438505,11
438530,9
438557,11
438594,16
438712,8
438738,6
438742,59
438773,5
438812,217
438824,30
438832,9
438840,7
438860,12
438873,15
438882,5
438931,8
438933,8
438944,26
439024,6
439036,7
439037,5
439044,121
439046,7
439188,7
439251,33
439260,6
439318,10
439339,16
439348,9
439480,8
439529,9
439543,6
439569,5
439658,9
439781,17
439788,7
439806,9
439833,7
439838,6
439886,6
439913,6
439914,6
439915,7
439919,11
439946,8
439960,6
439976,13
440011,5
440013,6
440070,12
440093,30
440111,5
440154,12
440166,5
440168,8
440212,8
440223,6
440225,26
440237,8
440256,45
440258,49
440293,8
440294,20
440319,6
440324,31
440343,6
440345,20
440391,6
440452,9
440457,11
440462,9
440530,11
440602,10
440608,6
440614,10
440615,20
440701,8
440892,6
440904,13
440942,11
440948,38
440984,12
441013,9
441074,5
441080,53
441102,11
441121,10
441147,16
441173,7
441192,14
441215,5
441253,6
441337,6
441344,13
441359,7
441362,23
441366,6
441384,256
441462,6
441553,9
441608,8
441656,6
441675,12
441681,6
441686,27
441713,18
441754,5
441755,5
441818,6
441847,6
441848,6
441862,6
441869,8
441876,10
441925,22
441943,7
441963,32
441966,292
441984,6
441989,13
441991,84
442008,26
442045,50
442058,24
442060,27
442064,6
442100,6
442184,27
442250,48
442269,18
442297,9
442355,5
442360,9
442375,5
442397,14
442427,5
442541,32
442565,6
442590,20
442593,7
442614,13
442646,11
442691,14
442704,9
442725,9
442756,18
442761,7
442777,11
442810,16
442817,9
442882,18
442939,7
442964,109
442969,17
442977,9
442997,13
443011,7
443075,8
443090,6
443115,34
443166,6
443215,6
443352,8
443395,5
443414,8
443435,6
443436,28
443460,7
443501,55
443517,7
443569,14
443591,27
443665,6
443680,27
443699,10
443711,14
443722,6
443729,72
443759,7
443810,5
443833,14
443877,10
443889,15
443893,10
443901,7
443914,8
443952,14
444002,6
444016,8
444022,5
444040,17
444088,8
444108,7
444109,6
444122,7
444140,9
444149,6
444214,6
444216,8
444226,8
444234,9
444313,14
444330,95
444341,13
444416,8
444516,169
444521,7
444552,9
444561,22
444573,8
444583,10
444594,25
444618,13
444760,29
444875,6
444898,9
444943,10
444959,8
445010,8
445042,5
445052,5
445053,12
445072,6
445073,13
445075,10
445091,5
445094,32
445115,6
445134,8
445171,6
445233,10
445235,27
445236,6
445362,6
445418,10
445421,6
445436,14
445464,8
445514,16
445526,7
445528,9
445540,9
445550,8
445554,13
445601,5
445604,21
445612,9
445713,5
445734,64
445818,5
445819,6
445834,10
445846,8
445851,12
445859,7
445887,6
445915,6
445921,16
445949,14
445966,55
445973,14
445980,16
446031,6
446032,7
446051,7
446058,10
446067,12
446071,11
446118,11
446128,25
446129,16
446138,11
446146,31
446209,7
446213,31
446245,5
446248,6
446264,5
446338,18
446421,6
446448,8
446478,7
446504,6
446542,8
446550,12
446666,10
446678,14
446703,11
446708,6
446764,15
446775,19
446821,8
446900,16
446935,6
446939,6
446943,8
446991,6
447058,18
447095,15
447105,6
447108,53
447152,18
447165,7
447193,69
447203,16
447214,17
447217,6
447236,116
447237,6
447289,7
447301,7
447311,22
447315,6
447322,11
447375,6
447426,5
447573,14
447593,13
447603,5
447633,11
447675,17
447721,22
447808,6
447883,6
447931,7
447987,6
448014,7
448026,12
448053,8
448067,6
448076,6
448110,92
448188,8
448247,8
448274,14
448279,11
448315,26
448325,19
448351,7
448352,8
448358,5
448370,6
448397,8
448403,8
448416,14
448439,9
448442,14
448503,9
448579,70
448584,6
448588,5
448606,10
448632,5
448634,8
448713,17
448738,11
448769,6
448800,11
449000,17
449015,8
449036,6
449132,5
449138,8
449157,7
449165,12
449186,56
449210,10
449232,7
449265,7
449320,11
449340,11
449348,10
449361,25
449390,6
449395,5
449400,9
449502,27
449609,13
449614,26
449673,15
449689,71
449720,26
449721,12
449734,9
449747,8
449758,6
449772,8
449781,6
449783,27
449785,9
449796,9
449825,83
449886,20
449906,9
449990,7
450001,11
450002,7
450009,17
450013,21
450023,12
450060,10
450102,7
450119,15
450193,50
450350,9
450402,12
450456,16
450466,11
450652,7
450672,13
450673,8
450705,6
450804,7
450819,7
450939,17
450957,26
450982,8
451013,6
451035,9
451045,8
451084,14
451093,6
451122,7
451131,10
451156,14
451163,6
451181,12
451192,53
451210,6
451212,7
451233,55
451256,13
451258,15
451280,110
451289,3823
451291,6
451324,6
451364,11
451365,8
451424,6
451444,18
451459,15
451512,11
451513,69
451517,59
451530,11
451546,32
451571,25
451617,7
451633,7
451641,13
451658,8
451681,8
451702,82
451718,6
451747,8
451771,16
451785,96
451792,63
451878,25
451915,32
451918,35
451925,11
451949,8
451955,7
452002,104
452009,20
452063,22
452083,31
452188,7
452234,25
452279,21
452281,5
452338,12
452366,7
452383,7
452389,6
452418,12
452419,8
452432,12
452440,14
452454,5
452455,6
452456,8
452510,6
452531,12
452635,12
452636,5
452649,7
452658,70
452666,11
452724,24
452777,9
452778,11
452789,5
452822,24
452861,60
452898,14
452918,9
452925,5
452978,359
452996,12
453001,15
453021,6
453042,13
453053,6
453060,46
453072,7
453101,9
453157,17
453186,7
453199,10
453214,6
453225,14
453236,7
453267,6
453286,5
453293,7
453329,10
453331,71
453332,7
453372,6
453451,17
453459,33
453518,10
453541,13
453560,9
453563,7
453617,135
453634,10
453682,5
453688,22
453727,10
453833,42
453850,43
453859,41
453875,6
453916,23
453950,19
453983,33
453990,7
453991,14
454048,44
454162,13
454179,8
454206,41
454212,18
454242,9
454326,6
454362,6
454364,6
454396,12
454529,8
454531,10
454551,11
454628,5
454637,23
454701,7
454702,6
454782,5
454814,10
454853,7
454865,5
454882,24
454886,8
454950,6
454961,6
454983,6
455023,10
455073,29
455100,6
455110,11
455113,5
455127,14
455175,21
455191,6
455211,6
455212,15
455229,7
455246,7
455252,9
455253,64
455254,17
455295,30
455301,12
455338,10
455348,76
455373,6
455381,15
455382,6
455463,7
455525,12
455579,5
455594,6
455611,7
455634,5
455692,5
455712,12
455734,7
455862,19
455935,18
455937,5
455970,54
455979,7
456109,6
456165,61
456178,5
456179,8
456245,10
456276,8
456278,7
456345,7
456380,11
456405,11
456451,9
456537,6
456618,14
456628,7
456662,9
456708,6
456716,7
456726,18
456770,6
456777,11
456792,9
456794,20
456900,7
456948,7
457003,5
457004,6
457032,10
457057,8
457168,9
457198,7
457243,38
457259,25
457301,11
457347,294
457417,8
457468,14
457521,10
457569,6
457583,14
457593,5
457596,15
457641,26
457644,21
457659,55
457671,5
457680,15
457700,6
457713,30
457719,8
457732,8
457761,18
457773,22
457783,9
457784,26
457790,16
457850,9
457857,9
457890,16
457958,11
458000,6
458023,28
458058,6
458098,35
458104,15
458125,97
458127,5
458180,6
458185,7
458194,8
458207,21
458217,10
458230,6
458259,6
458279,8
458296,72
458306,5
458348,15
458372,10
458385,6
458425,7
458426,10
458475,13
458478,5
458489,9
458494,6
458497,19
458505,10
458543,23
458552,10
458553,10
458580,5
458624,6
458625,97
458636,23
458658,7
458677,56
458692,122
458728,6
458747,50
458778,5
458792,6
458818,8
458825,12
458830,33
458859,6
458878,8
458907,25
458919,28
458972,5
458974,32
458986,190
458996,11
459014,5
459042,6
459077,67
459113,6
459170,6
459202,6
459212,7
459230,6
459291,6
459311,23
459322,25
459327,23
459337,17
459389,6
459416,11
459442,8
459446,10
459455,78
459481,5
459513,9
459778,6
459787,5
459813,10
459819,26
459847,5
459915,5
459985,11
459997,7
460001,15
460071,22
460090,119
460095,67
460243,20
460361,17
460376,20
460383,13
460415,6
460528,9
460557,9
460577,10
460594,8
460611,6
460715,31
460755,13
460767,8
460825,29
460835,7
460855,7
460895,9
460914,7
460955,5
460960,20
460987,8
461010,53
461086,14
461123,18
461139,7
461228,23
461278,8
461298,6
461362,8
461408,6
461412,6
461413,21
461430,10
461450,33
461506,10
461508,5
461525,6
461548,11
461618,10
461621,15
461624,24
461650,24
461684,10
461695,5
461714,27
461724,176
461750,6
461764,6
461773,5
461846,14
461865,6
461899,7
461911,136
461950,32
461962,6
461968,927
461988,8
462032,11
462033,7
462049,10
462147,5
462151,6
462169,5
462177,11
462183,7
462216,14
462292,9
462310,498
462322,10
462364,16
462428,5
462542,6
462596,9
462669,25
462671,5
462703,9
462710,14
462772,6
462773,11
462839,6
462873,14
462890,35
462904,7
462918,6
462955,8
462974,6
462999,13
463004,11
463011,27
463016,6
463046,11
463060,33
463106,9
463107,13
463121,8
463177,31
463181,9
463228,11
463283,10
463303,18
463327,7
463359,8
463360,7
463365,11
463435,10
463437,6
463472,7
463506,13
463526,10
463537,8
463560,32
463603,29
463661,7
463731,8
463849,8
463866,22
463877,22
463899,11
463913,8
463950,10
463963,6
464010,17
464039,39
464060,5
464061,14
464113,23
464124,8
464134,24
464197,5
464203,8
464279,21
464309,8
464321,10
464396,8
464397,25
464482,6
464565,31
464567,6
464636,14
464665,6
464670,17
464686,13
464744,8
464745,18
464775,6
464780,7
464784,60
464886,10
464905,16
464926,19
464974,6
464980,13
465019,14
465033,7
465034,28
465060,10
465074,12
465081,30
465097,6
465109,12
465144,6
465176,8
465230,5
465282,8
465304,23
465313,6
465347,10
465380,7
465462,7
465507,6
465512,58
465523,5
465555,7
465584,8
465597,19
465659,6
465673,5
465727,8
465849,6
465880,20
465923,6
465924,6
466010,6
466112,10
466126,35
466135,5
466162,6
466169,5
466185,6
466266,15
466306,7
466318,6
466351,12
466391,24
466393,9
466432,6
466440,13
466500,22
466505,5
466520,7
466536,5
466539,6
466558,24
466569,13
466632,16
466638,7
466755,8
466794,11
466811,12
466817,18
466862,6
466923,22
466946,9
466982,7
467034,7
467082,25
467089,5
467097,9
467121,8
467199,11
467248,7
467272,23
467305,7
467317,10
467328,5
467394,15
467418,14
467455,20
467467,9
467495,17
467502,162
467522,5
467531,5
467532,11
467565,5
467568,7
467573,13
467810,179
467813,10
467868,7
468009,6
468014,7
468080,5
468094,11
468099,30
468106,8
468119,7
468149,23
468226,10
468292,164
468327,10
468330,5
468356,6
468364,9
468385,16
468423,6
468432,5
468573,42
468620,10
468627,7
468668,28
468712,7
468747,6
468760,7
468785,13
468823,24
468849,8
468868,7
468872,28
468878,18
468894,12
468898,12
468903,70
468921,7
468926,7
468942,58
469065,28
469098,7
469116,14
469168,10
469179,25
469180,7
469200,7
469250,8
469290,8
469301,9
469307,23
469311,10
469331,6
469522,11
469537,15
469577,6
469584,7
469705,141
469726,8
469830,8
469849,85
469865,6
469895,9
469906,14
469922,9
469942,18
469962,13
469966,14
469984,28
470020,30
470025,6
470032,6
470034,8
470076,7
470107,9
470127,8
470206,6
470219,7
470249,13
470252,8
470272,6
470361,8
470374,9
470375,13
470414,7
470431,6
470457,7
470511,8
470573,6
470578,13
470644,5
470646,5
470691,5
470692,13
470715,6
470725,34
470750,6
470751,6
470752,6
470755,7
470790,14
470871,7
471028,7
471036,10
471055,7
471057,47
471075,77
471080,15
471103,13
471179,5
471184,12
471190,6
471264,6
471268,8
471414,7
471425,9
471527,22
471590,15
471634,6
471636,8
471657,6
471659,16
471671,17
471678,11
471707,70
471719,8
471733,11
471781,9
471786,24
471829,82
471904,71
471948,12
471974,48
472046,6
472157,6
472182,12
472189,7
472197,7
472240,23
472259,7
472314,17
472342,5
472422,14
472464,6
472484,24
472501,6
472528,9
472593,64
472607,35
472661,6
472702,7
472711,12
472804,5
472837,6
472860,9
472875,107
472882,7
472912,9
472913,9
472916,57
472998,8
473017,11
473024,7
473026,12
473070,6
473073,8
473123,6
473147,7
473149,6
473253,18
473274,134
473277,134
473304,7
473306,7
473387,6
473402,251
473408,12
473496,17
473513,8
473515,10
473545,6
473551,11
473554,6
473609,9
473623,6
473654,6
473688,5
473734,78
473778,5
473820,6
473821,5
473864,7
473893,7
473924,9
474057,8
474140,34
474159,9
474163,7
474167,5
474254,14
474290,23
474302,11
474327,6
474341,6
474380,25
474428,27
474435,6
474496,9
474544,6
474547,22
474599,7
474604,8
474622,6
474638,10
474645,6
474647,6
474777,7
474786,34
474795,6
474860,6
474881,14
474916,6
474920,6
474928,15
474964,11
474965,7
474993,216
475040,8
475051,8
475056,7
475057,10
475082,6
475098,7
475169,41
475175,6
475183,7
475187,24
475201,5
475221,10
475236,5
475259,7
475315,11
475324,15
475396,9
475407,5
475535,9
475547,6
475556,15
475576,5
475590,8
475645,7
475670,18
475680,5
475705,169
475725,27
475766,21
475774,8
475815,6
475844,15
475864,65
475923,10
475942,7
476024,13
476044,12
476076,11
476084,16
476106,6
476124,8
476127,30
476152,29
476181,8
476209,42
476239,24
476251,16
476266,16
476282,9
476400,25
476612,6
476690,46
476741,7
476778,5
476794,199
476815,7
476967,37
476975,38
477005,8
477031,13
477051,66
477088,9
477164,120
477189,9
477194,27
477235,21
477255,16
477309,7
477342,41
477363,7
477365,8
477366,9
477374,9
477386,28
477407,11
477451,8
477455,10
477484,16
477485,7
477499,20
477558,20
477573,124
477582,12
477613,17
477633,8
477664,6
477678,28
477702,6
477707,14
477762,8
477792,6
477817,5
477827,9
477890,7
477901,10
477931,6
477934,18
477941,6
477971,16
477982,16
478019,7
478027,29
478029,6
478054,34
478076,6
478098,7
478099,7
478109,10
478190,21
478192,18
478193,7
478224,9
478240,6
478281,5
478285,13
478330,40
478382,7
478409,8
478431,14
478436,6
478443,6
478444,7
478458,8
478476,20
478484,188
478500,6
478515,23
478533,6
478542,46
478570,6
478600,6
478626,6
478632,6
478700,71
478703,5
478707,8
478713,5
478719,6
478772,24
478883,7
478889,8
478904,28
478910,29
478946,14
478960,9
478972,7
478975,7
479016,13
479025,12
479087,10
479101,7
479156,32
479162,8
479177,62
479187,6
479214,6
479215,9
479325,35
479347,6
479354,6
479385,6
479432,6
479442,15
479445,23
479474,5
479486,11
479508,25
479607,6
479701,46
479705,12
479783,6
479802,7
479819,9
479843,31
479861,8
479873,8
479908,12
479913,5
479930,7
479954,8
479988,18
480004,5
480038,22
480047,5
480072,10
480073,10
480104,15
480128,21
480144,6
480152,7
480155,21
480291,22
480294,27
480300,10
480316,50
480334,65
480516,15
480538,33
480554,5
480558,5
480589,7
480631,16
480646,6
480696,5
480699,13
480705,12
480776,7
480789,209
480809,19
480842,7
480921,11
481024,11
481066,18
481154,40
481174,10
481183,11
481200,26
481217,8
481237,11
481243,18
481251,9
481252,7
481285,10
481290,8
481361,7
481390,24
481409,124
481415,6
481420,11
481426,8
481457,6
481458,6
481501,6
481532,14
481575,5
481582,6
481600,9
481601,10
481604,11
481618,6
481646,8
481648,23
481708,9
481714,10
481804,30
481840,20
481942,16
481983,6
481988,6
482003,12
482015,9
482054,17
482106,6
482129,10
482159,5
482207,8
482239,6
482241,5
482243,22
482249,9
482263,5
482265,6
482278,7
482294,17
482328,9
482429,6
482514,23
482585,7
482599,8
482616,8
482626,6
482681,9
482705,15
482737,7
482789,10
482807,6
482837,6
482989,7
483003,15
483041,6
483057,10
483064,7
483070,47
483072,7
483087,17
483089,8
483096,860
483105,6
483112,6
483117,11
483150,18
483190,8
483219,5
483229,16
483266,9
483267,11
483388,5
483393,7
483394,9
483420,41
483473,15
483491,6
483503,10
483504,5
483555,7
483634,6
483646,12
483667,5
483962,6
483969,13
483989,39
484038,35
484186,134
484197,6
484209,5
484247,7
484313,6
484363,10
484364,6
484402,7
484419,15
484431,6
484436,27
484475,13
484509,6
484556,6
484561,5
484596,10
484603,6
484628,8
484668,37
484737,14
484739,7
484760,18
484778,13
484836,34
484872,11
484891,15
484929,13
484933,6
484985,30
485048,25
485050,5
485073,16
485154,7
485285,26
485291,6
485321,25
485332,6
485351,6
485393,6
485428,6
485466,36
485471,5
485487,10
485502,42
485532,5
485562,25
485571,6
485606,201
485629,6
485660,10
485692,5
485801,30
485809,6
485819,7
485839,5
485840,36
485865,9
485869,132
485894,10
485901,6
485904,5
486005,12
486041,13
486073,8
486096,26
486156,9
486211,16
486217,8
486218,11
486231,20
486262,7
486268,21
486284,10
486392,22
486425,5
486440,11
486470,31
486476,11
486504,7
486508,8
486562,12
486605,6
486617,11
486660,6
486680,6
486686,100
486747,10
486815,19
486824,6
486830,8
486834,13
486859,8
486870,5
486916,5
486919,9
486952,11
486956,9
487000,67
487004,15
487016,8
487048,45
487140,7
487166,19
487246,6
487269,17
487273,21
487295,9
487307,24
487332,8
487354,11
487371,10
487384,19
487413,15
487459,12
487550,8
487593,8
487604,8
487605,5
487664,6
487668,11
487670,7
487683,5
487704,20
487727,9
487730,8
487731,13
487887,138
487924,9
487935,13
487949,82
487951,24
487968,20
487973,11
488105,8
488109,25
488173,8
488185,5
488227,6
488297,6
488359,16
488413,7
488480,11
488502,15
488535,12
488543,9
488563,5
488575,16
488627,12
488634,15
488686,6
488713,8
488854,52
488927,11
489030,7
489045,12
489091,5
489094,8
489106,56
489107,7
489119,13
489153,5
489159,24
489180,22
489194,32
489221,10
489316,13
489362,11
489368,25
489381,5
489382,9
489404,19
489405,16
489428,5
489431,6
489438,9
489466,21
489520,32
489526,6
489542,35
489579,65
489582,8
489600,18
489615,9
489662,6
489663,5
489804,8
489831,22
489915,5
489927,17
490000,7
490047,8
490061,15
490127,29
490136,5
490137,7
490151,6
490158,27
490190,59
490207,7
490259,14
490285,6
490290,147
490304,7
490305,6
490306,7
490316,8
490474,16
490483,14
490538,5
490608,5
490631,16
490712,105
490876,21
490880,11
490898,12
490936,11
490943,8
490955,8
490967,18
491040,9
491051,16
491098,14
491134,6
491146,14
491184,6
491191,6
491222,6
491224,20
491253,6
491263,6
491308,30
491346,10
491393,102
491411,7
491428,14
491431,12
491452,8
491469,44
491482,7
491549,13
491565,11
491570,9
491598,21
491644,9
491653,18
491683,17
491707,9
491732,45
491826,10
491875,90
491948,6
491961,92
491967,7
491968,8
492030,10
492050,6
492099,7
492100,5
492104,7
492122,12
492174,6
492175,9
492179,8
492185,7
492186,7
492272,5
492277,41
492287,7
492296,14
492316,10
492317,9
492328,36
492386,9
492390,12
492414,11
492423,26
492470,6
492533,6
492593,5
492605,11
492710,8
492722,13
492730,55
492766,9
492841,6
492844,10
492847,29
492848,8
492849,12
492853,12
492869,11
492872,164
492873,7
492944,12
492971,6
492977,22
492982,6
492987,10
492994,9
493004,5
493005,29
493009,7
493028,13
493047,7
493062,18
493080,6
493114,55
493144,7
493184,25
493197,6
493207,6
493233,21
493243,6
493308,6
493315,9
493333,13
493375,8
493414,36
493439,6
493444,9
493460,13
493506,17
493515,20
493528,11
493556,14
493607,49
493687,6
493706,12
493738,12
493764,10
493787,14
493790,6
493796,9
493802,5
493835,34
493839,5
493841,21
493856,62
493939,8
493953,7
493954,7
494010,19
494016,19
494079,7
494119,186
494165,9
494179,9
494197,18
494250,7
494260,8
494267,15
494269,10
494314,22
494315,8
494378,5
494438,6
494449,14
494466,44
494467,11
494469,7
494513,5
494537,6
494538,9
494561,9
494592,23
494633,11
494645,80
494650,33
494661,87
494669,5
494675,5
494685,7
494733,7
494757,6
494790,7
494854,16
494861,16
494864,14
494927,15
494928,11
494965,13
494970,5
495044,6
495159,50
495160,5
495163,13
495203,14
495285,24
495324,11
495354,6
495357,21
495359,6
495419,6
495470,122
495480,14
495518,9
495527,5
495607,11
495658,7
495664,7
495692,167
495769,6
495782,25
495798,7
495813,22
495853,22
495982,13
495991,10
496069,7
496096,6
496161,7
496172,41
496179,10
496214,7
496253,100
496277,9
496308,6
496315,17
496349,6
496350,18
496383,6
496428,9
496487,43
496506,6
496518,8
496546,27
496581,17
496601,51
496614,12
496623,13
496703,7
496715,6
496835,8
496858,6
496892,10
496975,19
497051,6
497074,5
497115,8
497119,5
497123,16
497164,45
497238,18
497250,22
497294,15
497324,6
497361,82
497367,34
497377,10
497431,13
497432,9
497444,6
497489,23
497494,19
497559,6
497576,7
497599,12
497624,22
497633,9
497671,5
497685,7
497688,6
497723,48
497749,19
497767,7
497787,5
497803,6
497856,6
497863,7
497912,8
497947,6
497955,20
497963,8
498002,62
498014,8
498018,6
498122,11
498137,5
498182,7
498224,9
498254,8
498268,14
498282,37
498290,6
498419,6
498444,6
498477,33
498484,7
498502,6
498525,8
498534,13
498599,5
498632,5
498675,11
498705,5
498825,7
498874,6
498877,50
498879,8
498892,9
498894,21
498920,6
498932,7
498945,7
498969,6
499008,8
499022,6
499053,8
499058,63
499157,35
499212,105
499232,18
499246,12
499253,6
499258,11
499290,6
499300,16
499307,28
499311,19
499312,5
499375,8
499391,9
499416,6
499446,19
499460,6
499468,7
499495,9
499499,11
499508,14
499531,6
499545,12
499557,7
499569,8
499573,6
499620,39
499644,10
499666,28
499716,6
499741,19
499770,8
499786,9
499880,9
499881,9
499912,5
499917,89
499928,15
500021,26
500027,8
500062,10
500064,8
500068,63
500088,6
500170,13
500181,9
500189,18
500191,7
500207,7
500214,6
500272,30
500280,10
500313,6
500341,9
500348,34
500370,8
500454,6
500570,7
500697,7
500717,6
500727,11
500744,8
500745,8
500827,7
500890,5
500894,17
500935,7
500981,11
501067,5
501103,7
501106,9
501227,143
501262,24
501344,72
501363,6
501416,33
501420,8
501441,12
501465,11
501504,11
501534,11
501593,12
501609,5
501628,11
501651,5
501656,11
501669,9
501689,5
501765,33
501830,24
501835,21
501856,5
501963,6
501972,6
501993,6
502054,13
502055,6
502064,12
502065,32
502116,7
502129,7
502173,5
502309,49
502337,5
502338,5
502343,1033
502396,33
502413,84
502416,14
502464,6
502471,13
502515,26
502546,12
502638,8
502721,12
502726,6
502761,11
502766,5
502787,25
502838,8
502898,28
502904,63
502909,7
502922,13
502931,169
502963,11
503022,6
503029,14
503051,7
503061,13
503122,26
503125,7
503128,22
503131,25
503132,8
503133,17
503154,59
503170,7
503204,8
503241,6
503244,28
503291,9
503461,29
503484,6
503487,6
503490,18
503491,37
503495,6
503517,7
503529,11
503560,44
503582,106
503599,13
503728,8
503732,8
503779,15
503817,5
503825,14
503832,6
503861,6
503862,37
503913,8
503931,9
503957,7
503967,7
503968,12
503984,11
504046,431
504059,22
504203,7
504236,22
504287,11
504305,12
504360,7
504412,7
504465,27
504484,13
504500,22
504591,5
504594,10
504612,5
504641,7
504664,23
504689,6
504690,10
504738,8
504748,7
504772,8
504801,11
504869,5
504893,20
504939,45
504981,6
505020,7
505049,6
505163,6
505168,8
505224,6
505235,6
505257,5
505278,52
505316,8
505355,6
505391,7
505414,20
505422,21
505456,7
505477,22
505600,7
505602,100
505619,15
505634,10
505689,20
505717,37
505743,6
505786,5
505836,11
505895,41
505908,9
505940,6
505964,6
506021,6
506077,7
506081,8
506091,7
506099,10
506109,5
506122,6
506223,23
506246,25
506399,8
506461,6
506496,6
506538,15
506561,25
506577,9
506593,7
506741,6
506775,7
506802,13
506829,7
506839,7
506853,44
506886,6
506911,8
506970,6
506975,8
507041,10
507094,10
507103,63
507108,7
507129,21
507140,11
507223,65
507253,6
507275,140
507392,7
507402,7
507406,8
507457,5
507496,5
507498,5
507547,6
507620,16
507621,7
507640,36
507669,143
507677,5
507723,29
507724,5
507812,5
507866,49
507889,13
507913,7
507916,8
507917,7
507919,10
507971,29
507976,21
507985,68
508031,6
508089,11
508128,8
508140,17
508231,6
508251,5
508266,6
508305,11
508329,7
508413,18
508484,58
508557,9
508565,108
508629,18
508630,26
508633,7
508650,6
508654,236
508674,8
508803,6
508882,11
508888,20
508900,6
509005,9
509016,9
509056,8
509068,6
509083,49
509126,8
509137,6
509143,7
509165,9
509171,13
509200,5
509230,30
509381,6
509506,5
509667,15
509686,27
509728,11
509730,19
509739,6
509796,6
509805,6
509809,8
509848,6
509858,17
509868,13
509890,5
509896,5
509909,5
510036,10
510174,7
510176,83
510204,7
510220,5
510384,25
510390,7
510417,11
510434,6
510478,26
510552,10
510566,8
510581,16
510583,8
510603,11
510632,34
510638,8
510672,15
510690,11
510775,20
510782,33
510786,13
510793,85
510823,78
510833,6
510860,13
510869,7
510881,5
510899,6
510942,20
510985,18
510991,5
511038,7
511042,5
511073,7
511112,10
511152,10
511155,9
511163,8
511218,14
511221,17
511275,7
511280,6
511302,5
511317,10
511336,7
511373,152
511381,128
511499,6
511505,6
511507,98
511515,7
511520,6
511601,8
511638,6
511673,6
511723,6
511775,16
511819,16
511825,15
511837,6
511903,7
511961,33
511974,6
511991,10
512013,23
512075,10
512209,173
512211,13
512235,7
512273,10
512287,14
512291,6
512315,7
512323,9
512415,23
512423,28
512442,5
512486,6
512517,7
512680,6
512795,20
512841,15
512849,7
512955,6
512984,7
513005,6
513006,10
513046,6
513059,30
513133,13
513189,39
513222,5
513227,8
513250,59
513256,19
513325,8
513336,13
513377,8
513443,22
513453,23
513494,8
513527,6
513541,65
513631,134
513645,5
513718,9
513719,6
513737,10
513845,6
513863,5
513880,35
513902,91
513921,10
513933,17
513949,13
513953,12
513996,6
514002,12
514024,14
514073,37
514092,11
514113,9
514156,21
514163,14
514200,6
514232,114
514237,23
514263,7
514265,7
514277,21
514336,6
514356,6
514378,14
514396,6
514510,6
514522,9
514533,6
514545,78
514549,6
514611,26
514631,7
514641,6
514650,7
514657,7
514670,10
514674,46
514681,24
514706,24
514730,6
514735,68
514786,11
514821,12
514835,8
514838,7
514892,9
514975,24
515021,17
515103,9
515112,11
515145,5
515153,16
515188,83
515220,18
515238,18
515275,6
515278,9
515281,36
515288,11
515293,6
515294,11
515314,6
515432,5
515449,9
515463,10
515482,11
515501,8
515523,22
515604,6
515623,13
515628,17
515710,5
515729,105
515733,16
515746,10
515758,7
515796,13
515892,17
515930,10
515967,14
515985,71
515991,7
516043,25
516060,9
516097,9
516113,9
516182,6
516185,11
516214,7
516249,41
516253,34
516279,14
516348,6
516415,6
516450,8
516501,6
516504,48
516521,8
516526,15
516587,6
516595,10
516626,7
516695,259
516762,11
516790,9
516850,6
516853,9
516859,11
516869,46
516870,8
516873,5
516920,11
516960,11
516974,14
516986,9
516995,10
517000,7
517016,5
517028,7
517041,17
517085,7
517109,6
517118,10
517163,14
517165,8
517171,10
517215,8
517225,8
517243,20
517244,8
517270,13
517274,7
517285,7
517380,1006
517381,12
517421,7
517423,7
517460,8
517461,12
517469,12
517489,5
517504,18
517533,8
517576,6
517591,7
517600,15
517636,10
517662,14
517677,8
517741,31
517762,5
517785,463
517795,17
517844,6
517875,7
517876,8
517877,256
517931,8
517935,235
517941,17
517942,6
517949,11
517970,6
517993,11
518023,9
518133,117
518191,9
518194,5
518197,9
518230,6
518315,10
518381,24
518397,13
518571,8
518589,18
518616,7
518631,7
518644,6
518663,12
518694,13
518704,37
518730,7
518779,6
518783,79
518884,6
518929,12
518944,6
518945,6
518949,9
518991,13
519071,9
519119,8
519174,7
519217,5
519222,20
519291,68
519318,6
519320,7
519329,22
519379,7
519445,5
519459,17
519471,22
519519,12
519587,6
519617,7
519622,8
519674,13
519751,6
519755,7
519771,5
519772,14
519797,65
519833,6
519846,13
519926,5
519934,39
519999,8
520024,11
520039,28
520040,6
520066,7
520094,6
520131,13
520153,5
520170,8
520179,27
520193,6
520210,14
520295,6
520350,13
520365,12
520386,10
520417,7
520427,5
520445,7
520505,6
520507,14
520535,8
520568,9
520569,5
520666,10
520696,9
520707,13
520753,7
520778,24
520794,6
520796,6
520802,8
520832,8
520841,8
520843,6
520854,22
520864,11
520870,78
520949,8
520999,6
521123,9
521156,18
521167,16
521239,35
521266,18
521284,44
521306,5
521369,7
521471,10
521480,7
521496,7
521511,12
521560,6
521618,24
521659,19
521679,25
521713,11
521748,9
521778,7
521779,6
521808,9
521824,12
521896,8
521915,10
521937,5
521948,6
522002,9
522024,25
522025,13
522027,11
522066,11
522119,9
522125,12
522152,8
522170,12
522268,7
522285,10
522312,10
522367,21
522402,7
522608,6
522638,7
522659,7
522672,13
522675,13
522730,10
522754,7
522771,9
522804,16
522829,11
522940,6
522978,8
523101,40
523188,5
523246,5
523253,9
523255,6
523333,5
523351,6
523409,32
523423,90
523441,7
523456,67
523488,112
523494,5
523507,7
523521,20
523525,16
523527,13
523594,23
523619,7
523650,8
523689,33
523703,15
523786,5
523815,30
523823,6
523839,7
523865,5
523876,8
523886,93
523994,6
524035,5
524070,6
524086,6
524099,6
524104,7
524126,13
524130,9
524133,5
524136,6
524168,55
524175,7
524176,6
524206,8
524218,8
524223,7
524250,28
524315,28
524401,5
524407,8
524416,8
524442,10
524541,6
524566,34
524571,9
524614,6
524641,460
524659,21
524667,11
524668,5
524707,8
524714,30
524770,15
524799,81
524896,8
524955,10
524964,7
524977,295
524985,15
524990,14
525008,23
525032,34
525114,5
525127,24
525141,6
525155,12
525162,9
525263,6
525289,6
525290,26
525312,6
525356,17
525361,8
525366,14
525378,5
525384,10
525388,8
525389,5
525399,7
525401,432
525402,8
525447,20
525451,6
525469,8
525492,14
525589,11
525594,7
525600,6
525646,22
525671,86
525678,11
525751,6
525758,6
525763,7
525846,25
525884,13
526058,6
526124,43
526207,12
526242,20
526256,71
526261,10
526329,13
526332,7
526456,6
526457,5
526480,8
526628,7
526687,6
526688,15
526726,5
526815,10
526915,9
526973,6
526988,13
527129,24
527167,12
527213,27
527223,12
527307,8
527317,53
527342,6
527343,5
527365,7
527367,6
527396,7
527432,6
527435,23
527443,7
527535,6
527540,38
527562,6
527586,8
527588,13
527610,12
527643,10
527703,8
527729,35
527786,23
527813,9
527839,8
527847,13
527885,139
527934,14
527938,31
527939,6
527942,8
527966,6
528040,149
528074,26
528137,360
528167,9
528186,35
528193,12
528222,5
528313,27
528314,88
528337,9
528349,21
528372,20
528559,32
528593,26
528666,7
528686,8
528695,13
528700,14
528710,1079
528712,12
528756,30
528783,36
528784,6
528811,15
528825,17
528837,13
529014,6
529031,11
529045,8
529046,8
529048,5
529096,8
529210,6
529211,13
529230,40
529248,10
529337,7
529348,5
529365,7
529369,13
529399,6
529424,6
529448,8
529449,6
529465,6
529474,5
529481,7
529493,10
529494,17
529513,5
529540,7
529541,8
529634,6
529635,11
529665,7
529674,55
529696,9
529739,6
529754,13
529763,216
529795,31
529806,14
529842,7
529884,6
529904,6
529941,32
529982,18
530053,7
530068,99
530125,94
530130,12
530154,7
530179,16
530188,31
530197,9
530198,421
530241,5
530275,31
530308,181
530338,14
530339,6
530393,8
530409,5
530444,29
530558,87
530604,9
530624,6
530649,12
530656,8
530701,12
530704,37
530719,7
530796,6
530801,6
530832,8
530839,10
530944,6
530953,9
530994,16
530995,5
531007,8
531028,7
531030,9
531036,11
531037,17
531064,6
531065,6
531081,17
531092,11
531125,9
531158,5
531191,88
531244,14
531248,8
531251,6
531257,19
531264,15
531282,5
531335,10
531338,7
531429,6
531460,46
531511,8
531538,10
531611,12
531619,20
531624,7
531642,31
531675,15
531704,22
531744,6
531815,9
531827,6
531955,10
531973,8
531976,8
531983,14
532003,14
532005,6
532007,85
532072,17
532096,20
532106,6
532149,35
532184,32
532191,21
532193,18
532225,6
532226,6
532229,80
532232,51
532250,10
532287,9
532296,5
532336,6
532342,8
532381,6
532429,10
532523,6
532544,13
532545,25
532554,6
532571,11
532642,15
532695,8
532714,20
532715,13
532726,8
532730,372
532740,6
532752,27
532776,38
532785,9
532846,10
532864,41
532888,18
532947,8
532995,14
532999,9
533024,6
533029,7
533031,5
533139,8
533141,14
533273,8
533274,6
533285,13
533291,10
533293,5
533313,10
533318,6
533376,7
533398,9
533513,7
533528,16
533581,43
533590,5
533599,6
533668,15
533671,6
533704,5
533705,14
533792,38
533799,7
533822,9
533883,8
533911,6
533955,7
533980,5
533981,6
533986,9
534002,6
534062,5
534083,16
534111,9
534175,5
534189,10
534208,9
534244,15
534246,12
534271,16
534354,11
534476,135
534513,24
534521,7
534564,7
534582,16
534589,9
534607,6
534652,44
534687,6
534695,29
534702,29
534769,590
534774,6
534838,16
534874,22
534876,27
534903,56
534910,12
534935,7
534967,10
534975,13
534980,8
534985,22
535004,7
535050,7
535055,34
535110,7
535148,10
535164,6
535207,8
535222,9
535234,28
535261,6
535279,11
535281,7
535321,7
535322,18
535406,48
535433,9
535441,22
535455,45
535500,36
535529,11
535600,13
535655,15
535678,5
535681,6
535688,22
535690,95
535701,8
535747,24
535791,10
535798,11
535814,51
535863,6
535872,18
535873,10
535919,10
535926,7
535939,41
535944,7
535946,88
535963,7
536047,12
536057,10
536060,6
536091,58
536098,10
536148,10
536152,10
536169,7
536252,7
536317,7
536352,7
536399,6
536406,8
536420,6
536437,8
536485,13
536492,14
536595,5
536602,28
536671,8
536676,6
536755,10
536757,7
536767,15
536804,73
536814,8
536818,5
536826,157
536842,16
536875,9
536882,8
536922,7
536931,13
536946,6
536972,6
537065,6
537142,263
537159,9
537165,25
537179,14
537182,45
537191,5
537278,7
537286,8
537301,16
537335,29
537354,7
537371,14
537429,6
537440,10
537483,12
537484,15
537530,9
537545,10
537551,19
537599,21
537627,9
537628,21
537631,134
537711,9
537730,6
537764,9
537817,6
537824,5
537946,7
537957,36
537981,11
538095,15
538165,8
538167,9
538241,98
538261,10
538297,11
538303,7
538328,8
538356,13
538358,8
538439,8
538448,5
538506,26
538643,6
538644,24
538729,6
538861,23
538920,5
538938,6
538939,10
539001,8
539012,9
539013,6
539062,21
539077,16
539091,8
539132,6
539149,16
539156,6
539182,6
539185,7
539191,12
539310,38
539312,8
539327,12
539376,5
539410,9
539453,27
539484,7
539508,27
539529,51
539567,8
539738,20
539741,5
539762,30
539796,6
539821,37
539887,9
539936,22
539986,7
539993,6
540005,6
540050,10
540145,6
540148,89
540243,9
540269,10
540337,8
540338,10
540374,8
540407,10
540536,10
540541,7
540569,6
540597,6
540608,6
540637,7
540653,65
540656,8
540683,8
540699,15
540721,12
540737,11
540770,24
540771,22
540773,6
540784,8
540785,10
540836,6
540848,13
540857,51
540910,8
540936,7
540956,15
540969,10
540992,7
541024,8
541033,57
541060,6
541094,23
541142,35
541244,6
541245,20
541279,6
541308,30
541310,5
541318,7
541353,15
541401,13
541414,8
541424,6
541432,5
541433,24
541467,15
541499,6
541551,11
541579,11
541602,7
541627,17
541680,12
541765,9
541824,13
541828,6
541852,7
541955,11
541967,9
541997,8
542063,22
542064,7
542103,18
542114,11
542117,16
542154,6
542183,123
542252,7
542367,32
542372,69
542440,6
542448,7
542475,9
542497,7
542582,12
542596,7
542640,9
542668,6
542669,7
542670,19
542712,42
542715,10
542927,5
542928,5
542977,33
543011,5
543051,13
543066,37
543098,9
543128,136
543193,7
543195,7
543245,7
543252,9
543260,7
543311,6
543324,14
543329,8
543351,11
543420,5
543423,9
543431,5
543441,34
543496,6
543561,11
543577,11
543581,7
543616,15
543629,7
543630,36
543647,14
543731,17
543781,7
543827,14
543855,2523
543874,12
543877,5
543882,7
543886,10
543894,21
543906,18
543917,9
543944,5
543948,7
544017,6
544032,30
544057,81
544074,10
544122,8
544134,415
544135,9
544139,12
544161,15
544198,8
544232,7
544233,6
544287,20
544291,7
544377,7
544396,20
544430,22
544443,6
544449,81
544479,49
544538,9
544562,18
544575,13
544579,39
544607,87
544670,32
544710,11
544715,9
544760,9
544788,16
544817,59
544853,12
544881,9
544902,7
544920,18
544940,7
544950,17
544957,14
545038,6
545047,5
545121,5
545124,8
545127,8
545128,6
545134,6
545220,8
545223,6
545259,6
545304,8
545306,9
545350,6
545355,8
545411,8
545426,6
545459,6
545476,7
545478,19
545523,10
545556,16
545575,9
545590,39
545639,9
545650,6
545689,13
545697,9
545723,7
545771,7
545800,6
545820,5
545882,8
545977,5
546007,54
546038,15
546057,23
546061,79
546070,29
546074,10
546078,9
546110,32
546150,8
546154,9
546188,19
546192,6
546208,6
546253,15
546262,8
546302,10
546374,19
546405,6
546455,13
546479,6
546501,21
546566,13
546573,21
546716,7
546880,12
546927,8
546930,14
546935,77
547009,5
547010,14
547015,12
547067,7
547076,5
547088,58
547121,12
547128,14
547133,5
547177,9
547199,5
547202,41
547248,5
547271,7
547314,25
547337,25
547362,5
547372,26
547388,6
547391,6
547422,7
547471,6
547486,33
547487,11
547502,13
547503,6
547531,15
547573,26
547583,8
547599,25
547618,7
547622,25
547634,51
547677,5
547678,8
547695,6
547774,21
547778,7
547785,30
547876,6
547878,6
547887,13
547888,15
547933,6
547990,5
548053,5
548055,19
548083,9
548093,21
548123,10
548128,7
548139,7
548170,9
548171,5
548197,24
548205,10
548213,46
548239,8
548282,7
548307,16
548335,30
548336,13
548343,6
548407,9
548423,139
548480,6
548510,8
548514,11
548559,16
548601,8
548647,6
548676,7
548690,10
548723,10
548763,16
548764,246
548792,5
548814,5
548830,9
548909,9
548919,23
548936,6
548958,93
548984,7
548990,7
549002,12
549053,5
549073,54
549078,70
549099,22
549112,8
549119,16
549167,6
549213,6
549273,6
549278,6
549280,7
549281,13
549309,8
549362,8
549365,5
549375,6
549425,11
549430,23
549484,6
549491,66
549499,5
549500,7
549519,8
549577,23
549706,5
549739,6
549740,5
549761,23
549762,20
549776,7
549782,6
549783,16
549788,15
549918,52
549984,6
550021,18
550100,7
550103,6
550104,7
550138,8
550273,6
550281,5
550337,8
550442,5
550444,5
550447,21
550489,9
550516,10
550546,48
550561,28
550572,25
550579,22
550636,6
550826,10
550844,5
550852,8
550859,37
550893,6
550896,10
550942,15
550944,14
550949,7
550981,6
551019,7
551041,7
551043,70
551069,9
551116,9
551187,22
551192,5
551199,13
551213,5
551375,63
551403,16
551404,7
551406,12
551427,8
551433,16
551491,7
551547,12
551580,8
551600,26
551625,6
551676,6
551699,23
551786,14
551848,20
551867,6
551959,7
552021,8
552058,9
552147,6
552158,7
552198,9
552296,16
552325,474
552347,9
552367,27
552441,15
552456,20
552457,7
552458,8
552466,176
552577,25
552585,6
552609,5
552684,41
552690,132
552698,10
552718,16
552719,59
552721,41
552773,6
552800,7
552807,33
552821,6
552838,36
552858,20
552871,6
552907,5
552927,10
552929,13
552932,7
552950,7
552961,16
552969,5
553015,8
553016,10
553034,10
553094,6
553115,10
553158,20
553166,20
553231,6
553251,6
553299,10
553301,15
553303,7
553359,8
553360,49
553378,9
553379,5
553386,211
553422,6
553474,7
553476,9
553481,10
553522,6
553527,65
553543,11
553551,45
553580,10
553588,6
553602,67
553609,7
553621,8
553639,29
553640,8
553721,6
553759,128
553808,9
553985,34
554030,6
554110,24
554123,20
554129,20
554131,82
554150,5
554154,6
554187,12
554199,7
554209,115
554211,6
554228,43
554243,8
554347,6
554380,7
554386,15
554418,6
554446,15
554458,75
554459,8
554476,9
554479,7
554507,12
554513,5
554543,16
554550,6
554562,7
554571,7
554588,75
554590,21
554600,8
554609,13
554618,7
554710,7
554729,14
554734,30
554917,29
554928,14
554947,11
554990,13
554999,10
555048,7
555065,10
555098,13
555103,11
555127,9
555150,11
555211,6
555222,7
555248,8
555273,9
555276,25
555302,10
555328,8
555349,5
555356,40
555376,7
555542,6
555544,9
555622,6
555705,34
555740,9
555744,5
555747,6
555771,9
555799,17
555890,35
555915,5
555919,26
555945,9
555954,10
555985,5
556024,91
556069,7
556089,7
556123,218
556151,13
556221,20
556253,6
556273,5
556282,6
556288,6
556292,24
556310,8
556376,8
556380,9
556405,29
556465,10
556469,6
556519,19
556524,342
556529,6
556582,6
556588,8
556603,9
556621,6
556630,8
556638,6
556704,7
556705,17
556732,6
556741,7
556749,51
556756,15
556819,5
556830,16
556842,9
556870,7
556871,6
556899,12
556948,37
556979,39
557029,114
557053,5
557054,40
557058,6
557075,7
557091,5
557107,6
557174,42
557179,34
557184,6
557241,7
557256,19
557292,24
557383,9
557502,16
557574,8
557581,150
557588,6
557627,5
557697,9
557716,7
557717,15
557722,9
557785,26
557931,35
557960,9
557997,8
558003,13
558008,7
558032,73
558063,16
558091,6
558111,8
558133,7
558150,12
558159,5
558195,85
558220,9
558221,6
558232,6
558245,11
558324,8
558326,13
558331,6
558353,12
558383,33
558403,5
558420,11
558477,13
558527,8
558579,8
558582,7
558583,6
558619,8
558620,8
558624,20
558646,10
558655,6
558722,6
558730,7
558750,13
558762,7
558834,23
558850,6
558866,6
558919,17
558931,6
559018,6
559021,7
559034,22
559105,9
559108,68
559113,7
559148,12
559156,5
559159,6
559211,8
559216,179
559291,150
559301,8
559334,50
559356,8
559380,7
559381,5
559386,6
559400,6
559409,7
559477,6
559624,6
559627,495
559638,34
559677,19
559693,8
559731,22
559776,6
559861,10
559908,7
559919,7
559930,22
560011,7
560041,6
560051,6
560081,10
560082,367
560083,76
560089,7
560094,11
560138,17
560145,7
560189,13
560214,11
560241,14
560251,7
560314,5
560317,5
560319,6
560327,8
560358,14
560390,10
560393,165
560449,18
560521,10
560557,10
560562,6
560566,5
560587,6
560633,264
560680,9
560726,338
560839,9
560889,6
560910,70
560920,6
560955,9
560964,17
560967,6
560968,9
561010,11
561061,11
561093,24
561129,12
561154,8
561200,7
561223,8
561290,7
561321,9
561323,8
561339,103
561365,12
561366,6
561391,11
561396,27
561406,12
561454,6
561518,22
561526,23
561534,11
561563,5
561601,20
561650,7
561655,77
561690,6
561700,6
561756,21
561785,7
561800,6
561857,23
561863,6
561864,39
561865,10
561875,10
561886,7
561899,41
561902,10
561904,10
561908,46
561928,9
561972,19
562023,6
562090,23
562113,6
562140,16
562144,125
562156,5
562192,6
562231,7
562248,6
562266,15
562280,98
562295,7
562321,12
562330,10
562338,11
562341,15
562362,15
562364,33
562377,51
562421,9
562431,6
562462,12
562477,6
562505,6
562528,35
562552,6
562567,12
562588,6
562606,15
562644,7
562693,8
562699,12
562730,5
562742,34
562753,7
562775,8
562802,14
562825,6
562831,5
562906,35
562908,15
562930,13
562943,5
562944,6
562953,6
562956,18
563060,63
563081,6
563103,11
563162,16
563186,6
563187,8
563257,7
563260,6
563294,12
563308,8
563368,5
563411,20
563447,8
563471,6
563472,9
563488,7
563502,11
563667,89
563683,7
563688,34
563702,10
563784,14
563806,5
563861,167
563862,17
563870,7
563892,8
563914,7
563952,40
564038,14
564045,5
564089,11
564104,37
564110,116
564111,6
564116,32
564124,73
564199,5
564285,52
564325,7
564327,7
564338,92
564358,6
564407,119
564413,8
564428,7
564447,12
564450,64
564451,991
564474,8
564481,8
564539,8
564576,9
564609,12
564635,11
564643,7
564656,11
564734,6
564740,7
564741,7
564755,6
564803,6
564815,28
564892,8
564923,6
564960,16
565028,7
565041,14
565065,13
565070,6
565113,5
565130,10
565137,6
565140,65
565142,10
565160,26
565165,7
565172,8
565193,7
565215,17
565293,7
565312,25
565320,6
565329,52
565332,22
565347,7
565359,18
565390,7
565397,24
565399,9
565402,53
565405,5
565426,7
565454,11
565482,8
565498,8
565503,14
565521,6
565523,7
565537,9
565541,9
565564,6
565573,14
565606,6
565613,7
565726,6
565735,43
565751,7
565758,8
565823,67
565824,9
565842,8
565843,5
565846,37
565864,8
565931,48
565934,106
565945,6
566001,35
566027,5
566040,12
566066,10
566077,41
566137,11
566142,130
566203,9
566223,5
566364,5
566377,7
566394,13
566403,11
566484,5
566520,29
566554,14
566560,27
566603,6
566633,15
566642,19
566647,7
566655,6
566658,5
566660,11
566727,8
566747,5
566818,9
566839,7
566885,7
566905,6
566912,6
566919,24
566996,10
567021,9
567075,37
567100,26
567110,5
567128,15
567154,8
567168,6
567179,6
567183,12
567197,34
567227,6
567231,5
567240,7
567306,18
567346,14
567364,43
567371,6
567375,6
567435,7
567474,6
567482,6
567502,6
567510,40
567576,7
567606,45
567617,312
567642,6
567697,19
567895,5
567904,40
567910,5
567966,6
568000,10
568005,8
568024,8
568034,7
568041,48
568055,290
568065,7
568089,14
568153,7
568170,8
568230,10
568314,10
568326,6
568398,8
568413,6
568432,25
568449,6
568463,24
568471,6
568501,25
568539,8
568550,6
568605,11
568620,32
568658,25
568817,6
568831,19
568889,10
568924,8
568945,13
568946,20
568969,18
568994,9
569012,17
569039,6
569073,49
569153,7
569227,8
569273,7
569279,8
569283,66
569324,12
569326,82
569368,6
569373,5
569375,8
569431,32
569535,6
569537,492
569554,35
569563,20
569579,8
569616,6
569674,6
569675,6
569861,15
569864,7
569865,23
569870,8
569943,11
569946,7
569951,30
569957,7
569959,6
569977,6
570009,5
570060,8
570161,17
570163,8
570169,6
570182,11
570205,12
570237,10
570277,21
570312,54
570368,9
570410,12
570416,8
570438,7
570550,9
570566,30
570587,6
570596,287
570602,35
570628,19
570679,7
570700,8
570862,16
570863,6
570907,13
570909,5
570933,6
570940,6
570963,11
570970,6
571017,6
571079,15
571108,7
571187,6
571188,19
571222,15
571237,101
571321,24
571335,7
571381,12
571384,6
571432,7
571434,7
571442,16
571549,5
571558,7
571566,9
571603,71
571674,8
571681,16
571695,10
571705,8
571743,8
571744,29
571757,21
571766,5
571792,21
571793,12
571797,12
571824,17
571883,7
571969,16
571970,9
572001,26
572014,28
572026,6
572032,9
572072,20
572077,54
572131,255
572151,25
572165,7
572269,12
572271,7
572274,16
572281,5
572320,45
572328,7
572394,10
572430,9
572436,5
572437,5
572603,9
572613,10
572700,9
572705,10
572749,8
572775,6
572815,11
572820,8
572881,16
572904,6
572982,40
572996,29
572997,7
572999,15
573048,9
573127,7
573164,12
573218,47
573273,49
573297,7
573344,9
573379,38
573391,6
573430,54
573456,11
573466,14
573470,56
573478,9
573484,74
573512,13
573564,9
573583,6
573635,10
573641,5
573668,25
573670,6
573685,37
573706,16
573745,16
573752,15
573774,7
573777,13
573798,6
573809,22
573812,5
573843,20
573888,14
573903,9
573924,6
573943,15
574002,7
574017,16
574109,8
574165,6
574172,7
574181,135
574188,6
574238,11
574271,13
574301,8
574304,6
574336,10
574367,7
574379,8
574393,12
574411,6
574473,17
574493,14
574536,9
574578,14
574587,5
574598,9
574633,6989
574634,58
574648,18
574651,7
574695,21
574711,7
574762,42
574815,7
574854,5
574877,6
574882,10
574890,12
574935,9
574985,7
575013,6
575105,16
575192,5
575229,21
575243,5
575285,24
575304,9
575355,8
575429,18
575438,19
575464,12
575530,7
575533,24
575566,12
575601,6
575643,22
575748,8
575781,5
575823,14
575838,9
575892,5
575906,60
575918,5
575925,10
575926,20
575944,27
576010,7
576018,8
576149,6
576229,24
576271,16
576273,6
576316,7
576320,8
576326,7
576415,9
576425,6
576473,8
576502,10
576531,8
576572,5
576754,9
576778,11
576802,8
576806,12
576810,12
576818,8
576866,5
576886,7
576916,50
576973,6
576985,12
577006,6
577030,9
577066,92
577111,9
577147,10
577173,5
577203,17
577277,11
577283,6
577308,18
577318,5
577324,54
577364,6
577386,8
577407,23
577420,8
577487,38
577540,6
577571,5
577600,22
577698,13
577707,12
577716,29
577863,13
577881,6
577890,13
577897,36
577973,20
577974,6
578015,9
578047,13
578048,12
578073,90
578085,29
578156,14
578170,5
578264,9
578390,10
578403,6
578428,8
578455,9
578483,6
578511,8
578524,47
578525,17
578551,5
578558,9
578594,21
578597,9
578633,11
578643,115
578674,49
578677,67
578709,9
578733,16
578742,808
578753,8
578765,11
578771,12
578789,11
578828,12
578840,5
578848,8
578883,10
578894,9
578898,7
578908,6
578922,8
578978,5
579043,6
579063,5
579077,10
579086,18
579092,7
579117,16
579147,10
579179,161
579184,7
579206,8
579237,10
579280,17
579287,12
579350,8
579352,8
579363,7
579389,7
579422,14
579461,6
579464,16
579491,12
579526,8
579533,8
579547,6
579561,10
579566,10
579603,43
579616,8
579618,27
579639,8
579696,9
579699,6
579725,8
579743,9
579778,27
579812,9
579829,12
579833,23
579858,7
579894,6
579952,52
579970,131
579987,17
579988,15
580102,6
580103,16
580134,5
580149,47
580155,8
580169,10
580174,9
580197,8
580212,61
580289,6
580320,65
580325,5
580350,15
580354,7
580388,12
580437,5
580460,8
580488,360
580493,5
580529,13
580545,6
580592,6
580614,9
580633,6
580644,8
580683,8
580685,68
580716,6
580759,8
580762,5
580768,9
580788,11
580808,112
580820,7
580886,6
580996,25
581090,8
581124,41
581150,34
581152,37
581160,5
581180,5
581196,14
581219,11
581230,9
581233,10
581293,8
581324,8
581347,290
581431,6
581469,8
581471,6
581481,8
581488,6
581493,5
581512,97
581517,143
581546,8
581602,8
581624,32
581638,5
581655,6
581704,16
581713,6
581716,11
581718,7
581747,7
581753,6
581766,6
581813,6
581818,6
581819,8
581894,24
581919,6
581930,17
581955,8
581968,7
582098,27
582103,15
582171,6
582242,9
582303,39
582310,18
582365,6
582380,7
582402,10
582441,25
582456,9
582462,6
582499,16
582624,6
582634,6
582677,59
582687,64
582706,7
582725,7
582755,13
582756,36
582785,10
582884,6
582888,10
582889,29
582899,7
582947,32
583044,6
583072,27
583128,29
583195,827
583205,42
583232,16
583243,5
583290,7
583341,10
583353,6
583361,43
583397,13
583480,18
583533,7
583547,12
583572,8
583630,22
583653,11
583675,43
583683,19
583737,7
583770,23
583787,6
583846,8
583879,7
583886,12
584019,6
584059,19
584060,29
584082,6
584147,11
584196,13
584249,10
584274,7
584303,5
584304,39
584339,13
584409,5
584436,6
584447,9
584479,44
584552,12
584574,6
584591,9
584659,24
584727,47
584731,8
584760,10
584765,7
584832,76
584834,6
584894,7
584907,6
584923,10
584963,12
584981,6
585025,15
585035,5
585058,7
585063,13
585069,16
585082,8
585144,7
585173,8
585203,13
585259,8
585342,10
585388,15
585454,22
585465,5
585501,12
585532,94
585548,6
585565,19
585594,18
585609,7
585621,6
585725,16
585740,12
585768,7
585777,6
585932,14
585953,7
585997,11
586004,10
586028,16
586035,6
586042,11
586054,6
586095,7
586109,11
586137,86
586168,6
586174,21
586191,5
586244,18
586294,8
586324,11
586363,594
586459,7
586468,7
586475,6
586489,8
586491,6
586509,12
586521,6
586548,7
586558,7
586582,8
586624,78
586666,13
586713,50
586738,7
586770,7
586790,7
586847,36
586886,16
586945,27
586971,21
587005,8
587074,36
587087,8
587127,30
587158,5
587193,5
587241,6
587255,8
587264,7
587273,43
587274,6
587346,5
587374,30
587408,5
587427,6
587430,11
587468,8
587473,5
587482,19
587499,5
587505,6
587557,11
587598,20
587622,6
587636,27
587672,6
587707,7
587715,20
587716,80
587754,5
587758,8
587839,7
587867,19
587883,6
587924,6
587979,6
587986,13
587997,6
588018,13
588024,9
588041,16
588057,11
588091,7
588131,7
588142,26
588153,6
588172,57
588199,10
588395,356
588396,6
588398,6
588412,9
588469,6
588478,18
588643,7
588658,5
588662,8
588668,9
588679,11
588692,20
588708,15
588731,15
588742,9
588786,9
588790,21
588802,11
588803,13
588809,18
588818,7
588839,7
588871,11
588985,7
589000,23
589045,6
589047,22
589048,6
589095,7
589111,8
589128,30
589169,16
589176,7
589186,5
589210,30
589228,5
589256,6
589261,7
589306,6
589312,5
589353,8
589417,5
589423,28
589521,7
589541,11
589548,39
589555,13
589571,10
589597,9
589638,10
589639,9
589667,20
589700,6
589701,15
589724,132
589751,6
589789,170
589790,24
589849,6
589877,7
589879,15
589931,18
589948,24
589969,5
590023,10
590050,171
590086,6
590114,10
590128,10
590142,5
590143,5
590144,19
590152,82
590240,12
590308,8
590316,8
590320,6
590322,6
590364,8
590454,14
590496,10
590512,25
590543,8
590571,6
590574,22
590605,26
590620,5
590653,9
590656,6
590697,14
590722,5
590731,7
590798,23
590801,12
590814,14
590848,10
590870,6
590892,11
590894,14
590956,8
591019,13
591051,849
591056,7
591062,20
591073,6
591107,6
591111,30
591201,15
591203,12
591233,224
591301,5
591412,42
591454,6
591475,8
591551,10
591556,5
591594,82
591604,5
591605,6
591634,7
591645,5
591654,5
591688,27
591720,10
591722,15
591726,23
591731,11
591735,28
591752,6
591760,20
591767,5
591803,6
591820,6
591823,5
591876,6
591900,6
591910,7
591923,13
591942,7
592002,5
592092,8
592114,5
592124,15
592132,16
592143,13
592158,5
592168,77
592198,25
592225,6
592252,35
592364,5
592386,6
592398,9
592435,35
592441,6
592451,7
592461,8
592477,16
592481,10
592525,17
592535,6
592537,9
592551,27
592573,11
592618,29
592654,7
592678,6
592694,6
592709,6
592745,8
592758,8
592775,46
592799,7
592805,11
592818,10
592865,16
592866,5
592883,7
592955,25
592958,6
592970,7
592982,7
593096,8
593102,7
593129,10
593142,12
593155,10
593164,6
593180,6
593183,6
593214,6
593215,405
593333,7
593372,43
593380,16
593405,11
593407,7
593498,20
593515,6
593527,16
593548,9
593561,5
593573,19
593576,8
593579,8
593590,17
593622,7
593625,12
593632,43
593635,123
593645,22
593687,32
593693,24
593724,16
593739,9
593815,9
593822,8
593835,7
593840,11
593913,19
593955,7
594069,17
594078,68
594079,73
594109,5
594154,5
594313,8
594350,6
594353,17
594362,6
594393,7
594441,21
594454,9
594469,19
594532,10
594605,5
594616,6
594664,6
594686,11
594698,9
594719,6
594763,5
594772,11
594794,56
594849,181
594873,22
594951,14
594952,9
594980,12
595026,8
595061,7
595095,10
595105,6
595117,8
595136,5
595220,8
595240,7
595253,5
595262,70
595290,11
595343,11
595350,7
595377,14
595383,24
595397,67
595403,12
595407,7
595432,7
595440,7
595481,7
595512,8
595547,16
595560,7
595578,19
595585,8
595632,25
595666,7
595669,6
595691,9
595708,11
595717,6
595729,6
595757,8
595805,6
595862,5
595873,6
595917,5
595924,15
596002,12
596061,34
596100,12
596147,6
596185,13
596206,8
596252,6
596256,56
596304,88
596307,5
596341,7
596353,7
596357,47
596369,10
596372,6
596449,23
596477,9
596547,7
596600,21
596720,9
596839,20
596883,9
596893,75
596903,7
596907,12
596910,73
596938,6
596943,8
596953,6
596960,19
596977,19
596978,14
596997,8
597024,5
597058,7
597064,15
597076,18
597081,16
597084,15
597181,8
597184,7
597245,15
597272,5
597299,9
597300,9
597327,8
597371,6
597446,37
597466,11
597474,10
597479,18
597527,111
597549,5
597600,11
597630,33
597685,152
597687,6
597689,14
597692,43
597733,5
597760,17
597768,39
597769,9
597828,26
597970,7
598017,16
598020,8
598066,9
598068,21
598149,8
598186,17
598192,6
598203,6
598217,70
598222,7
598306,6
598413,5
598414,7
598423,88
598425,80
598433,6
598441,7
598481,7
598526,91
598548,6
598565,6
598602,37
598701,8
598713,7
598729,12
598740,6
598749,9
598784,8
598787,15
598870,9
598913,7
599133,8
599148,10
599151,6
599164,91
599169,101
599191,24
599226,6
599235,14
599238,87
599242,7
599244,242
599259,7
599293,7
599305,11
599420,8
599439,21
599455,8
599478,24
599510,5
599565,19
599675,6
599677,7
599737,6
599740,7
599825,11
599850,8
599861,8
599880,22
599896,5
599898,12
599954,6
599955,5
599963,7
599998,29
600006,7
600048,9
600103,7
600123,13
600129,10
600141,6
600175,8
600199,18
600236,14
600279,25
600309,5
600320,18
600326,9
600381,8
600386,7
600394,9
600473,21
600500,19
600546,8
600551,14
600555,6
600622,34
600647,9
600701,6
600752,6
600799,7
600812,17
600835,16
600933,5
600949,6
600966,10
600967,24
601039,6
601081,7
601092,9
601160,7
601173,8
601177,6
601238,8
601248,20
601271,6
601293,7
601338,11
601346,6
601381,11
601408,7
601416,24
601417,8
601462,11
601475,11
601494,17
601568,45
601571,10
601618,13
601638,8
601723,15
601793,6
601835,13
601863,7
601890,6
601907,23
601929,6
601967,6
601998,12
602004,6
602022,9
602023,9
602046,86
602069,23
602089,19
602100,5
602101,5
602148,6
602231,6
602288,6
602301,10
602308,6
602349,19
602350,7
602357,6
602370,8
602390,10
602450,11
602456,9
602528,6
602565,43
602586,6
602613,10
602693,5
602716,32
602723,6
602733,12
602751,8
602779,5
602831,11
602843,27
602845,11
602926,9
602962,7
602988,6
602990,17
602995,7
602999,5
603025,28
603027,21
603039,10
603087,29
603142,7
603214,19
603229,13
603256,8
603258,7
603259,6
603291,6
603303,7
603397,26
603433,26
603443,18
603451,5
603452,5
603467,8
603487,7
603501,5
603508,10
603545,12
603553,5
603566,5
603637,13
603681,15
603685,9
603725,8
603728,5
603752,13
603812,8
603825,12
603869,7
603877,18
603924,20
603953,8
603972,6
604004,7
604034,6
604068,9
604079,47
604098,5
604167,82
604174,27
604175,6
604301,16
604353,13
604359,16
604434,5
604438,21
604492,7
604523,7
604655,21
604681,11
604691,6
604746,18
604783,22
604826,13
604859,7
604978,6
604989,11
605017,19
605068,9
605095,6
605096,171
605116,16
605132,16
605155,35
605180,5
605184,44
605187,7
605203,7
605259,6
605268,330
605273,19
605343,20
605356,6
605404,13
605441,10
605517,6
605520,14
605521,8
605626,19
605680,14
605684,11
605685,6
605697,7
605741,9
605745,79
605746,7
605830,14
605847,10
606003,7
606010,17
606029,5
606030,9
606049,7
606056,8
606077,12
606107,25
606111,6
606150,5
606177,37
606198,7
606203,12
606354,1295
606417,8
606439,10
606489,14
606540,11
606626,9
606630,6
606651,50
606656,15
606689,5
606708,6
606715,7
606741,15
606762,7
606766,23
606781,6
606804,5
606817,30
606840,7
606847,60
606854,7
606868,13
606888,11
606935,7
607015,6
607055,10
607088,7
607125,5
607237,6
607291,5
607293,5
607303,6
607326,6
607328,7
607379,6
607388,12
607452,22
607467,35
607494,5
607535,6
607568,12
607571,13
607572,22
607626,54
607643,26
607760,8
607767,7
607827,17
607893,8
607902,49
607908,14
607946,20
607975,13
607998,5
608032,77
608082,6
608133,7
608134,10
608149,6
608153,6
608156,8
608286,10
608357,7
608360,17
608369,70
608396,7
608403,12
608422,7
608445,19
608474,5
608532,7
608549,10
608652,5
608653,7
608703,5
608714,13
608717,11
608740,11
608743,24
608789,15
608821,90
608849,30
608900,14
608904,38
608914,11
608916,8
608923,6
609104,6
609128,9
609177,8
609236,17
609336,7
609347,5
609369,28
609379,5
609389,9
609490,27
609505,8
609536,18
609602,13
609633,10
609660,9
609661,15
609665,8
609678,5
609694,7
609769,8
609791,13
609808,35
609813,5
609814,6
609824,48
609851,93
609867,9
609950,6
609957,6
610024,14
610067,12
610112,42
610187,14
610196,44
610236,5
610248,20
610252,5
610298,69
610325,25
610452,6
610453,23
610454,32
610473,9
610484,17
610512,33
610513,5
610520,7
610582,7
610586,17
610591,6
610647,5
610665,17
610673,8
610693,45
610694,5
610765,28
610796,5
610845,17
610875,7
610883,17
610917,7
610937,8
610940,6
610959,6
610960,16
610961,50
610962,9
610977,11
610981,6
611048,8
611077,7
611084,7
611100,6
611186,6
611233,6
611237,29
611240,5
611241,174
611247,7
611335,8
611339,20
611367,8
611409,16
611420,6
611453,7
611454,54
611474,6
611526,7
611553,21
611564,8
611659,8
611698,6
611715,6
611811,5
611815,21
611833,8
611859,79
611868,5
611905,12
611978,55
612021,114
612037,8
612043,7
612085,6
612136,5
612180,6
612206,7
612315,5
612369,37
612412,27
612425,7
612557,18
612602,6
612614,25
612618,13
612630,8
612639,6
612652,12
612689,13
612712,22
612794,6
612795,6
612809,167
612819,22
612820,6
612858,5
612885,5
612934,7
612937,14
612981,13
612983,182
613054,5
613118,10
613179,12
613210,13
613246,6
613298,18
613368,13
613423,789
613432,40
613467,17
613469,6
613492,6
613513,9
613527,22
613543,18
613557,9
613578,10
613583,10
613598,12
613622,10
613623,9
613704,33
613772,57
613824,18
613831,8
613833,302
613868,18
613873,20
613876,7
613887,7
613932,13
613937,8
613948,774
613953,6
613954,7
613972,7
613998,12
614047,5
614112,9
614146,7
614208,7
614220,6
614234,5
614241,5
614245,6
614258,7
614264,11
614285,14
614299,8
614313,6
614318,7
614319,6
614359,9
614397,31
614398,6
614399,13
614501,6
614509,7
614539,6
614583,61
614606,6
614773,7
614781,46
614807,20
614823,6
614826,38
614873,7
614923,12
615066,65
615110,7
615143,7
615192,43
615202,15
615225,6
615236,8
615241,7
615281,8
615363,7
615430,6
615440,8
615441,7
615485,12
615497,7
615524,92
615552,11
615558,22
615579,20
615599,10
615753,5
615881,5
615885,18
615964,17
615990,7
616063,7
616099,5
616127,11
616169,19
616170,9
616228,6
616243,9
616309,11
616320,6
616352,7
616396,19
616417,13
616455,6
616458,10
616467,7
616504,6
616511,16
616580,7
616596,9
616598,38
616607,8
616619,19
616647,5
616660,24
616672,16
616703,10
616814,12
616834,14
616840,6
616871,7
616964,7
617028,11
617088,5
617125,21
617155,7
617156,6
617179,5
617181,6
617264,14
617266,4157
617274,27
617281,9
617353,13
617355,12
617357,6
617358,6
617375,52
617381,12
617413,14
617422,11
617468,7
617488,33
617489,12
617518,25
617524,8
617563,9
617583,7
617597,8
617729,8
617753,45
617786,8
617792,9
617806,23
617897,76
617934,8
617936,10
617948,7
618040,10
618082,38
618104,6
618119,18
618163,9
618193,7
618195,8
618203,10
618255,7
618258,8
618288,7
618326,6
618439,157
618519,17
618528,33
618550,6
618584,6
618628,22
618645,8
618741,16
618757,16
618780,13
618781,8
618826,6
618860,10
618900,16
618910,6
618918,5
618936,9
618989,38
619001,12
619016,13
619017,20
619036,6
619126,28
619130,5
619165,6
619174,6
619180,18
619221,5
619226,8
619270,6
619320,5
619330,8
619364,8
619415,10
619437,53
619448,12
619508,18
619532,7
619534,8
619546,6
619558,9
619562,15
619588,5
619590,9
619603,15
619608,5
619623,32
619664,8
619696,72
619705,6
619813,7
619824,17
619876,5
619927,8
619929,6
619954,6
619966,6
620008,45
620035,23
620048,6
620068,7
620071,12
620086,6
620122,7
620151,16
620216,10
620265,7
620267,6
620299,6
620300,11
620430,6
620487,6
620514,6
620535,18
620536,8
620550,9
620572,9
620590,11
620684,9
620746,6
620780,6
620787,10
620820,6
620889,23
620893,7
620904,7
620905,10
620927,5
620928,7
620976,6
620988,9
621025,11
621092,6
621118,15
621127,7
621134,6
621140,23
621147,14
621177,5
621178,9
621213,23
621240,7
621260,9
621324,7
621359,5
621398,60
621414,8
621423,8
621443,10
621500,5
621504,5
621548,6
621568,10
621640,6
621664,12
621692,10
621710,8
621754,13
621801,14
621858,10
621947,9
621952,6
621964,11
621983,19
622013,12
622026,17
622056,7
622061,8
622066,179
622089,7
622130,19
622151,15
622153,20
622163,43
622164,6
622171,5
622220,13
622315,21
622337,6
622364,6
622389,6
622402,23
622428,12
622457,15
622471,14
622479,7
622501,7
622523,36
622550,6
622567,7
622610,34
622622,8
622633,8
622641,19
622712,6
622716,6
622739,11
622746,21
622782,7
622788,5
622798,7
622831,991
622842,21
622856,8
622873,7
622874,7
622915,5
622924,35
622931,8
622953,21
622955,9
622994,6
623016,11
623022,14
623117,28
623142,10
623183,11
623210,26
623211,10
623295,7
623312,52
623322,17
623323,5
623358,9
623378,6
623398,30
623431,15
623436,7
623452,6
623496,7
623539,6
623544,31
623556,15
623564,7
623622,5
623623,14
623687,70
623702,33
623706,15
623718,17
623792,6
623813,33
623814,12
623830,6
623908,7
623917,7
624019,18
624094,7
624116,55
624157,6
624190,68
624195,6
624242,8
624254,6
624262,10
624310,14
624313,6
624314,8
624465,15
624500,16
624507,6
624510,11
624572,30
624611,15
624637,55
624653,6
624666,19
624667,13
624669,9
624686,9
624721,16
624730,17
624747,10
624759,6
624776,31
624817,6
624824,14
624858,9
624894,6
624898,6
624934,6
624935,20
624953,6
624956,82
625033,57
625046,55
625084,17
625101,5
625106,10
625118,10
625121,15
625163,26
625248,27
625271,54
625274,11
625346,5
625356,18
625362,25
625376,5
625442,9
625460,16
625468,7
625517,8
625556,7
625564,11
625592,8
625604,8
625619,12
625651,35
625691,17
625708,11
625727,14
625730,7
625731,8
625803,122
625814,8
625819,10
625821,8
625857,13
625864,55
625888,8
626002,12
626007,9
626022,7
626057,6
626076,28
626084,5
626106,20
626114,17
626147,7
626184,9
626281,27
626301,9
626344,9
626352,163
626379,7
626392,6
626402,10
626421,32
626485,27
626506,125
626525,30
626540,62
626561,7
626570,5
626599,8
626607,5
626625,13
626645,5
626687,6
626725,7
626778,12
626779,5
626808,10
626826,7
626827,8
626861,27
626896,29
626903,12
626925,7
626989,6
626993,237
627012,7
627013,6
627071,6
627082,22
627159,6
627174,9
627226,12
627276,6
627370,15
627375,7
627385,7
627420,16
627421,63
627474,10
627487,7
627498,6
627595,6
627597,18
627614,39
627640,15
627711,8
627722,35
627794,7
627800,8
627849,9
627873,7
627887,5
627933,8
627947,6
627948,28
627962,15
627986,6
628012,20
628046,5
628076,13
628153,10
628243,8
628333,6
628346,7
628356,170
628371,5
628409,7
628435,27
628453,6
628531,7
628539,80
628546,8
628554,12
628572,127
628585,6
628628,11
628647,10
628723,8
628733,7
628785,14
628789,47
628852,12
628866,51
628901,13
628916,8
628957,30
629002,5
629029,5
629058,7
629082,50
629104,25
629137,7
629188,7
629195,16
629206,9
629301,73
629304,22
629308,8
629377,45
629396,18
629430,19
629435,10
629450,6
629467,60
629470,11
629505,10
629526,10
629573,5
629582,12
629608,23
629673,35
629705,117
629723,9
629736,8
629778,10
629788,15
629789,8
629831,10
629844,15
629859,5
629864,55
629872,33
629948,5
630013,7
630059,21
630073,11
630110,12
630141,10
630269,37
630279,7
630361,43
630407,13
630451,9
630466,10
630490,27
630491,9
630508,9
630584,8
630592,19
630635,17
630671,8
630695,17
630718,11
630752,8
630876,116
630885,33
630930,25
630958,9
630962,32
631049,5
631051,6
631131,56
631154,10
631188,9
631257,8
631287,6
631315,7
631327,6
631335,58
631356,7
631448,11
631574,7
631659,6
631708,13
631719,6
631773,8
631815,14
631824,16
631889,20
631905,19
631906,9
631913,18
631932,6
631933,10
632025,11
632038,14
632047,9
632051,9
632060,19
632093,7
632100,50
632176,12
632192,5
632201,6
632248,19
632252,5
632253,18
632257,20
632274,5
632313,8
632483,8
632493,12
632538,5
632544,7
632638,7
632647,9
632667,7
632673,9
632687,23
632741,5
632806,37
632812,7
632876,8
632879,29
632880,14
632907,5
632935,5
632977,7
633035,8
633037,45
633080,6
633135,67
633145,6
633146,6
633156,8
633157,8
633196,6
633251,29
633327,10
633367,9
633387,7
633419,6
633425,10
633432,26
633516,5
633645,10
633768,6
633823,7
633851,12
633871,6
633882,14
633907,6
633949,9
633950,6
633953,12
633969,11
633993,9
634092,34
634095,7
634119,9
634125,10
634128,21
634137,38
634149,25
634171,6
634182,12
634200,11
634222,9
634224,7
634226,6
634237,21
634241,9
634296,37
634303,12
634322,11
634329,8
634341,13
634401,19
634416,24
634455,6
634457,7
634475,7
634484,26
634530,6
634555,10
634616,17
634652,6
634693,7
634714,73
634719,10
634730,12
634769,17
634781,8
634912,9
634991,9
635001,20
635008,15
635077,25
635190,20
635208,6
635215,9
635313,10
635321,32
635357,8
635403,6
635404,9
635407,29
635455,91
635478,6
635479,15
635481,7
635496,48
635543,10
635548,5
635558,7
635575,41
635592,7
635634,7
635652,6
635663,9
635676,7
635691,18
635740,7
635774,8
635780,60
635791,6
635798,8
635880,9
635921,6
635936,7
635976,5
635993,13
635994,9
636043,7
636078,7
636149,13
636159,84
636198,7
636224,7
636246,45
636267,7
636301,5
636326,16
636336,8
636384,10
636395,10
636434,7
636466,6
636551,8
636640,6
636719,9
636735,14
636779,9
636834,12
636869,8
636940,13
636943,1746
636947,8
636964,9
636970,20
637018,5
637035,5
637043,6
637087,5
637088,13
637099,6
637104,64
637145,8
637161,5
637188,6
637217,21
637268,7
637273,15
637326,35
637355,6
637358,6
637368,12
637391,12
637431,10
637511,5
637607,6
637624,9
637703,5
637707,6
637747,6
637749,7
637776,7
637778,31
637815,6
637849,5
637887,14
637900,9
637913,9
637920,11
637930,9
638029,5
638123,7
638128,43
638155,6
638173,14
638180,11
638189,10
638215,5
638239,5
638249,6
638251,5
638299,8
638311,7
638338,6
638392,8
638431,11
638472,31
638563,5
638595,8
638605,14
638717,11
638758,8
638793,18
638801,16
638802,12
638815,6
638834,7
638899,6
638957,9
638988,15
639003,6
639085,8
639096,43
639112,8
639169,11
639191,14
639217,13
639218,6
639237,15
639269,38
639272,14
639321,6
639326,7
639329,50
639339,8
639419,16
639424,34
639443,6
639453,9
639512,46
639517,8
639540,115
639575,168
639595,11
639621,24
639660,18
639661,7
639670,59
639672,6
639682,13
639696,17
639698,7
639743,12
639769,11
639794,6
639800,19
639849,6
639898,11
639942,21
639952,9
639963,19
639979,6
640062,6
640108,20
640131,9
640160,185
640165,14
640192,13
640201,6
640252,8
640308,5
640344,6
640420,23
640483,12
640486,6
640506,15
640520,7
640524,14
640541,7
640558,10
640575,6
640598,44
640627,5
640705,5
640716,6
640740,6
640799,9
640808,6
640850,9
640852,1658
640915,9
641035,6
641038,16
641039,34
641047,18
641062,5
641092,11
641147,8
641182,7
641183,7
641193,22
641198,12
641222,18
641269,27
641303,6
641311,12
641314,51
641336,6
641374,6
641399,205
641477,53
641495,8
641538,12
641550,8
641557,16
641634,8
641704,6
641751,7
641774,23
641783,10
641784,9
641790,7
641806,9
641812,6
641822,9
641899,6
641903,7
641906,28
641995,8
642064,9
642077,14
642098,12
642110,7
642115,11
642147,9
642170,7
642187,10
642189,10
642198,31
642219,5
642230,10
642235,9
642262,34
642269,25
642272,33
642282,16
642322,7
642325,12
642361,92
642364,13
642450,7
642453,12
642469,15
642497,6
642517,11
642540,41
642555,11
642578,7
642582,6
642593,7
642615,42
642620,6
642635,8
642653,10
642772,6
642778,7
642805,7
642834,13
642883,6
642927,7
642948,12
643029,9
643059,9
643075,6
643077,10
643138,5
643192,7
643233,17
643306,5
643327,25
643335,13
643398,7
643443,8
643532,43
643533,14
643556,67
643594,36
643606,6
643610,24
643631,132
643644,16
643674,7
643682,10
643710,40
643724,20
643728,7
643753,10
643829,7
643847,8
643852,8
643857,10
643862,343
643880,67
643885,16
643891,5
643928,10
643949,36
643950,10
643988,120
643999,8
644071,17
644083,6
644092,7
644102,5
644122,7
644141,11
644169,9
644170,679
644197,6
644209,6
644224,35
644230,32
644244,13
644254,7
644284,8
644321,9
644342,11
644353,13
644364,64
644378,295
644411,10
644434,13
644436,26
644446,6
644472,6
644510,6
644543,14
644572,10
644580,8
644607,8
644608,7
644654,5
644655,10
644690,9
644699,29
644719,5
644720,8
644804,14
644871,7
644887,7
644898,9
644907,7
644960,16
645011,9
645111,14
645175,7
645176,29
645206,37
645253,11
645289,38
645318,486
645324,5
645361,33
645362,14
645390,197
645399,8
645501,12
645524,57
645542,6
645563,5
645569,6
645581,12
645612,19
645654,21
645679,8
645691,8
645752,10
645757,20
645762,6
645763,6
645792,5
645839,214
645996,8
646005,6
646019,7
646045,18
646067,9
646074,39
646077,16
646125,37
646145,20
646147,10
646198,6
646222,11
646254,7
646370,8
646374,5
646397,8
646634,17
646640,27
646662,7
646675,14
646698,8
646751,7
646762,8
646789,26
646799,5
646841,7
646880,8
646882,22
646911,12
646923,7
646941,6
646991,9
647044,10
647052,6
647055,69
647090,65
647095,12
647110,6
647120,5
647128,6
647143,395
647155,8
647187,5
647225,17
647246,16
647257,6
647261,217
647345,16
647369,53
647432,8
647624,6
647672,13
647707,35
647710,12
647733,60
647757,18
647772,7
647792,6
647793,5
647847,8
647883,6
647914,30
647925,7
647928,30
647972,85
647986,6
648052,12
648092,126
648118,6
648128,6
648142,9
648230,6
648243,7
648301,11
648316,6
648384,6
648407,9
648441,10
648472,6
648500,6
648517,11
648523,8
648534,228
648535,24
648543,7
648597,12
648623,8
648627,13
648737,9
648776,7
648837,8
648838,18
648895,6
648938,60
648941,16
648944,7
648962,7
649030,6
649045,8
649079,12
649125,10
649151,44
649175,167
649182,10
649216,10
649222,216
649229,22
649231,45
649240,7
649294,39
649299,8
649317,5
649326,6
649375,11
649418,54
649433,17
649452,7
649475,8
649490,6
649499,6
649546,10
649611,8
649658,69
649682,124
649702,10
649711,11
649723,7
649749,5
649758,6
649761,7
649770,20
649799,9
649809,5
649832,5
649846,18
649881,6
649971,11
650003,10
650026,9
650039,10
650070,10
650090,24
650144,6
650168,9
650172,52
650188,10
650193,13
650215,7
650232,8
650239,16
650303,7
650316,8
650341,12
650353,9
650396,11
650407,8
650413,6
650464,6
650474,14
650480,5
650494,57
650544,7
650560,9
650563,17
650566,9
650666,6
650695,6
650703,6
650723,11
650727,9
650728,7
650744,27
650785,20
650791,7
650844,6
650848,7
650889,14
650962,6
650991,7
651036,10
651102,10
651187,38
651210,33
651222,8
651233,9
651263,6
651325,13
651453,31
651524,19
651526,6
651529,10
651540,32
651552,7
651560,6
651564,6
651622,22
651772,23
651792,7
651841,6
651906,6
651915,7
651977,85
652029,6
652047,53
652060,7
652110,7
652175,24
652212,5
652243,13
652279,6
652287,8
652305,13
652335,63
652381,19
652424,7
652454,9
652487,344
652498,6
652506,18
652555,19
652557,6
652571,5
652629,40
652639,10
652671,7
652680,5
652687,9
652691,12
652770,10
652780,14
652798,29
652910,113
653035,32
653050,6
653085,6
653112,6
653281,65
653295,12
653323,28
653387,9
653391,137
653439,6
653472,5
653513,16
653518,24
653666,7
653711,7
653725,7
653751,13
653752,5
653810,15
653813,6
653842,7
653843,49
653862,37
653867,5
653895,5
654110,16
654136,6
654137,6
654221,6
654254,17
654274,7
654296,30
654312,7
654313,1654
654373,11
654387,5
654389,14
654410,5
654499,11
654515,23
654540,35
654551,9
654603,10
654641,7
654662,8
654674,8
654692,8
654752,14
654773,8
654784,6
654835,44
654864,6
654874,19
654886,6
654894,6
654917,9
655034,8
655048,17
655101,7
655103,47
655120,77
655127,7
655221,8
655230,7
655234,10
655243,16
655248,11
655269,17
655305,12
655320,9
655336,8
655341,8
655365,9
655485,8
655529,7
655538,15
655544,11
655618,6
655625,6
655635,35
655646,9
655652,357
655657,17
655678,19
655696,5
655699,26
655704,8
655751,11
655801,5
655820,8
655829,10
655845,5
655867,19
655958,29
655964,20
655965,24
656024,8
656046,8
656048,6
656049,8
656066,5
656108,19
656126,22
656169,9
656183,6
656218,6
656228,9
656250,8
656279,23
656280,6
656285,10
656307,12
656367,12
656397,17
656427,6
656434,28
656548,6
656581,8
656605,11
656606,7
656671,9
656678,10
656698,33
656728,14
656729,7
656753,6
656817,12
656823,8
656874,19
656894,6
656921,6
656943,5
656944,7
656982,6
656997,9
657006,7
657011,14
657081,19
657104,6
657122,352
657150,6
657181,16
657202,22
657231,17
657236,7
657246,6
657269,15
657272,86
657300,8
657307,10
657315,18
657381,21
657422,21
657431,9
657442,10
657450,6
657460,21
657462,16
657498,10
657499,6
657512,8
657561,6
657593,6
657603,6
657622,6
657662,12
657672,7
657700,10
657704,6
657758,16
657793,14
657819,11
657855,50
657856,9
657951,31
657977,11
658017,11
658100,11
658119,6
658128,16
658137,6
658155,25
658257,28
658352,8
658403,7
658478,5
658490,41
658514,6
658538,14
658608,14
658662,8
658699,7
658762,13
658818,5
658825,6
658842,12
658897,7
658907,6
658950,10
658959,6
658997,11
659088,6
659200,8
659224,6
659243,7
659256,6
659276,24
659282,11
659346,9
659401,9
659403,14
659433,6
659442,15
659450,5
659457,5
659483,6
659566,7
659604,6
659618,32
659633,17
659658,12
659660,6
659667,23
659674,8
659675,29
659749,11
659768,14
659771,260
659808,42
659828,11
659829,5
659830,41
659831,7
659832,16
659882,8
659887,10
659894,24
659917,8
659969,13
660001,11
660002,283
660048,6
660063,11
660070,7
660123,14
660172,18
660178,7
660199,5
660224,36
660288,10
660312,7
660357,48
660433,7
660455,6
660460,6
660483,9
660502,8
660616,19
660645,28
660695,6
660711,42
660758,5
660815,7
660828,6
660849,8
660864,16
660920,6
660927,6
660931,11
661001,32
661055,6
661085,15
661148,6
661188,8
661211,123
661245,6
661248,6
661292,10
661313,6
661340,6
661350,26
661418,11
661454,6
661458,8
661461,9
661494,15
661511,6
661551,10
661553,9
661564,12
661565,7
661576,12
661582,6
661709,1191
661711,19
661717,8
661721,9
661728,12
661804,8
661878,20
661883,8
661894,7
661897,6
661901,9
661988,29
662050,12
662052,7
662082,17
662105,20
662129,5
662132,22
662142,8
662205,26
662235,39
662261,29
662291,11
662292,12
662298,10
662308,8
662309,9
662333,6
662339,10
662345,6
662364,44
662388,10
662416,15
662420,7
662435,18
662448,18
662499,253
662512,7
662518,6
662538,7
662586,101
662606,7
662615,9
662707,10
662717,10
662781,5
662793,6
662830,22
662841,13
662848,7
662849,15
662854,6
662864,7
662871,6
662886,8
662969,15
663009,6
663054,6
663080,6
663098,6
663103,12
663122,17
663155,6
663156,11
663186,10
663214,7
663323,6
663333,5
663383,8
663405,10
663423,14
663474,21
663475,7
663486,9
663507,6
663532,8
663536,8
663548,8
663552,6
663553,8
663586,52
663609,45
663781,9
663794,10
663795,17
663805,9
663847,11
663856,7
663871,7
663896,8
663904,12
663941,7
663969,31
663992,49
664030,10
664054,10
664062,33
664105,12
664150,6
664154,7
664157,9
664178,6
664195,10
664254,14
664281,24
664318,7
664418,7
664419,5
664458,9
664484,45
664497,6
664538,7
664548,8
664562,9
664568,11
664594,5
664655,6
664673,23
664714,6
664761,18
664788,18
664790,8
664821,6
664825,18
664833,8
664927,10
664935,8
664938,6
664995,9
665042,5
665069,16
665121,13
665123,5
665143,7
665154,6
665161,8
665188,11
665219,8
665234,72
665250,7
665251,9
665257,14
665420,6
665497,16
665508,12
665519,7
665610,35
665628,6
665720,73
665745,8
665832,52
665926,112
665977,13
665990,6
665999,8
666009,73
666093,6
666094,7
666150,12
666162,6
666193,8
666197,6
666257,5
666265,9
666315,7
666316,5
666320,6
666346,6
666358,12
666377,7
666421,9
666435,11
666491,6
666499,27
666516,24
666577,5
666609,12
666634,7
666650,6
666708,5
666754,11
666755,29
666759,6
666768,7
666791,16
666809,13
666843,24
666850,5
666880,37
666889,11
666915,6
666999,8
667000,5
667026,6
667043,11
667078,9
667107,14
667158,15
667196,40
667197,9
667235,5
667251,8
667300,16
667363,5
667367,12
667413,160
667427,10
667430,178
667448,8
667453,6
667459,6
667486,19
667490,6
667547,11
667614,7
667663,7
667680,10
667720,20
667745,18
667748,5
667749,17
667757,8
667778,7
667800,29
667835,6
667875,8
667922,20
667969,34
667997,5
668015,6
668044,7
668056,18
668103,6
668149,9
668204,6
668217,5
668240,6
668267,6
668268,15
668313,11
668446,5
668450,10
668488,6
668530,7
668544,17
668554,14
668595,12
668617,32
668628,11
668629,8
668664,6
668693,6
668866,6
668909,6
668939,32
668960,10
668965,18
668971,10
668991,69
669003,6
669018,5
669158,6
669167,134
669273,18
669303,41
669330,10
669377,48
669400,7
669408,6
669410,28
669449,6
669464,6
669629,12
669631,5
669723,20
669742,75
669744,10
669756,6
669861,6
669932,7
669939,5
669946,9
669962,6
670028,10
670056,161
670097,7
670135,6
670142,7
670191,17
670193,58
670204,5
670216,6
670246,7
670252,8
670322,9
670354,7
670359,6
670388,8
670400,8
670415,23
670483,18
670485,18
670517,6
670523,12
670545,30
670587,23
670602,5
670621,16
670624,12
670645,8
670664,14
670665,13
670708,8
670714,7
670732,5
670750,18
670770,9
670825,9
670864,5
670900,28
670957,8
670981,10
670984,7
671032,12
671034,16
671080,9
671126,5
671128,6
671144,11
671152,21
671173,284
671215,7
671225,6
671226,29
671235,6
671239,6
671251,5
671348,7
671361,30
671419,5
671421,17
671450,7
671492,8
671500,11
671504,12
671530,7
671566,29
671567,26
671622,42
671640,6
671676,11
671764,6
671789,11
671791,10
671815,9
671836,30
671852,7
671864,6
671934,5
671950,838
672053,6
672153,9
672191,5
672223,17
672269,10
672327,7
672363,22
672411,29
672445,16
672447,26
672488,31
672512,18
672563,9
672566,8
672638,6
672652,5
672675,7
672687,9
672700,20
672803,19
672806,6
672822,10
672823,6
672847,222
672848,7
672862,7
672868,13
672875,7
672917,6
672934,6
672945,9
672950,5
673006,6
673008,22
673010,9
673051,5
673062,6
673079,7
673095,6
673097,10
673113,17
673153,11
673181,7
673206,16
673216,7
673219,14
673231,130
673241,10
673252,10
673278,7
673354,35
673428,17
673429,6
673432,82
673469,7
673472,8
673561,20
673640,16
673668,20
673702,6
673792,14
673811,9
673825,7
673850,292
673869,8
673898,18
673905,7
673955,121
673973,21
673990,44
674002,9
674020,7
674157,57
674183,21
674200,12
674231,14
674244,18
674275,21
674287,9
674342,11
674362,10
674363,13
674368,8
674372,11
674405,7
674412,32
674478,951
674547,6
674566,5
674592,551
674599,112
674658,9
674666,14
674669,8
674671,70
674703,61
674769,31
674814,5
674825,5
674828,5
674908,6
674916,6
674957,10
674990,10
675061,8
675082,9
675089,8
675093,7
675100,18
675146,28
675186,10
675281,8
675318,5
675344,6
675352,10
675356,14
675372,6
675382,20
675389,7
675401,63
675433,33
675453,6
675523,6
675531,8
675561,7
675563,6
675626,8
675640,8
675650,31
675664,7
675665,6
675698,24
675712,5
675785,42
675844,7
675869,31
675883,12
675926,15
675936,9
675951,8
675952,21
675956,8
675997,6
676005,7
676016,13
676125,30
676143,6
676186,393
676203,6
676215,13
676246,7
676301,7
676309,7
676312,7
676352,11
676366,6
676379,11
676390,13
676393,9
676426,13
676489,9
676535,12
676540,32
676554,21
676561,5
676610,8
676642,5
676656,6
676700,9
676711,30
676733,9
676787,6
676802,25
676805,8
676838,6
676877,166
676938,5
676966,8
676988,25
677015,10
677045,5
677079,123
677094,7
677126,7
677138,7
677158,8
677161,9
677180,10
677199,64
677203,13
677259,9
677269,12
677281,32
677310,74
677338,11
677345,19
677353,7
677393,189
677424,8
677427,6
677437,68
677464,11
677481,16
677509,15
677511,150
677565,11
677590,8
677631,17
677637,12
677655,6
677668,8
677669,10
677696,9
677697,22
677733,284
677753,36
677780,5
677864,6
677889,10
677898,9
677916,15
677919,8
677924,10
677976,6
678022,114
678031,8
678085,11
678089,7
678160,6
678172,7
678188,6
678332,9
678350,12
678392,26
678396,5
678414,9
678430,78
678445,124
678453,17
678511,5
678595,5
678645,48
678666,11
678750,39
678766,41
678806,12
678808,6
678842,7
678850,6
678866,16
678884,8
678912,26
678933,28
678940,8
678980,17
679032,9
679059,17
679082,21
679083,23
679126,7
679158,7
679165,13
679215,8
679362,7
679383,25
679388,107
679401,19
679504,60
679523,15
679556,9
679574,5
679600,25
679607,5
679647,21
679660,21
679677,5
679709,23
679736,7
679746,5
679778,7
679791,15
679811,7
679834,6
679842,11
679859,9
679898,10
679922,8
680032,7
680146,81
680197,19
680205,11
680206,40
680214,8
680230,5
680233,11
680342,7
680396,6
680398,16
680416,6
680429,6
680456,16
680459,12
680542,8
680567,6
680580,6
680687,6
680777,8
680840,8
680864,9
680900,8
680933,10
680941,9
681046,5
681048,7
681069,15
681119,13
681162,5
681216,6
681227,8
681238,9
681256,8
681361,10
681373,21
681378,6
681456,23
681459,11
681528,114
681591,7
681618,44
681622,7
681683,25
681696,23
681755,82
681767,6
681775,10
681781,19
681790,8
681796,6
681852,7
681899,7
681913,13
681935,13
681988,5
681993,28
682050,16
682073,19
682079,20
682080,9
682096,10
682123,8
682128,12
682151,7
682206,10
682240,7
682264,7
682321,22
682339,7
682373,10
682397,5
682403,11
682415,8
682472,21
682479,30
682534,6
682546,25
682657,13
682661,6
682714,8
682752,12
682766,7
682770,21
682859,6
682918,8
682964,7
682970,18
683000,11
683005,7
683045,12
683054,7
683074,11
683075,6
683122,7
683195,21
683236,28
683251,47
683307,12
683363,10
683385,6
683464,47
683477,6
683536,13
683537,6
683569,31
683597,11
683657,8
683704,11
683710,6
683727,18
683769,11
683808,5
683813,9
683854,6
683868,6
683916,14
683970,9
684018,64
684054,6
684080,15
684089,150
684122,6
684137,5
684141,5
684142,48
684165,5
684192,8
684226,25
684265,6
684294,7
684332,13
684346,6
684384,6
684398,9
684444,9
684445,6
684556,7
684747,6
684760,11
684796,6
684800,92
684808,9
684843,8
684852,6
684878,7
684881,6
684887,16
684915,7
684935,9
684947,6
684978,5
685124,40
685281,6
685368,8
685408,21
685409,9
685417,6
685442,11
685525,10
685533,8
685553,6
685554,8
685564,13
685581,13
685583,9
685591,17
685623,11
685642,13
685674,45
685690,9
685709,20
685721,15
685766,7
685818,7
685824,6
685844,30
685939,5
685954,8
685971,22
686024,12
686025,8
686060,5
686106,36
686149,9
686203,7
686241,26
686243,7
686263,14
686415,9
686442,12
686478,5
686498,6
686548,9
686575,8
686585,10
686586,7
686642,14
686659,9
686667,15
686706,6
686708,6
686750,6
687004,8
687011,292
687018,64
687030,7
687146,6
687147,27
687174,17
687189,9
687288,26
687353,6
687358,7
687379,11
687437,6
687447,19
687450,38
687514,11
687524,14
687526,15
687560,8
687567,13
687596,5
687627,12
687631,7
687658,5
687694,9
687705,13
687765,5
687841,7
687850,19
687870,23
687871,8
687889,22
687898,7
687900,23
687902,9
687933,12
687945,61
688050,6
688200,6
688219,17
688244,10
688256,7
688257,32
688277,8
688288,6
688289,21
688324,6
688365,7
688428,7
688437,5
688476,29
688483,5
688499,7
688534,11
688538,9
688585,13
688587,53
688610,9
688614,7
688621,8
688650,23
688660,30
688667,20
688711,29
688728,47
688782,10
688803,6
688830,6
688875,10
688879,7
688935,20
688942,6
688995,10
689014,7
689097,7
689124,1116
689149,8
689170,5
689171,10
689194,6
689198,10
689254,38
689288,18
689301,8
689346,9
689362,12
689379,25
689397,16
689409,8
689413,7
689462,6
689546,9
689576,14
689580,33
689617,44
689633,32
689684,15
689709,9
689734,6
689750,14
689768,8
689787,16
689836,14
689852,23
689867,8
689868,6
689908,13
689918,281
689948,10
689982,6
689983,15
690048,8
690058,8
690147,18
690158,7
690165,7
690257,10
690272,25
690278,6
690288,6
690303,23
690312,6
690354,92
690417,10
690434,11
690475,7
690513,11
690519,12
690532,17
690559,9
690587,6
690596,72
690601,187
690626,14
690668,143
690701,5
690719,16
690740,14
690760,35
690764,7
690808,6
690857,14
691029,10
691067,7
691110,6
691138,6
691200,76
691203,18
691261,1669
691329,7
691352,8
691373,7
691394,7
691418,6
691434,8
691441,15
691498,8
691532,6
691548,7
691566,8
691571,9
691581,11
691603,32
691737,8
691784,119
691799,5
691816,16
691825,6
691827,7
691876,9
691886,8
691892,5
691897,11
691917,10
691947,5
692042,72
692071,19
692073,9
692106,10
692166,35
692219,16
692220,27
692241,6
692244,6
692279,5
692359,18
692360,20
692406,17
692444,10
692506,43
692525,35
692592,12
692613,5
692614,7
692688,196
692711,5
692785,37
692803,9
692812,30
692859,5
692886,251
692890,8
692957,23
692968,9
692988,5
693007,6
693026,6
693030,6
693078,11
693082,7
693109,12
693163,6
693220,13
693221,10
693240,29
693264,6
693269,17
693276,10
693303,8
693340,48
693401,7
693484,24
693485,2680
693493,13
693500,8
693509,7
693517,14
693552,7
693553,6
693567,7
693631,9
693670,7
693699,10
693724,105
693777,6
693793,13
693848,6
693849,11
693866,12
693913,9
693914,7
693924,11
693926,6
693955,14
694031,45
694043,91
694046,26
694062,12
694114,20
694265,446
694313,20
694376,36
694378,21
694379,10
694399,8
694412,28
694438,12
694502,29
694503,12
694520,18
694531,11
694590,89
694617,5
694634,6
694733,7
694756,10
694790,14
694795,10
694891,24
694950,5
694979,7
695110,8
695114,19
695320,8
695402,11
695427,12
695494,6
695496,114
695503,10
695594,6
695622,23
695637,16
695641,6
695645,10
695648,48
695663,108
695671,7
695682,170
695695,36
695744,26
695766,6
695769,7
695881,11
695921,7
695958,21
695978,6
695986,6
696005,6
696023,12
696035,722
696044,12
696096,21
696104,25
696135,13
696154,9
696187,9
696203,12
696268,8
696269,12
696289,10
696320,6
696340,7
696347,6
696384,5
696419,43
696425,19
696454,42
696472,10
696485,20
696493,7
696517,18
696522,5
696577,6
696650,6
696651,9
696667,22
696688,44
696720,19
696721,18
696775,7
696828,5
696854,26
696900,35
696941,7
696946,103
696972,64
697053,6
697076,9
697077,5
697078,9
697084,6
697118,11
697125,10
697127,6
697134,31
697202,12
697252,8
697316,10
697328,6
697378,15
697380,9
697433,5
697449,20
697552,24
697651,11
697689,5
697698,39
697727,18
697811,10
697837,9
697856,6
697879,6
697895,7
697897,143
697908,5
697910,6
697922,7
697949,20
697982,11
697983,7
697988,7
698050,12
698052,16
698071,12
698105,6
698162,14
698190,11
698203,6
698291,51
698336,34
698384,13
698436,16
698452,9
698491,6
698520,97
698523,5
698603,88
698617,22
698724,23
698726,6
698857,7
698865,9
698867,8
698885,6
698891,13
698926,6
698932,13
698942,6
698946,29
698966,62
698969,6
699003,8
699042,15
699067,11
699070,6
699145,11
699175,7
699227,8
699243,7
699308,38
699320,6
699324,160
699345,142
699365,16112
699419,5
699428,121
699441,19
699442,37
699459,5
699544,9
699558,9
699634,8
699665,9
699681,7
699716,72
699807,31
699813,6
699864,5
699870,213
699913,7
699978,6
700024,19
700045,10
700105,5
700119,79
700170,5
700200,5
700277,6
700330,5
700347,12
700363,32
700379,32
700395,97
700437,8
700472,6
700507,12
700515,23
700535,5
700578,13
700582,136
700593,14
700594,13
700607,8
700612,11
700715,8
700760,5
700813,5
700890,6
700929,9
700976,6
700977,58
701009,5
701029,9
701060,6
701062,6
701086,28
701185,19
701189,9
701198,9
701209,7
701211,13
701244,6
701326,13
701327,7
701335,5
701341,8
701356,6
701470,11
701513,9
701536,11
701538,17
701539,6
701559,61
701606,18
701610,6
701613,14
701648,10
701655,10
701686,25
701697,6
701698,16
701773,10
701798,19
701800,6
701810,8
701842,6
701894,8
701895,61
701909,11
701910,9
701913,18
701927,6
701949,9
701976,9
702008,74
702027,17
702030,6
702038,5
702041,60
702043,45
702055,9
702096,6
702209,5
702227,330
702232,12
702313,39
702331,15
702361,12
702383,9
702397,16
702407,6
702428,11
702479,19
702642,9
702739,91
702770,8
702786,8
702787,10
702797,6
702818,7
702824,10
702842,17
702851,5
702854,19
702869,5
702878,26
702904,32
702945,18
702992,10
702993,5
702995,52
703117,7
703126,24
703129,53
703136,6
703142,11
703193,8
703229,6
703233,8
703239,7
703301,9
703304,121
703395,6
703460,8
703463,6
703486,6
703487,6
703522,20
703525,13
703576,6
703592,6
703600,7
703642,27
703713,10
703746,12
703809,6
703813,6
703833,104
703861,7
703892,8
704012,6
704017,12
704064,11
704085,11
704098,8
704102,6
704157,8
704172,7
704173,14
704200,36
704246,11
704326,8
704413,15
704453,9
704484,304
704634,51
704650,8
704657,10
704658,38
704715,15
704716,11
704724,11
704725,6
704755,52
704756,11
704846,10
704850,34
704864,13
704873,5
704888,29
704917,12
704927,12
704957,29
704967,42
705002,16
705003,5
705025,23
705087,519
705154,31
705187,12
705219,50
705228,5
705274,5
705326,12
705329,63
705388,16
705437,5
705459,9
705460,9
705465,7
705467,7
705489,24
705521,9
705528,7
705582,9
705603,8
705605,20
705650,5
705677,9
705727,6
705729,8
705749,8
705774,6
705833,7
705858,5
705876,10
705877,6
705892,7
705898,6
705899,21
705902,16
705927,7
705993,8
706011,8
706031,11
706039,9
706044,18
706053,17
706058,5
706092,6
706097,8
706108,8
706124,31
706161,7
706171,6
706245,8
706258,21
706265,11
706270,38
706278,21
706290,5
706296,20
706307,6
706362,7
706381,7
706416,13
706429,95
706447,10
706451,7
706527,8
706539,25
706571,24
706616,5
706629,9
706635,18
706651,5
706708,6
706726,7
706742,8
706786,52
706805,21
706835,7
706887,13
706942,5
706943,13
706945,15
706954,7
706971,11
707002,7
707038,22
707049,11
707051,6
707080,38
707119,7
707126,101
707133,14
707153,6
707200,16
707240,8
707244,6
707301,7
707381,413
707460,7
707529,6
707531,28
707576,44
707579,18
707582,7
707601,44
707612,9
707680,10
707691,7
707728,11
707729,6
707737,40
707801,6
707823,6
707839,7
707861,7
707898,6
707905,6
707908,19
707917,6
707945,22
707978,6
707986,24
707994,12
708000,13
708011,14
708024,8
708090,89
708093,6
708095,26
708146,8
708147,30
708168,15
708309,7
708311,6
708317,11
708373,8
708375,7
708383,11
708404,7
708420,6
708458,7
708506,10
708521,17
708538,7
708553,8
708583,6
708591,12
708624,6
708636,8
708664,10
708738,6
708780,21
708858,6
708894,11
708919,34
708921,31
708927,6
708933,11
708944,8
708947,70
708952,8
708960,20
708977,7
708989,5
709027,6
709058,182
709065,31
709099,7
709117,7
709137,18
709185,8
709215,6
709246,7
709285,6
709295,7
709297,6
709317,77
709333,13
709366,5
709413,9
709434,17
709439,6
709459,22
709476,12
709502,7
709503,8
709524,10
709537,34
709568,21
709574,5
709590,25
709612,8
709620,25
709636,9
709641,6
709643,518
709645,99
709687,6
709758,13
709780,9
709820,6
709827,6
709828,9
709876,10
709904,6
709907,8
709916,83
709944,8
709949,6
709957,8
709987,6
710010,9
710018,7
710064,18
710071,21
710078,25
710108,10
710124,72
710125,19
710127,23
710132,28
710166,74
710187,6
710188,6
710248,5
710298,6
710304,6
710337,14
710397,11
710420,12
710562,10
710575,9
710581,5
710637,9
710653,16
710665,24
710789,12
710800,9
710856,6
710873,7
710901,18
710985,282
710996,24
711026,9
711036,7
711048,8
711070,5
711123,6
711124,36
711125,13
711186,6
711208,71
711212,6
711213,7
711239,8
711241,11
711248,9
711319,6
711321,18
711352,6
711392,55
711420,7
711426,5
711451,14
711459,42
711489,10
711528,10
711571,6
711604,6
711611,71
711641,6
711645,7
711670,25
711698,13
711717,8
711735,14
711750,11
711762,52
711769,6
711846,44
711875,7
711900,13
711911,18
711915,6
711938,6
711973,9
711977,7
712053,6
712090,54
712103,8
712104,10
712145,50
712187,6
712191,11
712232,7
712242,15
712245,5
712259,9
712289,13
712338,8
712347,10
712412,9
712425,8
712427,23
712476,7
712479,44
712481,5
712519,7
712523,8
712555,40
712568,6
712571,5
712579,6
712589,9
712639,19
712695,6
712700,6
712760,9
712769,7
712820,84
712830,6
712895,6
712979,29
713007,11
713012,40
713021,13
713030,9
713044,5
713130,52
713136,5
713152,5
713177,11
713227,8
713288,8
713292,8
713294,8
713304,19
713320,8
713399,5
713428,13
713445,14
713447,6
713458,7
713498,5
713516,8
713523,7
713532,6
713549,7
713599,37
713626,6
713648,6
713656,12
713690,8
713696,45
713713,8
713756,19
713782,13
713855,13
713868,7
713892,13
713908,5
713983,25
714005,11
714037,8
714080,6
714085,19
714095,6
714130,7
714156,7
714176,7
714291,7
714380,24
714382,20
714401,10
714472,14
714495,24
714529,12
714530,11
714553,39
714594,31
714611,8
714630,12
714709,5
714714,7
714731,10
714756,9
714812,10
714818,6
714825,7
714899,6
714946,36
714949,7
714971,891
714988,7
714992,5
715069,7
715081,7
715139,33
715303,13
715344,7
715359,13
715428,54
715475,14
715496,16
715611,17
715641,6
715653,20
715693,9
715728,6
715739,28
715811,17
715848,7
715897,267
715950,19
715982,25
716007,32
716034,14
716055,439
716063,9
716197,7
716221,10
716222,10
716228,7
716288,7
716289,116
716303,15
716322,7
716342,27
716354,18
716395,8
716398,9
716511,5
716513,6
716525,5
716558,6
716643,26
716674,99
716727,8
716743,177
716755,10
716900,12
716903,9
716931,44
716987,7
716995,49
717010,7
717019,10
717028,8
717035,9
717110,8
717122,17
717140,9
717142,9
717191,6
717228,63
717229,24
717273,22
717331,5
717333,7
717381,12
717406,16
717459,5
717486,9
717601,23
717671,9
717700,10
717713,19
717771,5
717852,7
717917,6
717919,9
717945,55
718115,7
718124,7
718143,30
718158,10
718195,7
718203,7
718219,7
718220,7
718227,10
718228,7
718288,6
718290,7
718330,21
718350,7
718375,27
718423,14
718438,6
718440,5
718506,9
718532,6
718547,6
718629,10
718630,6
718678,6
718702,6
718772,6
718785,280
718830,9
718831,8
718834,7
718842,9
718866,46
718878,5
718890,13
718930,15
718998,9
719050,15
719092,15
719143,6
719148,65
719151,82
719168,7
719170,16
719186,11
719199,11
719200,7
719202,17
719274,20
719308,11
719310,26
719311,7
719312,6
719391,20
719401,14
719470,30
719473,49
719477,5
719493,10
719507,9
719508,6
719523,7
719550,5
719575,8
719582,6
719583,10
719652,20
719685,6
719764,7
719777,12
719810,8
719812,15
719826,11
719829,6
719831,58
719836,5
719837,11
719845,9
719873,15
719878,8
719885,173
719910,33
719943,12
719948,9
719957,27894
719970,13
719989,7
720076,5
720131,6
720132,15
720135,11
720225,7
720238,10
720239,10
720252,9
720277,11
720393,20
720536,5
720575,26
720647,6
720713,7
720722,6
720811,176
720834,7
720871,8
720875,20
720885,21
720930,15
720945,5
720985,9
720989,6
721037,11
721046,40
721152,7
721179,6
721197,6
721207,36
721224,15
721238,15
721239,8
721254,7
721284,5
721304,7
721323,61
721337,14
721390,5
721406,8
721443,7
721447,10
721478,7
721515,37
721516,7
721530,20
721535,72
721611,12
721622,13
721679,6
721693,27
721728,9
721779,8
721931,188
721972,7
721975,7
721976,6
722053,15
722058,13
722075,20
722128,9
722133,10
722186,6
722243,7
722245,6
722253,11
722286,9
722337,11
722384,5
722411,13
722414,9
722510,6
722540,30
722565,12
722668,9
722678,15
722703,6
722704,6
722776,30
722885,7
722887,6
722928,12
722959,16
722990,160
723025,13
723119,7
723121,7
723158,23
723166,7
723203,8
723232,14
723238,18
723239,10
723264,15
723363,6
723448,15
723572,185
723587,5
723605,8
723619,19
723733,12
723836,16
723842,13
723856,6
723898,7
723915,9
723944,20
723961,19
724026,7
724039,12
724054,9
724071,10
724088,11
724090,70
724117,5
724173,6
724180,6
724189,18
724190,7
724210,8
724239,7
724263,12
724270,7
724294,7
724312,11
724339,5
724344,6
724363,10
724445,6
724452,61
724503,10
724535,12
724549,51
724555,13
724558,6
724562,38
724630,11
724736,7
724755,5
724781,21
724859,14
724953,6
724954,6
724990,6
724994,7
725005,17
725013,5
725044,11
725235,10
725236,5
725244,9
725265,6
725421,85
725459,5
725479,21
725540,11
725564,6
725657,11
725681,25
725684,6
725705,24
725760,21
725767,11
725781,15
725833,5
725873,12
725885,5
725963,46
726047,7
726123,6
726154,24
726182,14
726183,11
726205,40
726220,17
726242,6
726277,8
726309,71
726313,6
726345,38
726380,25
726407,5
726438,10
726447,8
726475,37
726500,11
726578,6
726617,13
726651,13
726695,218
726696,7
726739,5
726753,13
726761,24
726782,8
726783,6
726791,7
726813,7
726834,12
726918,105
726983,8
727030,7
727031,55
727039,125
727067,5
727072,31
727085,32
727102,7
727131,6
727134,5
727145,5
727147,5
727166,124
727171,20
727182,8
727199,29
727205,9
727229,20
727253,7
727296,6
727452,8
727474,66
727487,35
727498,9
727516,19
727543,27
727585,6
727603,14
727644,99
727760,50
727764,6
727765,7
727811,6
727839,6
727865,7
727894,17
727913,8
727939,29
727978,32
728005,8
728008,8
728030,44
728056,129
728084,11
728099,15
728105,8
728129,12
728135,11
728184,7
728196,7
728310,12
728331,13
728348,5
728411,14
728413,6
728482,9
728501,5
728538,5
728541,21
728556,9
728654,6
728682,552
728684,8
728721,11
728770,13
728802,35
728811,27
728828,10
728836,6
728852,17
728855,5
728858,169
728876,5
728884,19
728890,7
728926,12
728927,31
728929,18
728936,28
728943,9
728958,7
728960,11
728971,7
729015,40
729036,10
729200,13
729226,22
729237,10
729257,12
729271,7
729285,17
729323,5
729342,10
729375,89
729433,7
729441,5
729444,29
729446,7
729464,7
729637,5
729640,9
729685,6
729718,6
729726,9
729804,21
729807,6
729860,8
729887,8
729973,6
729991,6
730003,10
730094,83
730153,6
730177,6
730232,9
730301,33
730337,6
730344,10
730373,11
730384,10
730399,5
730447,11
730475,6
730485,12
730519,5
730523,17
730532,12
730561,7
730586,10
730639,7
730688,17
730697,13
730751,72
730807,5
730830,9
730868,11
730977,27
731029,8
731097,6
731118,17
731130,7
731131,8
731132,8
731140,37
731167,9
731187,7
731213,6
731324,5
731343,9
731365,8
731410,11
731421,10
731438,21
731443,15
731481,23
731493,7
731504,9
731510,7
731544,10
731605,6
731613,7
731622,141
731694,7
731695,7
731767,99
731772,23
731803,13
731834,8
731894,6
731904,15
731911,7
731918,6
731962,17
731994,7
732038,20
732041,7
732095,14
732103,6
732107,6
732113,8
732134,6
732188,9
732206,13
732247,16
732252,7
732268,29
732298,10
732348,46
732367,12
732387,9
732393,8
732444,322
732463,5
732493,6
732561,7
732566,10
732568,11
732579,15
732712,8
732798,11
732804,26
732836,5
732849,8
732905,8
732960,12
732966,8
732967,8
732971,8
733039,5
733090,6
733126,7
733168,5
733169,5
733292,5
733319,2501
733370,37
733407,6
733435,12
733482,9
733502,9
733559,9
733632,490
733642,9
733685,15
733693,10
733702,97
733707,7
733712,14
733797,8
733808,17
733838,20
733875,10
733882,9
733899,8
733922,7
733966,90
733975,15
733978,123
733995,6
734014,11
734092,72
734122,7
734137,19
734206,7
734210,14
734226,5
734229,20
734279,7
734321,13
734322,7
734355,59
734360,15
734507,12
734532,9
734566,10
734568,6
734575,5
734587,30
734660,6
734671,6
734707,124
734821,6
734833,8
734858,45
734909,5
734964,11
734990,5
735000,7
735035,24
735046,11
735055,27
735067,5
735082,7
735089,14
735105,10
735121,8
735274,65
735338,12
735371,6
735399,10
735433,11
735517,9
735589,11
735630,7
735635,14
735672,9
735682,27
735697,99
735710,18
735715,7
735725,6
735745,11
735765,5
735774,26
735780,16
735787,6
735814,15
735823,5
735864,8
735871,6
735874,5
735894,5
735916,6
735921,9
735938,22
735950,9
735957,7
735972,126
735985,18
736024,22
736099,5
736123,8
736128,8
736129,14
736164,12
736209,6
736265,11
736292,18
736356,6
736365,10
736367,6
736442,8
736507,18
736511,7
736549,8
736586,9
736647,93
736682,6
736787,13
736824,11
736871,7
736888,7
736894,11
736917,6
736947,10
736968,7
736993,45
737015,7
737031,6
737079,7
737085,9
737105,11
737167,6
737194,8
737226,8
737240,10
737308,36
737311,5
737316,11
737336,10
737358,16
737417,7
737427,9
737440,36
737446,6
737478,8
737487,10
737525,6
737571,27
737635,10
737655,9
737705,23
737749,6
737768,14
737775,8
737784,39
737796,11
737823,37
737862,13
737888,66
737896,142
737949,12
737959,7
738088,8
738151,18
738152,26
738176,12
738182,12
738367,31
738396,6
738428,8
738435,7
738445,9
738523,7
738606,43
738638,7
738675,7
738704,75
738752,35
738817,44
738834,5
738926,7
738927,11
738951,6
738970,12
739040,61
739053,6
739061,38
739081,15
739110,115
739122,15
739137,9
739177,9
739190,21
739208,8
739264,6
739282,6
739358,9
739417,6
739429,12
739467,106
739484,12
739488,7
739508,22
739541,14
739667,33
739685,7
739720,47
739763,70
739813,8
739840,58
739858,5
739879,24
739892,6
739896,20
739907,9
740013,6
740029,9
740072,5
740073,18
740214,114
740267,21
740270,6
740272,6
740307,8
740332,15
740342,10
740352,10
740377,5
740378,11
740460,42
740466,12
740493,13
740514,7
740555,380
740671,11
740687,27
740690,25
740740,11
740752,320
740762,182
740779,9
740793,15
740822,5
740856,6
740873,6
740979,9
740981,7
741022,6
741066,6
741078,23
741100,6
741145,9
741178,8
741189,6
741256,20
741262,50
741267,14
741302,25
741362,7
741364,429
741403,7
741422,8
741423,7
741449,7
741521,81
741569,6
741623,11
741645,23
741646,6
741664,14
741699,8
741704,7
741751,5
741759,14
741761,5
741783,12
741817,5
741818,25
741835,6
741907,6
741920,6
741951,9
741981,5
742025,7
742041,19
742052,8
742129,9
742170,5
742240,7
742247,7
742300,9
742356,8
742357,5
742366,383
742417,6
742471,6
742494,6
742541,18
742553,6
742569,7
742578,126
742684,9
742717,7
742730,9
742752,7
742763,7
742778,68
742828,9
742847,11
742965,10
742981,18
743104,12
743233,20
743271,5
743310,14
743311,19
743325,9
743345,6
743367,14
743458,12
743469,6
743513,14
743527,107
743556,16
743567,7
743584,14
743598,7
743696,6
743733,8
743734,8
743744,9
743760,9
743774,6
743796,59
743800,6
743861,37
743871,5
743872,16
743883,11
743898,6
743926,11
743947,417
744001,13
744008,6
744054,707
744107,7
744197,35
744198,14
744200,20
744243,8
744297,19
744383,11
744389,5
744412,24
744463,7
744562,7
744564,19
744570,6
744587,6
744599,6
744610,11
744632,8
744649,8
744678,6
744695,7
744701,107
744712,8
744738,14
744793,8
744820,10
744824,9
744825,9
744869,119
744894,7
744910,6
744927,7
744963,22
744980,8
744995,22
745019,9
745054,8
745072,5
745098,11
745138,6
745141,5
745143,19
745204,7
745280,5
745328,78
745347,8
745350,6
745363,7
745390,6
745406,6
745462,11
745484,5
745488,6
745528,9
745551,27
745560,7
745666,12
745706,16
745707,8
745748,10
745788,6
745816,14
745902,9
745920,22
746032,11
746055,6
746069,20
746113,19
746161,43
746165,6
746174,7
746178,7
746192,6
746219,7
746245,9
746254,64
746259,9
746373,17
746384,20
746407,6
746438,28
746456,6
746489,23
746567,6
746636,8
746677,24
746689,19
746708,21
746795,13
746844,7
746883,6
747012,6
747047,11
747094,8
747101,12
747131,6
747135,10
747145,11
747156,7
747166,16
747178,10
747179,9
747212,8
747230,6
747270,16
747318,5
747345,10
747383,6
747390,13
747522,9
747541,6
747562,7
747586,17
747650,11
747654,13
747688,41
747708,20
747770,9
747790,5
747850,24
747905,28
747929,13
747962,5
748029,5
748076,18
748128,8
748129,9
748158,126
748177,15
748280,76
748298,6
748300,6
748369,7
748371,11
748398,30
748454,88
748467,15
748471,7
748505,9
748506,24
748554,11
748580,8
748584,7
748708,6
748723,9
748783,7
748849,6
748853,19
748869,10
748870,15
748902,18
748959,83
749021,13
749058,9
749067,7
749068,29
749127,22
749156,11
749275,7
749277,19
749304,10
749331,6
749339,11
749364,8
749399,8
749457,45
749487,25
749580,10
749586,12
749591,17
749666,15
749671,9
749672,37
749683,10
749772,18
749795,11
749823,7
749874,76
749895,38
749916,6
749934,379
749971,14
749980,9
750002,12
750032,5
750066,7
750145,5
750185,5
750216,45
750221,44
750315,11
750361,7
750365,27
750383,12
750394,59
750489,10
750497,6
750535,6
750537,9
750570,7
750579,7
750626,6
750690,13
750700,32
750725,16
750750,5
750798,12
750883,7
750906,6
750917,12
751015,13
751070,8
751155,45
751193,5
751228,12
751271,6
751296,7
751307,15
751330,5
751339,22
751371,12
751516,7
751524,9
751529,11
751531,6
751562,15
751567,10
751593,7
751610,5
751627,6
751630,9
751637,7
751666,6
751676,6
751703,78
751735,11
751745,21
751766,6
751770,9
751784,16
751873,12
751913,16
751926,7
752018,15
752040,9
752068,143
752111,223
752114,6
752173,23
752235,11
752277,14
752354,12
752355,9
752357,7
752470,11
752480,7
752529,20
752530,10
752569,6
752571,6
752632,5
752645,6
752665,15
752666,17
752667,35
752697,9
752702,5
752711,12
752712,6
752716,7
752731,100
752772,14
752785,8
752788,11
752831,5
752885,6
752893,17
752918,6
752926,5
752932,19
752957,31
752993,15
753013,6
753056,19
753082,6
753127,6
753196,8
753215,8
753221,5
753266,7
753278,10
753292,7
753319,9
753330,8
753418,7
753419,8
753435,11
753485,5
753518,6
753547,12
753678,15
753707,6
753769,12
753770,7
753787,26
753826,6
753848,6
753861,14
753908,27
753915,12
753964,68
753967,11
753976,13
754002,6
754074,11
754080,21
754099,7
754149,62
754154,19
754199,12
754212,26
754226,6
754230,13
754248,68
754249,114
754254,5
754279,80
754281,9
754300,11
754345,6
754386,5
754513,18
754552,12
754605,13
754682,13
754690,6
754708,9
754725,59
754764,16
754822,9
754910,6
754975,6
754991,5
755065,16
755067,9
755076,7
755080,17
755121,6
755248,6
755295,8
755331,77
755349,7
755377,5
755446,5
755476,7
755480,31
755513,7
755586,6
755587,22
755601,161
755603,9
755645,63
755762,12
755782,9
755791,62
755827,5
755834,6
755837,74
755898,40
755920,33
755926,7
755964,5
755994,11
756001,15
756061,17
756158,6
756172,5
756191,24
756248,10
756259,14
756282,7
756435,22
756464,13
756530,7
756568,26
756573,19
756585,7
756637,9
756698,6
756707,29
756739,7
756740,12
756742,17
756829,14
756889,6
756894,20
756937,6
756990,9
756996,20
757229,14
757261,8
757286,5
757479,6
757504,16
757514,80
757565,29
757621,39
757640,7
757702,5
757769,6
757775,7
757788,8
757831,9
757846,7
757848,72
757965,6
757981,32
758018,10
758071,6
758100,11
758105,5
758143,11
758155,12
758170,21
758206,6
758378,6
758422,8
758492,7
758498,6
758526,17
758539,34
758544,8
758548,36
758570,6
758580,5
758589,8
758608,6
758712,21
758716,12
758783,36
758815,7
758816,47
758834,13
758908,16
758925,8
758931,6
758945,8
758963,7
759005,20
759039,6
759085,11
759144,6
759209,8
759215,28
759231,8
759266,21
759357,33
759482,18
759517,146
759518,6
759529,6
759551,24
759576,9
759588,8
759653,18
759654,5
759655,12
759692,7
759693,6
759777,5
759787,5
759858,6
759863,9
759881,7
759882,7
759897,25
759913,11
759918,25
759924,5
759979,8
760005,6
760022,10
760037,22
760105,8
760122,178
760130,35
760132,51
760149,16
760176,38
760185,24
760217,6
760243,20
760250,6
760280,17
760294,15
760334,8
760340,6
760385,9
760479,12
760507,7
760533,9
760674,14
760704,24
760753,7
760774,6
760792,5
760823,8
760836,7
760895,8
760951,5
761087,15
761121,34
761128,6
761167,8
761254,26
761266,10
761435,8
761462,148
761510,5
761571,9
761621,13
761625,40
761641,6
761645,10
761725,8
761741,7
761796,6
761801,10
761964,6
761977,60
761984,35
761990,5
762024,44
762060,12
762070,8
762103,7
762157,45
762193,7
762201,9
762242,7
762343,6
762441,9
762448,12
762476,14
762478,16
762496,8
762497,8
762549,11
762583,5
762681,8
762714,14
762737,7
762774,17
762891,88
762907,7
762908,6
763043,8
763099,11
763149,6
763151,13
763195,5
763205,7
763257,15
763317,7
763318,13
763328,6
763335,10
763357,17
763411,14
763429,12
763430,84
763454,12
763462,16
763484,6
763493,14
763515,8
763516,19
763523,16
763546,8
763575,18
763677,5
763701,6
763707,8
763751,351
763790,9
763801,6
763812,6
763819,5
763855,6
763878,54
763886,14
763958,8
763992,6
763998,9
764008,26
764014,8
764035,7
764045,6
764056,8
764147,21
764153,25
764158,12
764184,308
764217,32
764218,7
764238,11
764261,70
764285,27
764301,6
764321,77
764335,9
764426,63
764440,150
764461,5
764518,11
764542,15
764549,11
764684,6
764700,11
764719,12
764724,6
764742,6
764753,39
764757,11
764778,28
764815,8
764829,5
764850,277
764859,176
764871,29
764884,8
764885,11
765005,6
765016,6
765029,25
765042,8
765046,14
765080,37
765139,15
765140,11
765144,6
765155,6
765162,8
765198,5
765221,12
765224,29
765296,7
765328,12
765342,18
765386,60
765391,6
765412,11
765423,115
765424,6
765448,8
765458,7
765470,6
765484,6
765527,10
765528,23
765538,9
765548,31
765559,8
765578,51
765584,35
765617,89
765625,13
765703,9
765704,7
765726,10
765794,7
765805,22
765859,13
765969,7
765999,9
766015,6
766062,43
766137,6
766138,82
766171,8
766181,5
766244,8
766254,8
766258,9
766340,252
766384,28
766388,6
766455,6
766539,8
766580,6
766604,14
766668,13
766669,13
766710,7
766747,9
766763,55
766801,14
766803,112
766845,19
766869,26
766905,10
766913,7
766921,8
766933,8
766991,8
766996,12
767133,7
767171,5
767220,235
767292,8
767309,8
767381,44
767390,5
767425,10
767451,6
767460,7
767486,6
767498,35
767537,7
767538,147
767540,12
767684,5
767701,7
767713,6
767793,9
767856,12
767857,5
767873,35
767878,14
767879,15
767927,19
768015,137
768021,6
768022,6
768062,7
768065,13
768081,16
768103,9
768238,6
768250,49
768327,15
768434,101
768470,94
768574,6
768619,5
768693,6
768701,6
768704,18
768756,29
768767,35
768783,28
768806,29
768832,6
768839,11
768854,6
768891,67
768899,7
768922,6
768925,17
768963,9
768998,7
769003,8
769074,12
769092,9
769096,8
769166,7
769198,7
769220,8
769240,15
769251,19
769264,53
769282,6
769289,14
769297,25
769301,10
769341,81
769347,7
769373,16
769385,9
769458,10
769499,9
769533,9
769543,7
769561,6
769600,10
769602,5
769628,268
769652,13
769674,7
769675,24
769680,8
769690,14
769692,8
769697,18
769723,6
769755,7
769771,10
769784,34
769789,7
769807,6
769875,6
769877,15
769880,101
769898,19
769910,25
769917,14
769937,11
769939,9
769958,8
769974,8
769981,7
770034,9
770088,18
770124,19
770144,13
770155,17
770226,7
770324,7
770335,18
770367,6
770397,17
770403,11
770426,8
770447,1674
770460,6
770495,18
770514,45
770516,11
770581,9
770594,10
770599,12
770633,6
770645,6
770737,9
770750,6
770763,9
770800,10
770826,8
770836,12
770838,25
770871,7
770887,8
770908,7
770936,9
770940,6
770942,6
770954,6
770968,7
771011,29
771118,100
771124,6
771142,6
771177,6
771233,10
771236,6
771248,13
771270,6
771279,6
771300,10
771320,23
771330,39
771369,13
771390,7
771394,6
771402,6
771430,5
771472,9
771515,7
771561,8
771574,6
771579,5
771600,9
771615,6
771618,14
771624,23
771626,5
771666,23
771668,6
771678,114
771699,21
771705,6
771770,7
771784,6
771836,17
771842,6
771860,8
771865,8
771879,9
771913,326
771928,16
771954,88
771962,6
771974,14
772026,121
772051,5
772064,14
772080,5
772130,23
772134,9
772136,18
772187,7
772202,6
772213,10
772235,17
772303,5
772354,25
772396,23
772422,12
772510,8
772541,8
772544,6
772573,6
772622,13
772631,7
772634,9
772652,133
772673,22
772694,5
772757,7
772762,28
772767,18
772820,31
772823,5
772827,7
772845,5
772846,7
772849,6
772928,7
772968,13
773048,39
773088,9
773137,8
773230,16
773239,11
773302,16
773315,7
773385,36
773394,24
773427,16
773433,7
773435,11
773436,27
773470,53
773505,65
773511,9
773528,6
773578,11
773581,5
773625,57
773692,7
773726,6
773877,27
773881,11
773955,12
774000,7
774035,24
774038,5
774075,20
774103,9
774110,21
774122,66
774171,10
774209,8
774215,41
774223,25
774230,7
774262,7
774285,11
774326,6
774360,151
774391,5
774402,23
774480,10
774497,11
774504,32
774514,7
774600,8
774631,402
774634,10
774639,9
774650,6
774678,7
774720,165
774738,7
774773,7
774775,9
774809,5
774810,6
774843,6
774847,12
774851,5
774894,176
774895,16
774914,9
775061,6
775112,6
775123,8
775142,9
775197,17
775210,6
775232,6
775246,8
775261,6
775306,11
775329,6
775346,11
775399,26
775518,51
775520,13
775528,5
775569,12
775596,5
775603,14
775628,10
775650,7
775657,7
775674,6
775695,17
775747,25
775756,7
775789,28
775846,27
775857,8
775951,8
776019,8
776020,6
776033,9
776070,5
776074,12
776087,12
776100,6
776226,10
776228,6
776254,5
776303,24
776369,23
776392,6
776409,20
776504,435
776510,14
776566,72
776585,56
776620,6
776720,5
776779,6
776806,6
776845,5
776855,19
776884,7
776895,5
776915,5
776940,6
776946,228
776953,10
776978,11
777047,10
777050,7
777100,17
777218,15
777224,6
777240,6
777357,7
777371,11
777377,14
777425,8
777487,7
777505,9
777528,71
777560,9
777562,198
777574,6
777584,14
777610,39
777625,9
777638,11
777689,17
777786,6
777805,5
777848,2296
777881,6
777913,7
777936,7
777945,7
777997,5
778039,8
778040,7
778090,13
778164,13
778185,6
778238,18
778253,11
778256,8
778286,5
778289,15
778322,40
778334,12
778351,7
778411,6
778413,7
778488,6
778511,8
778512,26
778520,6
778521,29
778527,12
778549,9
778584,18
778593,20
778603,45
778613,12
778640,32
778665,16
778676,8
778700,8
778701,7
778710,9
778730,15
778734,18
778772,9
778783,18
778801,10
778868,15
778973,9
779046,9
779086,51
779090,11
779103,12
779150,34
779369,17
779462,7
779539,5
779540,8
779566,10
779567,9
779585,8
779599,29
779628,10
779652,6
779653,7
779680,9
779687,5
779698,5
779720,7
779768,38
779820,63
779829,28
779847,12
780013,8
780101,83
780103,7
780106,57
780109,23
780197,20
780205,8
780241,8
780273,11
780283,34
780284,16
780301,18
780334,7
780347,9
780350,6
780358,11
780375,7
780376,9
780457,8
780488,16
780499,6
780517,8
780657,9
780694,19
780730,6
780817,11
780854,5
780866,201
780867,27
780944,19
781016,109
781024,11
781039,45
781068,6
781082,7
781208,21
781230,106
781274,29
781345,9
781386,14
781388,11
781389,8
781398,6
781433,21
781503,5
781508,9
781597,49
781624,186
781664,7
781690,15
781750,8
781769,7
781776,11
781787,19
781895,11
781897,11
781947,146
781970,7
781995,47
782035,9
782145,5
782193,7
782205,7
782209,67
782248,16
782251,6
782293,68
782297,14
782334,19
782341,7
782384,9
782417,14
782457,18
782492,21
782513,6
782545,6
782562,6
782570,6
782599,10
782600,8
782628,28
782651,5
782663,5
782756,21
782933,6
782972,6
783023,7
783025,5
783036,10
783054,7
783177,269
783178,10
783210,13
783243,8
783256,10
783301,5
783330,6
783333,13
783337,11
783399,8
783407,13
783473,31
783493,9
783511,21
783515,6
783554,9
783584,9
783680,94
783702,8
783732,49
783745,41
783754,7
783756,6
783784,6
783874,23
783895,5
783931,6
783969,48
784005,60
784006,10
784016,35
784031,13
784038,6
784053,10
784078,6
784113,9
784149,9
784201,12
784202,9
784209,9
784218,6
784303,5
784350,6
784360,15
784387,9
784390,40
784411,30
784414,7
784420,6
784442,609
784462,7
784485,7
784533,1220
784566,10
784583,6
784632,11
784656,9
784659,28
784706,6
784730,6
784773,84
784794,6
784807,9
784832,6
784841,8
784935,11
784953,11
785097,5
785116,17
785120,6
785188,6
785218,6
785250,7
785282,13
785317,27
785383,6
785407,5
785467,7
785488,8
785503,7
785514,7
785576,8
785601,8
785617,5
785642,98
785645,43
785656,5
785726,8
785744,6
785756,9
785773,6
785777,7
785813,9
785823,64
785834,6
785871,30
785886,8
785970,5
786019,5
786106,37
786120,9
786121,19
786160,6
786254,6
786268,7
786336,7
786354,5
786369,13
786439,16
786484,33
786536,9
786550,7
786565,8
786642,7
786643,6
786705,10
786760,9
786766,18
786772,7
786794,49
786929,9
786963,8
786974,8
786976,9
786980,106
787050,64
787092,8
787121,6
787197,6
787229,9
787233,10
787244,8
787287,10
787301,12
787306,11
787423,7
787452,5
787456,8
787458,29
787479,11
787485,6
787513,86
787515,14
787564,9
787605,17
787624,5
787652,10
787671,11
787694,28
787696,7
787725,8
787748,5
787771,7
787786,9
787814,8
787815,35
787857,112
787859,8
787923,14
788047,9
788065,227
788072,14
788113,32
788125,7
788144,10
788181,193
788191,80
788310,29
788323,14
788325,12
788333,27
788366,6
788374,7
788463,9
788472,6
788475,6
788484,76
788496,42
788548,6
788635,6
788659,6
788701,19
788752,16
788766,7
788779,6
788786,7
788826,5
788835,33
788854,6
788898,5
788942,14
788956,87
788969,50
788972,9
788986,6
789020,6
789045,810
789056,6
789084,5
789106,12
789178,7
789205,6
789219,26
789271,10
789385,78
789418,6
789471,229
789477,9
789503,6
789528,8
789553,13
789570,71
789618,10
789651,20
789682,37
789702,9
789709,7
789762,9
789811,11
789818,14
789864,22
789933,10
789946,6
789964,41
789965,6
790043,9
790061,45
790064,29
790194,5
790224,7
790269,28
790279,8
790298,12
790329,15
790378,6
790425,5
790455,6
790461,40
790492,11
790502,14
790574,6
790619,10
790639,10
790661,7
790693,6
790709,8
790730,13
790731,7
790765,9
790766,5
790801,35
790810,7
790841,37
790844,6
790845,8
790855,9
790869,13
790871,5
790884,16
790895,8
790903,5
790906,6
790907,10
790910,62
790925,7
790951,42
790975,29
790981,9
790991,7
791041,7
791047,45
791051,8
791094,8
791158,9
791163,8
791182,5
791202,7
791294,14
791334,26
791351,301
791420,10
791421,6
791454,5
791501,30
791507,10
791563,7
791583,12
791591,9
791594,6
791609,14
791642,8
791657,70
791694,62
791728,13
791741,8
791753,5
791754,28
791777,10
791789,15
791833,23
791879,9
791882,7
791903,6
791912,17
791933,29
791954,6
792025,41
792098,5
792117,54
792118,6
792119,11
792135,6
792139,17
792205,317
792255,13
792307,9
792310,9
792333,8
792382,20
792385,9
792491,14
792499,13
792560,6
792576,5
792586,6
792594,10
792623,31
792666,6
792675,242
792701,9
792785,11
792795,10
792800,15
792807,8
792811,6
792828,28
792837,9
792848,38
792871,14
792881,7
792883,8
793000,9
793041,6
793084,28
793093,8
793097,23
793098,9
793104,13
793126,10
793153,14
793155,14
793165,9
793217,30
793255,22
793261,12
793268,6
793319,9
793323,11
793325,6
793368,13
793425,12
793469,6
793500,36
793608,6
793619,8
793620,34
793679,10
793761,16
793785,15
793802,8
793854,13
793861,40
793894,6
793915,9
793956,8
794002,26
794057,15
794091,19
794101,40
794103,12
794116,58
794131,9
794135,13
794143,21
794184,7
794203,7
794238,63
794254,5
794296,13
794327,9
794348,6
794398,60
794403,23
794422,11
794587,7
794614,18
794630,19
794653,8
794654,7
794656,21
794679,7
794719,8
794727,6
794749,22
794753,46
794774,6
794864,8
794880,18
794883,42
794912,8
794927,9
794941,10
794962,6
795053,20
795064,7
795088,6
795095,8
795103,12
795125,5
795146,12
795177,30
795202,16
795209,6
795247,13
795274,12
795306,5
795323,6
795331,8
795352,40
795380,42
795427,28
795441,13
795452,81
795468,9
795505,14
795516,1510
795517,5
795693,6
795765,43
795768,183
795780,9
795798,7
795831,6
795854,8
795866,5
795874,10
795887,13
795888,19
795977,27
796048,5
796081,7
796105,16
796120,6
796124,6
796246,7
796284,8
796290,27
796308,8
796362,6
796404,7
796424,6
796478,6
796480,7
796555,23
796589,8
796617,43
796627,16
796664,6
796707,20
796712,6
796732,9
796737,6
796772,9
796812,7
796813,5
796831,12
796837,6
796987,8
797035,19
797047,50
797059,12
797125,7
797126,14
797158,11
797160,6
797206,32
797212,7
797217,28
797229,7
797302,9
797303,12
797308,12
797342,7
797346,5
797359,107
797368,21
797417,15
797422,16
797423,6
797439,33
797467,11
797468,5
797498,7
797526,20
797537,12
797573,25
797579,22
797594,36
797607,14
797616,41
797640,7
797652,146
797659,7
797671,18
797782,30
797784,5
797817,9
797859,9
797891,7
797903,7
797931,6
797936,6
798032,6
798058,6
798109,37
798238,5
798325,11
798486,14
798524,14
798534,8
798536,5
798563,6
798700,5
798725,12
798759,7
798795,11
798834,21
798872,5
798892,8
798893,11
798895,13
798899,18
798912,45
798962,18
799026,9
799031,7
799085,7
799113,11
799153,10
799160,7
799208,9
799209,24
799216,16
799240,5
799281,10
799287,59
799289,32
799315,18
799321,13
799334,17
799351,726
799380,123
799468,6
799482,11
799560,32
799564,51
799584,9
799659,11
799666,13
799695,7
799713,17
799765,6
799766,25
799771,18
799798,24
799875,4514
799885,9
799904,25
799949,7
799966,11
799973,24
799997,6
800039,13
800052,50
800074,10
800088,11
800182,15
800233,153
800283,6
800311,8
800344,8
800345,76
800348,7
800404,6
800408,19
800440,6
800511,12
800512,6
800531,9
800536,11
800539,6
800542,21
800561,8
800573,6
800583,10
800600,132
800608,13
800632,10
800653,8
800672,7
800681,12
800699,16
800776,6
800805,7
800808,47
800819,6
800841,8
800856,21
800879,6
800886,8
800890,6
800918,5
800930,10
801007,11
801016,60
801017,10
801018,18
801085,14
801094,11
801107,12
801110,7
801122,18
801134,15
801150,8
801159,15
801171,6
801194,19
801228,6
801233,5
801239,20
801249,7
801256,7
801271,8
801275,73
801281,35
801296,7
801314,20
801329,15
801353,45
801361,12
801427,19
801497,27
801542,9
801564,17
801576,7
801588,56
801612,16
801613,75
801627,9
801658,7
801670,25
801682,48
801695,72
801705,34
801725,39
801799,6
801845,9
801897,104
801911,11
801931,5
801946,12
801980,7
802019,11
802024,7
802026,9
802038,21
802092,8
802106,13
802182,80
802258,9
802284,8
802329,192
802415,6
802435,6
802436,11
802441,17
802480,6
802502,7
802554,17
802555,5
802587,6
802641,5
802649,7
802651,9
802688,11
802716,6
802728,7
802763,6
802764,14
802784,6
802825,112
802877,6
802900,9
802904,33
802926,15
802938,20
803010,5
803019,13
803097,7
803139,12
803159,5
803178,24
803213,8
803263,23
803280,335
803284,7
803365,5
803371,8
803375,24
803384,6
803485,6
803583,8
803593,12
803603,48
803627,9
803642,7
803692,7
803693,7
803756,9
803758,6
803819,11
803852,6
803860,5
803889,7
803914,48
803941,12
803951,33
803959,6
803964,16
803977,21
804010,11
804024,71
804028,6
804037,15
804084,5
804188,10
804197,16
804232,19
804264,7
804280,25
804286,7
804311,13
804368,286
804382,7
804416,26
804420,5
804447,7
804466,8
804491,6
804535,5
804556,8
804597,9
804611,6
804663,8
804714,6
804781,13
804827,7
804885,21
804929,6
804942,25
804987,16
805000,14
805014,6
805022,16
805063,5
805114,5
805165,6
805182,12
805267,7
805306,27
805369,6
805420,26
805435,11
805469,6
805495,436
805547,21
805557,6
805595,39
805641,10
805646,11
805650,7
805660,5
805664,14
805673,6
805676,6
805715,6
805721,7
805755,12
805771,13
805778,6
805779,6
805788,10
805818,8
805822,65
805829,10
805838,12
805876,18
805886,433
805989,5
806031,9
806051,371
806070,9
806131,8
806168,47
806175,5
806211,7
806222,5
806232,5
806326,25
806357,7
806365,14
806402,48
806421,7
806468,5
806661,16
806666,9
806667,5
806689,10
806698,123
806699,10
806750,6
806753,25
806798,9
806930,12
806942,7
806959,10
807010,6
807036,8
807105,8
807172,9
807187,15
807195,7
807223,6
807228,7
807280,6
807281,58
807311,15
807354,5
807370,6
807414,6
807443,7
807455,26
807470,5
807505,7
807509,5
807524,7
807530,13
807534,6
807547,6
807625,18
807636,6
807646,11
807648,8
807651,12
807659,2782
807706,16
807718,8
807726,12
807821,9
807826,10
807878,15
807897,11
807913,7
807941,619
807955,6
807971,13
807980,22
808032,6
808064,5
808097,15
808117,6
808124,9
808141,11
808164,12
808180,6
808240,22
808287,6
808313,10
808341,15
808376,41
808405,44
808426,7
808513,22
808539,6
808664,32
808672,32
808741,18
808757,30
808780,16
808824,9
808834,7
808930,6
808947,7
808952,18
808962,7
809074,15
809076,10
809088,15
809135,19
809184,9
809185,315
809192,6
809194,6
809195,9
809215,8
809283,6
809339,6
809350,19
809392,6
809402,13
809404,10
809418,9
809430,7
809466,11
809474,252
809558,6
809578,27
809619,6
809626,157
809632,6
809712,11
809713,7
809714,13
809775,7
809794,12
809826,12
809906,6
809947,7
809963,1066
809996,13
810013,6
810033,11
810034,193
810040,12
810056,6
810074,5
810085,7
810094,31
810126,9
810209,7
810222,181
810229,21
810284,12
810363,9
810381,6
810406,6
810432,16
810536,6
810537,8
810633,10
810643,11
810677,5
810693,47
810776,8
810882,6
810960,22
810961,6
811010,7
811050,21
811109,9
811117,5
811123,57
811181,7
811234,7
811254,15
811315,12
811351,6
811406,90
811471,6
811493,12
811544,38
811556,6
811571,37
811572,7
811583,11
811605,24
811612,6
811622,6
811663,41
811693,6
811765,7
811786,117
811814,10
811843,15
811871,60
811888,26
811917,12
811918,13
811948,8
811961,14
811983,7
812000,11
812015,6
812024,6
812029,11
812087,5
812110,6
812134,7
812153,34
812182,5
812211,24
812239,6
812298,9
812317,12
812319,5
812412,18
812459,11
812480,7
812482,6
812484,15
812488,7
812499,5
812501,8
812610,11
812612,78
812625,7
812626,8
812658,9
812731,11
812767,5
812783,7
812800,7
812808,34
812878,8
812959,12
812996,14
813019,7
813038,9
813040,7
813055,15
813104,9
813105,11
813106,7
813116,7
813177,33
813178,8
813196,27
813198,33
813213,22
813216,15
813272,7
813277,7
813305,7
813351,12
813378,19
813396,25
813415,7
813419,31
813465,9
813499,100
813565,5
813598,12
813654,6
813703,23
813777,36
813780,7
813782,10
813817,20
813822,6
813873,6
813881,20
813964,35
813990,6
813994,6
814010,6
814051,150
814069,8
814117,6
814129,124
814156,14
814157,6
814233,14
814253,8
814256,9
814257,13
814314,29
814319,9
814342,7
814441,646
814459,6
814461,18
814488,9
814526,9
814536,36
814540,14
814552,5
814583,8
814648,20
814664,21
814673,35
814705,8
814722,7
814731,24
814735,10
814741,6
814772,6
814778,9
814801,5
814813,6
814858,7
814867,10
814906,8
814933,6
814975,23
815069,10
815076,15
815077,12
815107,6
815159,28
815225,126
815234,8
815254,5
815279,9
815293,85
815312,6
815395,5
815444,10
815475,6
815519,10
815563,8
815597,8
815649,17
815686,10
815781,5
815798,8
815858,6
815876,7
815877,49
815879,6
815907,6
815922,38
815932,6
815970,7
816120,17
816156,10
816178,13
816198,25
816229,5
816232,7
816269,8
816294,11
816329,6
816356,15
816501,46
816508,14
816541,29
816545,8
816614,10
816616,15
816656,6
816677,12
816680,16
816721,19
816725,29
816784,14
816815,58
816867,11
816912,13
817000,7
817002,22
817008,20
817060,7
817134,9
817143,6
817159,17
817165,7
817204,8
817216,7
817218,639
817225,15
817258,5
817325,18
817391,12
817446,26
817487,74
817494,6
817567,7
817584,34
817618,5
817630,6
817709,6
817884,6
817919,37
818055,5
818103,40
818125,6
818137,6
818139,7
818156,6
818181,5
818228,7
818231,12
818274,14
818284,6
818293,18
818385,144
818404,6
818473,12
818552,11
818593,20
818597,36
818609,7
818618,11
818646,8
818725,10
818759,8
818795,11
818857,6
818871,8
818913,9
818916,9
818927,6
818933,7
818994,8
819046,6
819097,12
819104,12
819148,18
819160,6
819177,61
819196,8
819256,13
819280,6
819310,7
819320,26
819359,45
819364,10
819395,11
819421,42
819460,8
819527,6
819597,7
819614,7
819655,9
819677,6
819746,7
819774,5
819806,5
819820,133
819846,16
819854,5
819903,6
819932,6
819955,39
819960,20
819976,6
819991,6
820011,7
820012,24
820016,6
820078,14
820092,7
820110,19
820153,6
820155,6
820162,6
820165,120
820362,7
820372,10
820373,13
820422,29
820454,16
820471,6
820516,7
820580,14
820641,6
820654,7
820669,16
820674,5
820715,8
820716,26
820717,8
820742,6
820791,14
820808,5
820889,19
820895,10
820897,6
820942,8
820978,5
820996,6
821023,9
821043,5
821045,11
821064,9
821077,109
821095,5
821212,6
821240,6
821301,70
821307,7
821344,11
821351,6
821367,12
821372,5
821374,8
821388,7
821433,7
821440,19
821490,12
821504,14
821567,9
821568,7
821569,6
821574,6
821678,49
821735,10
821738,8
821751,19
821777,8
821824,6
821881,6
821921,9
821989,24
821992,7
822007,12
822009,12
822011,7
822021,315
822085,6
822160,7
822184,41
822265,6
822267,7
822273,13
822323,6
822389,5
822413,5
822435,7
822444,16
822512,7
822528,7
822541,15
822558,17
822648,6
822659,12
822676,11
822709,13
822716,5
822755,30
822772,69
822818,7
822963,5
823013,9
823041,7
823043,17
823055,21
823061,9
823065,7
823070,11
823109,6
823121,8
823142,106
823195,8
823206,41
823263,9
823297,32
823303,13
823374,12
823418,7
823463,227
823468,16
823513,20
823520,20
823530,8
823598,6
823620,8
823644,5
823667,16
823679,120
823803,5
823844,14
823857,21
823951,20
823975,26
823977,9
824047,15
824049,5
824057,17
824063,13
824068,6
824071,5
824101,5
824107,15
824113,6
824128,8
824218,16
824229,11
824275,9
824317,7
824405,7
824464,5
824480,14
824616,6
824633,6
824648,9
824747,70
824748,12
824759,36
824811,6
824936,6
824937,7
824938,8
824971,21
825003,7
825039,18
825051,29
825053,61
825083,6
825104,6
825140,94
825208,7
825217,6
825233,7
825242,12
825243,5
825244,6
825249,43
825257,7
825263,7
825299,7
825345,6
825386,9
825392,46
825460,19
825479,19
825487,7
825509,7
825518,12
825523,8
825561,6
825580,61
825675,6
825688,6
825691,24
825711,6
825723,12
825750,6
825822,5
825829,10
825845,9
825917,9
825929,13
825954,8
826006,8
826013,147
826024,5
826046,10
826047,8
826160,9
826162,5
826222,14
826245,9
826257,9
826305,6
826331,6
826332,5
826333,31
826336,7
826339,9
826346,24
826359,7
826365,9
826416,7
826420,43
826422,9
826560,12
826704,8
826745,17
826747,6
826791,12
826797,8
826805,9
826973,13
827009,14
827045,7
827065,6
827099,21
827106,5
827118,15
827187,13
827190,7
827191,6
827227,15
827249,15
827310,10
827353,7
827369,6
827429,14
827444,7
827447,7
827459,6
827477,11
827527,5
827556,6
827577,6
827680,16
827709,9
827720,7
827784,6
827813,12
827817,11
827822,923
827829,6
827851,39
827868,14
827878,12
827911,28
827942,6
827958,11
827964,6
827989,11
828016,8
828035,11
828142,5
828214,33
828342,9
828347,30
828387,128
828539,15
828637,10
828681,70
828695,6
828698,215
828715,22
828754,10
828796,6
828820,6
828848,6
828869,114
828909,10
828918,6
829034,25
829046,64
829047,12
829116,7
829191,11
829193,1968
829199,10
829202,67
829225,19
829267,11
829299,8
829314,33
829319,8
829330,16
829382,11
829419,14
829425,5
829427,5
829437,168
829527,101
829552,11
829584,57
829614,18
829698,8
829736,20
829747,7
829765,14
829793,6
829819,5
829822,6
829825,5
829847,40
829851,9
829889,6
829891,10
829902,16
829920,6
829969,21
829971,5
830034,8
830073,6
830096,13
830150,7
830186,6
830193,6
830236,6
830243,9
830260,8
830285,6
830369,5
830380,8
830415,9
830423,19
830434,8
830513,36
830546,7
830580,6
830588,6
830607,10
830632,6
830635,19
830676,394
830716,7
830731,67
830732,72
830770,15
830779,6
830921,7
830970,7
831073,7
831142,16
831143,13
831149,10
831173,18
831223,28
831236,221
831240,18
831258,11
831317,7
831321,11
831337,32
831387,10
831498,14
831518,26
831560,8
831588,83
831604,5
831637,33
831656,5
831807,8
831868,12
831871,17
831891,9
831924,114
831936,6
831941,5
831945,6
831975,11
831996,7
832047,6
832059,6
832069,7
832114,7
832162,30
832185,265
832214,12
832253,8
832263,7
832279,10
832409,9
832428,7
832473,7
832514,8
832529,15
832582,7
832690,5
832731,15
832794,6
832929,6
832988,15
833083,69
833097,95
833182,8
833194,6
833288,78
833331,12
833354,8
833355,8
833397,6
833411,16
833412,9
833427,19
833435,8
833449,10
833464,8
833484,12
833496,7
833497,9
833569,6
833574,12
833578,6
833605,75
833606,11
833609,9
833619,36
833638,6
833664,13
833713,25
833717,8
833810,5
833842,10
833866,17
833872,118
833875,41
833912,17
833914,6
833926,30
833943,6
833948,14
833956,16
833975,7
834019,8
834044,7
834045,7
834046,239
834108,13
834111,10
834147,12
834164,8
834196,5
834232,23
834250,6
834281,6
834348,8
834401,12
834402,11
834452,7
834465,130
834484,12
834488,7
834504,6
834521,8
834538,33
834543,7
834573,19
834600,24
834676,6
834703,8
834711,6
834783,64
834786,38
834959,25
834965,7
834991,8
835006,14
835029,16
835046,7
835049,14
835126,5
835142,6
835143,17
835151,13
835187,5
835218,10
835219,9
835253,17
835265,6
835313,17
835316,8
835364,8
835371,6
835376,5
835397,127
835400,6
835425,51
835446,9
835493,8
835522,13
835559,5
835560,7
835561,15
835594,7
835635,39
835644,5
835666,10
835667,7
835729,6
835762,11
835804,319
835885,12
835934,6
835936,15
835967,6
836000,6
836010,12
836017,10
836067,13
836084,12
836086,16
836098,11
836102,11
836131,5
836155,5
836168,25
836218,15
836284,12
836288,10
836335,11
836336,6
836362,13
836436,15
836468,78
836479,5
836548,5
836559,18
836568,8
836579,7
836602,11
836641,66
836696,36
836703,32
836734,6
836781,6
836785,13
836799,17
837005,29
837064,73
837148,12
837213,20
837283,10
837287,12
837326,8
837357,12
837372,20
837390,53
837399,39
837425,7
837435,7
837484,10
837492,31
837535,7
837537,6
837543,16
837625,36
837650,23
837651,9
837693,12
837703,6
837718,5
837736,7
837762,20
837815,7
837857,6
837951,6
837995,8
838050,20
838057,6
838087,128
838090,6
838115,45
838141,16
838189,21
838220,27
838237,31
838238,7
838246,7
838328,5
838374,33
838453,6
838486,12
838520,10
838521,6
838533,7
838536,34
838607,24
838631,5
838697,11
838716,13
838736,76
838743,5
838791,31
838806,7
838833,6
838842,11
838846,263
838888,7
838919,8
839038,15
839042,15
839076,8
839090,6
839114,11
839153,34
839225,18
839267,6
839307,14
839343,6
839347,26
839349,7
839371,6
839374,8
839375,36
839382,41
839392,7
839420,230
839434,201
839437,5
839451,110
839452,6
839482,12
839516,32
839538,54
839568,6
839575,31
839614,9
839630,18
839633,27
839656,21
839689,6
839767,7
839778,5
839793,9
839857,12
839860,11
839880,8
839905,6
839942,5
839951,7
839997,8
840005,8
840159,5
840169,10
840202,110
840226,13
840345,9
840371,8
840437,17
840450,5
840521,41
840605,6
840626,9
840681,6
840711,11
840716,6
840749,14
840755,5
840769,6
840784,10
840791,12
840844,14
840848,13
840947,23
840968,12
841006,6
841022,5
841060,8
841085,6
841100,6
841122,10
841146,84
841158,5
841216,5
841234,9
841238,11
841247,15
841316,169
841333,9
841413,18
841420,12
841471,33
841492,7
841522,8
841532,7
841571,8
841600,10
841604,36
841614,7
841660,15
841681,7
841707,22
841753,10
841773,10
841796,18
841802,8
841813,19
841832,11
841850,14
841884,8
841891,12
841892,9
841959,6
841964,12
842033,13
842154,12
842161,27
842199,12
842201,9
842217,15
842270,9
842274,9
842326,17
842374,12
842417,18
842418,9
842467,9
842482,6
842533,12
842641,12
842642,20
842643,33
842744,6
842811,26
842885,6
842923,8
843112,15
843125,6
843129,6
843137,6
843152,5
843214,17
843220,10
843222,5
843314,14
843327,6
843344,8
843349,8
843370,5
843404,10
843406,13
843411,47
843492,19
843504,22
843511,53
843524,10
843550,5
843584,7
843586,9
843619,24
843629,5
843770,21
843785,8
843918,28
843934,5
843948,6
843957,7
843963,189
843981,20
844027,6
844058,11
844090,10
844143,373
844198,7
844296,5
844320,6
844395,7
844399,9
844410,7
844494,10
844522,13
844523,18
844537,12
844538,6
844551,17
844592,42
844594,59
844616,17
844635,25
844674,7
844723,7
844797,22
844867,5
844868,9
844883,8
844893,8
844914,6
844933,12
844938,21
844966,6
845031,6
845133,6
845147,20
845296,8
845307,5
845383,47
845386,8
845387,6
845409,8
845412,6
845505,31
845561,6
845580,5
845613,51
845618,40
845755,30
845756,9
845758,6
845790,32
845810,12
845835,6
845850,8
845874,10
845974,8
846002,8
846118,6
846149,23
846168,7
846183,5
846201,15
846207,5
846226,21
846231,5
846258,5
846283,6
846292,14
846322,6
846332,14
846344,5
846374,6
846380,39
846394,17
846411,10
846420,12
846431,16
846462,5
846484,32
846557,6
846587,7
846598,16
846617,6
846657,14
846710,10
846719,12
846721,6
846855,6
846871,12
846886,7
846900,6
846907,11
846917,9
847124,10
847129,6
847155,10
847177,7
847222,11
847259,9
847290,8
847385,5
847428,27
847501,35
847502,17
847599,6
847637,12
847661,10
847685,5
847701,13
847716,7
847722,7
847735,158
847753,6
847764,13
847773,14
847778,64
847786,18
847818,9
847854,15
847858,9
847911,50
847967,94
847981,7
848034,9
848052,6
848103,6
848119,59
848136,7
848154,6
848157,49
848207,6
848241,13
848246,10
848250,8
848290,7
848298,5
848374,385
848375,6
848382,5
848438,15
848453,5
848504,12
848512,12
848513,10
848521,8
848575,65
848600,21
848760,18
848799,6
848826,11
848870,10578
848883,11
848967,14
848979,46
849016,7
849036,9
849078,6
849141,10
849162,9
849179,5
849182,9
849183,7
849191,19
849198,6
849221,7
849295,15
849334,6
849370,6
849373,12
849395,6
849425,40
849432,6
849450,6
849511,7
849630,40
849636,35
849663,10
849665,6
849666,18
849672,21
849702,20
849718,38
849727,5
849733,5
849746,13
849751,9
849775,106
849777,14
849800,18
849804,14
849812,8
849839,12
849846,10
849852,39
849915,6
849949,11
849953,6
849973,6
850004,11
850014,6
850042,33
850045,7
850061,8
850101,10
850109,10
850145,6
850298,34
850316,31
850418,5
850438,15
850468,9
850534,7
850538,5
850579,13
850650,5
850665,6
850676,8
850708,7
850775,5
850826,5
850843,14
850848,6
850893,37
850904,36
850937,10
850985,10
850991,11
851029,10
851041,6
851044,7
851057,6
851134,16
851227,7
851276,6
851305,75
851393,8
851402,5
851407,8
851487,6
851514,7
851570,8
851587,111
851591,20
851592,11
851609,5
851620,7
851671,21
851672,25
851704,6
851749,21
851761,10
851764,7
851771,8
851831,5
851931,20
851961,17
852010,5
852071,8
852081,5
852104,6
852110,265
852127,6
852138,5
852161,6
852166,5
852178,22
852217,6
852414,7
852577,7
852590,5
852604,6
852613,11
852705,9
852730,8
852733,78
852820,16
852836,8
852840,7
852843,12
852887,9
852940,10
852941,5
852948,61
852984,16
853000,11
853029,5
853044,6
853052,6
853053,21
853062,6
853110,208
853164,12
853171,5
853201,8
853272,10
853361,9
853367,14
853409,10
853438,17
853445,10
853446,66
853456,33
853459,5
853483,7
853496,12
853505,10
853517,6
853534,7
853545,9
853548,13
853563,12
853592,478
853598,25
853621,60
853631,7
853681,6
853735,6
853744,7
853752,7
853790,22
853820,8
853828,25
853840,14
853853,14
853860,9
853871,8
853922,32
853937,26
853943,13
853948,6
853971,5
854014,11
854058,10
854060,12
854089,8
854194,11
854212,64
854233,6
854262,7
854277,7
854296,12
854311,20
854337,6
854358,938
854384,12
854411,56
854421,29
854422,11
854429,11
854434,6
854448,8
854457,14
854495,19
854508,13
854542,21
854561,10
854593,6
854602,12
854619,6
854650,26
854652,19
854673,7
854705,7
854718,14
854721,6
854738,6
854739,103
854742,5
854779,37
854795,8
854810,65
854840,42
854884,9
854901,8
854925,10
854971,6
855001,10
855020,7
855166,6
855168,12
855214,14
855224,30
855290,5
855305,25
855466,15
855510,24
855511,15
855530,6
855595,7
855604,6
855620,8
855623,13
855666,15
855689,5
855744,8
855826,5
855850,11
855891,15
855899,10
855903,6
855931,9
855983,10
855995,6
856023,11
856058,6
856108,17
856139,5
856151,8
856231,12
856242,11
856254,8
856279,6
856287,7
856288,12
856302,6
856306,10
856331,6
856352,7
856356,7
856369,5
856371,6
856374,15
856387,74
856440,5
856461,5
856464,11
856476,7
856511,14
856577,19
856608,8
856683,6
856747,17
856754,10
856758,13
856766,23
856828,47
856833,21
856872,10
856901,7
856902,30
856931,9
856957,8
856962,9
857003,10
857042,38
857052,61
857061,5
857084,6
857085,8
857110,6
857114,15
857157,7
857205,11
857225,46
857228,6
857246,5
857248,10
857300,10
857308,6
857328,7
857330,6
857373,22
857378,8
857427,9
857480,13
857576,15
857621,11
857654,6
857738,19
857757,16
857758,6
857762,56
857782,5
857836,5
857837,9
857854,11
857879,10
857889,23
857907,12
857926,7
857939,20
857985,25
857990,10
858055,42
858081,6
858118,128
858150,10
858267,17
858268,12
858285,7
858309,9
858313,10
858332,6
858353,17
858430,54
858435,7
858443,17
858453,10
858454,5
858473,15
858544,7
858552,19
858650,7
858757,14
858762,10
858783,13
858847,5
858856,13
858888,6
858899,7
858913,54
858915,15
858916,17
859036,8
859048,46
859055,13
859087,8
859102,8
859140,7
859237,7
859244,15
859249,5
859287,76
859298,7
859363,8
859369,6
859395,6
859401,66
859469,8
859481,10
859498,9
859558,48
859570,34
859621,12
859627,8
859642,8
859831,5
859852,14
859875,12
859888,15
859921,11
859922,12
859941,9
860041,6
860043,6
860045,21
860071,9
860100,11
860114,7
860121,15
860126,6
860170,62
860273,6
860309,22
860338,11
860352,5
860374,10
860394,11
860416,5
860435,7
860442,7
860455,5
860463,6
860479,8
860494,14
860561,14
860585,6
860617,11
860654,64
860674,8
860739,77
860794,9
860826,28
860877,7
860962,16
861000,13
861002,8
861017,5
861027,13
861028,5
861031,29
861051,13
861083,5
861095,19
861100,5
861143,6
861151,5
861172,7
861173,8
861188,6
861214,5
861218,217
861230,6
861231,77
861248,5
861249,7
861279,8
861334,5
861367,5
861421,8
861459,7
861461,11
861504,7
861517,14
861544,7
861547,5
861574,46
861593,5
861614,22
861621,7
861654,6
861662,6
861677,30
861681,6
861690,16
861816,20
861908,8
861913,8
861914,6
861967,11
861984,5
862032,6
862040,54
862073,6
862111,2701
862143,7
862145,10
862209,9
862224,22
862261,6
862346,23
862410,9
862421,14
862446,6
862456,10
862465,9
862497,7
862498,5
862555,14
862602,11
862655,18
862687,13
862748,9
862879,19
862880,6
862896,12
862897,7
862904,14
862930,8
862943,26
863104,7
863110,53
863116,13
863202,6
863241,27
863281,7
863314,27
863330,6
863342,34
863383,18
863390,45
863394,6
863435,8
863610,10
863734,8
863871,27
863946,5
864003,14
864024,20
864043,29
864062,56
864068,12
864108,6
864119,15
864129,7
864170,20
864184,8
864211,15
864223,8
864254,10
864273,14
864296,12
864328,16
864378,10
864453,11
864469,11
864494,7
864506,11
864570,10
864607,6
864627,6
864651,5
864689,8
864705,71
864716,42
864726,77
864754,19
864788,14
864793,34
864819,76
864869,59
864972,12
865039,7
865041,7
865075,9
865084,5
865094,23
865107,23
865132,43
865261,5
865287,39
865391,5
865407,5
865440,6
865459,6
865483,9
865645,8
865659,26
865660,9
865690,8
865696,6
865720,21
865775,6
865777,6
865786,42
865823,28
865836,6
865886,6
865995,5
866056,8
866086,6
866091,7
866101,7
866161,6
866163,8
866219,36
866225,7
866326,17
866374,8
866446,19
866488,62
866572,5
866621,15
866675,7
866690,98
866724,8
866788,12
866825,7
866880,8
866907,50
866958,6
866984,5
866995,62
867158,6
867182,113
867242,6
867248,8
867281,7
867292,7
867369,10
867478,17
867551,5
867572,40
867607,10
867652,110
867662,11
867682,18
867697,10
867728,6
867803,20
867812,58
867868,5
867888,23
867906,5
867949,8
868015,155
868017,6
868021,17
868023,11
868056,9
868063,28
868065,22
868071,293
868093,6
868148,22
868171,5
868177,8
868229,9
868230,9
868247,7
868271,14
868296,5
868382,6
868401,146
868426,6
868461,6
868480,7
868489,7
868505,7
868508,17
868560,7
868583,8
868589,8
868639,6
868651,10
868740,5
868765,8
868810,36
868843,17
868858,5
868881,15
868904,8
868914,26
868993,11
869003,8
869051,7
869094,7
869157,31
869174,20
869226,6
869318,9
869398,5
869453,6
869473,12
869493,11
869534,10
869535,8
869551,6
869600,6
869606,18
869831,23
869951,31
869966,9
870000,7
870007,10
870023,13
870024,21
870037,121
870061,11
870105,13
870123,40
870198,9
870205,33
870217,110
870243,9
870250,9
870251,9
870257,9
870277,50
870291,5
870331,6
870439,12
870499,651
870550,6
870556,6
870613,9
870614,6
870619,6
870627,6
870630,12
870634,69
870658,11
870659,12
870782,7
870805,8
870806,6
870858,6
870944,11
870954,5
870999,11
871012,8
871021,8
871035,6
871070,9
871075,15
871104,14
871136,9
871164,18
871194,7
871287,8
871320,9
871382,26
871603,5
871627,6
871630,7
871665,10
871700,6
871701,6
871707,6
871725,6
871756,6
871771,6
871793,15
871824,7
871878,26
871924,12
871975,7
872002,29
872010,6
872022,8
872044,7
872122,6
872140,6
872162,6
872244,6
872396,14
872400,7
872427,7
872465,9
872472,6
872495,665
872506,9
872529,7
872537,12
872538,7
872542,7
872559,6
872573,23
872710,20
872727,445
872793,25
872802,18
872873,28
872944,10
872948,6
873081,13
873095,8
873111,11
873131,12
873173,9
873181,12
873191,13
873247,6
873266,6
873275,8
873357,41
873376,7
873400,5
873448,6
873451,5
873477,8
873507,20
873544,13
873554,9
873566,8
873658,12
873661,9
873669,14
873670,6
873685,6
873729,2097
873817,6
873852,12
873863,6
873948,75
873984,47
874027,15
874084,6
874092,15
874121,6
874128,7
874154,7
874205,5
874217,17
874268,7
874302,6
874314,6
874377,6
874400,5
874417,34
874470,7
874518,6
874530,13
874539,8
874563,6
874567,1323
874576,15
874586,7
874609,6
874618,5
874650,27
874685,34
874690,13
874699,9
874713,29
874717,23
874818,20
874881,16
874921,10
874926,7
874943,9
874953,5
874991,7
875009,49
875033,18
875092,32
875126,25
875137,5
875163,12
875197,9
875278,26
875283,20
875309,9
875331,11
875348,22
875354,7
875362,6
875370,11
875378,6
875396,6
875409,8
875419,16
875421,9
875423,12
875452,20
875455,6
875458,27
875469,12
875485,6
875489,6
875500,25
875505,21
875515,11
875561,11
875563,16
875579,105
875600,5
875635,32
875644,5
875649,11
875657,12
875660,5
875705,27
875743,8
875769,8
875794,5
875861,7
875869,16
875880,22
875927,5
875949,6
875952,6
875962,6
875980,6
876029,24
876041,42
876059,7
876183,6
876318,5
876391,6
876441,38
876445,7
876451,10
876473,6
876522,7
876568,7
876649,13
876713,20
876741,13
876832,6
877064,9
877081,21
877143,5
877185,20
877191,8
877228,7
877239,8
877242,9
877277,6
877284,10
877310,28
877408,5
877439,10
877480,7
877499,174
877584,10
877603,19
877654,35
877657,17
877663,5
877680,6
877704,14
877735,13
877792,20
877849,8
877880,9
877994,25
878042,7
878070,11
878083,27
878141,7
878217,30
878250,6
878263,7
878303,7
878309,8
878321,62
878331,8
878335,6
878336,7
878371,29
878399,11
878453,5
878457,6
878489,8
878541,20
878542,6
878558,9
878572,6
878593,8
878605,282
878665,5
878683,9
878708,23
878710,6
878730,10
878733,10
878799,8
878847,273
878863,212
878886,13
878941,19
878972,9
879008,6
879072,8
879100,9
879115,9
879224,19
879225,7
879233,5
879239,6
879253,6
879269,9
879287,6
879329,6
879362,6
879366,11
879374,5
879389,8
879458,5
879485,567
879496,27
879530,6
879594,6
879652,31
879675,10
879697,6
879735,45
879743,52
879752,7
879778,18
879821,14
879828,10
879896,8
879902,9
879927,7
879950,16
879988,42
879992,5
880010,8
880020,9
880021,9
880055,7
880060,17
880107,8
880179,10
880249,97
880293,6
880297,19
880374,9
880587,6
880594,5
880628,6
880710,10
880718,10
880731,6
880748,14
880751,7
880763,10
880773,23
880806,9
880814,5
880838,5
880846,6
880849,6
880936,6
880944,6
880996,7
881067,5
881113,6
881145,23
881191,33
881226,21
881257,10
881265,5
881270,17
881364,11
881371,12
881375,11
881378,14
881408,5
881418,5
881450,5
881452,6
881477,18
881491,7
881504,10
881537,11
881604,11
881614,18
881644,6
881688,68
881696,6
881716,8
881756,6
881783,6
881810,89
881916,5
881969,7
882027,9
882034,38
882037,25
882046,5
882064,7
882084,11
882100,6
882112,13
882121,7
882147,8
882152,8
882203,24
882247,6
882253,6
882300,21
882350,13
882357,45
882375,6
882433,6
882520,43
882545,17
882572,53
882613,28
882631,12
882635,22
882640,6
882660,6
882679,9
882744,10
882749,35
882785,28
882824,8
882896,6
882916,14
882926,5
882930,6
882931,7
882946,8
882958,10
882976,7
882988,75
882996,11
883005,18
883030,8
883039,7
883041,8
883085,7
883141,14
883154,32
883161,6
883189,6
883234,906
883278,46
883366,9
883367,10
883370,6
883377,5
883381,10
883389,9
883444,23
883448,7
883632,95
883647,7
883650,56
883719,7
883720,8
883809,12
883822,8
883859,10
883879,10
883885,121
883906,9
883927,8
883958,6
883984,6
884005,6
884041,39
884069,41
884073,6
884145,10
884156,7
884174,11
884225,6
884226,129
884246,42
884257,7
884343,12
884431,6
884462,7
884526,5
884536,5
884541,13
884543,6
884558,6
884652,14
884726,12
884775,7
884921,8
884986,18
884988,8
885005,6
885020,17
885022,13
885024,6
885058,10
885064,22
885069,21
885168,30
885175,6
885192,8
885207,5
885265,6
885281,8
885282,13
885305,5
885384,8
885417,21
885451,12
885475,11
885531,10
885582,8
885614,6
885656,8
885681,44
885694,7
885711,32
885811,10
885942,7
886012,23
886031,23
886053,5
886072,5
886085,12
886137,7
886143,14
886155,15
886159,6
886160,27
886163,8
886173,15
886195,6
886197,28
886256,6
886260,6
886284,14
886313,83
886332,15
886383,10
886400,7
886409,17
886438,7
886485,9
886490,5
886519,41
886532,6
886694,12
886714,17
886732,5
886742,6
886786,8
886801,5
886816,6
886832,28
886851,13
886859,7
886909,11
886911,6
886912,13
886952,6
886993,16
887007,6
887010,7
887044,12
887053,7
887069,12
887093,7
887105,6
887124,11
887156,26
887168,7
887214,10
887216,9
887244,30
887310,76
887312,5
887313,12
887369,20
887407,12
887419,8
887454,7
887485,16
887520,15
887573,6
887591,23
887593,8
887604,14
887615,12
887649,6
887722,10
887818,14
887831,17
887862,11
887879,89
887919,6
888009,13
888021,7
888040,6
888046,6
888058,27
888065,121
888070,21
888100,10
888162,433
888185,17
888191,5
888193,20
888199,16
888215,10
888217,7
888261,6
888270,11
888290,10
888302,46
888318,14
888336,7
888357,21
888404,21
888425,9
888440,6
888477,17
888487,7
888541,6
888550,60
888588,17
888593,6
888606,13
888614,7
888679,7
888717,11
888749,10
888794,8
888806,11
888822,177
888835,25
888836,14
888866,7
888895,41
888968,6
889005,6
889017,15
889036,25
889068,8
889080,38
889104,6
889109,11
889113,6
889150,19
889170,19
889212,16
889402,9
889403,19
889405,5
889424,11
889483,17
889491,10
889509,45
889513,14
889544,10
889562,9
889563,22
889609,12
889611,5
889691,6
889732,8
889750,21
889841,13
889857,7
889862,223
889886,5
889887,16
889895,5
890002,16
890005,12
890021,7
890099,13
890106,8
890159,9
890173,10
890175,5
890192,9
890223,23
890289,8
890297,10
890324,5
890459,12
890505,5
890530,91
890640,8
890647,13
890707,6
890720,9
890722,25
890758,52
890778,12
890806,6
890814,8
890852,9
890857,14
890859,15
890873,6
890904,8
890931,6
890950,6
890956,5
890992,7
891026,9
891084,7
891085,6
891104,12
891105,6
891113,7
891121,7
891175,43
891222,13
891284,7
891316,26
891372,11
891424,10
891459,6
891508,7
891512,5
891617,9
891620,7
891623,6
891624,6
891650,35
891651,5
891652,7
891745,47
891808,80
891822,6
891824,8
891836,207
891850,13
891888,7
891890,6
891899,10
891919,11
891938,8
891969,9
891981,6
891995,6
892048,7
892072,7
892098,5
892122,7
892140,12
892146,6
892172,8
892198,7
892227,16
892277,27
892289,7
892304,17
892329,7
892381,9
892420,7
892422,11
892429,11
892440,177
892465,12
892475,6
892500,6
892508,12
892515,6
892543,7
892546,19
892607,18
892699,7
892700,11
892703,5
892721,64
892732,6
892748,6
892751,35
892771,12
892823,48
892845,5
892846,7
892862,8
892874,33
892893,9
892910,27
892915,15
892925,5
892930,14
892976,5
892988,14
893019,10
893060,16
893080,10
893129,8
893193,17
893196,9
893222,16
893229,9
893284,16
893304,5
893316,5
893343,6
893367,12
893422,7
893463,25
893493,78
893502,39
893512,10
893614,10
893642,38
893722,8
893805,6
893814,10
893827,12
893831,14
893847,8
893869,11
893897,5
893912,11
893913,11
893927,6
893943,8
893955,6
893981,6
894028,31
894035,58
894098,10
894120,15
894124,7
894152,13
894189,8
894208,8
894209,17
894210,6
894263,55
894327,9
894372,10
894425,8
894482,16
894516,9
894551,73
894576,8
894646,8
894647,7
894648,13
894689,15
894747,6
894772,6
894782,8
894792,26
894858,31
894885,16
894919,25
894940,11
894943,7
894958,19
894975,7
894993,15
895017,8
895034,23
895060,10
895067,13
895071,6
895088,13
895096,69
895102,6
895151,6
895153,17
895168,57
895173,6
895209,13
895211,5
895228,9
895302,67
895303,48
895312,7
895329,7
895362,23
895436,5
895437,5
895504,7
895531,10
895538,7
895555,88
895577,22
895661,24
895670,7
895699,32
895701,7
895720,9
895724,10
895796,6
895848,7
895857,136
895898,29
895943,7
895962,57
896055,13
896119,9
896128,15
896147,6
896231,12
896232,47
896256,27
896274,27
896281,45
896285,15
896313,16
896315,1385
896340,6
896346,7
896368,6
896396,7
896424,9
896433,14
896465,7
896562,6
896563,12
896630,12
896634,6
896661,8
896665,10
896687,15
896701,7
896712,5
896780,16
896820,44
896835,12
896853,7
896863,6
896927,8
896989,23
896990,9
897004,5
897005,6
897059,179
897062,7
897165,5
897205,17
897206,7
897248,15
897318,50
897326,10
897331,10
897354,6
897364,17
897373,8
897393,7
897472,28
897509,7
897510,9
897546,15
897591,21
897595,21
897617,35
897644,5
897673,7
897766,7
897768,10
897859,6
897876,44
897880,38
897887,9
897891,9
897901,8
897914,7
897929,19
897941,6
897953,11
897960,8
897962,8
897988,62
898029,6
898113,5
898114,6
898134,7
898187,6
898203,6
898232,47
898281,7
898313,12
898316,6
898351,13
898377,5
898414,6
898424,26
898429,7
898454,11
898489,7
898506,32
898562,33
898574,5
898586,14
898638,7
898708,20
898798,8
898811,7
898823,15
898882,7
898923,33
898932,80
898980,8
898983,1581
899034,12
899037,6
899090,10
899201,12
899208,9
899215,8
899238,190
899249,5
899272,6
899280,10
899329,8
899416,8
899528,5
899547,7
899554,9
899577,9
899584,33
899585,7
899589,8
899634,5
899697,16
899698,28
899723,15
899784,5
899788,19
899854,6
899866,24
899877,28
899973,8
899995,6
899996,16
900011,23
900035,7
900041,29
900064,15
900096,11
900124,17
900163,13
900214,5
900258,12
900265,10
900290,6
900316,6
900350,22
900480,6
900510,24
900536,6
900542,9
900598,26
900632,33
900635,8
900659,22
900711,13
900775,7
900784,12
900853,9
900889,126
900903,5
900905,16
900944,20
900960,5
900990,24
901002,9
901058,6
901060,62
901067,5
901068,6
901073,6
901095,31
901151,13
901166,11
901209,7
901214,7
901227,7
901233,17
901237,6
901274,7
901276,6
901284,11
901311,5
901400,10
901426,15
901427,6
901444,8
901474,9
901589,9
901593,6
901621,8
901645,10
901669,12
901673,10
901713,11
901766,12
901808,6
901827,8
901984,8
902060,9
902101,7
902164,7
902182,8
902198,6
902239,6
902290,8
902295,8
902301,14
902305,9
902325,6
902411,38
902495,7
902505,11
902518,55
902538,63
902596,6
902622,21
902664,5
902710,11
902744,8
902774,22
902789,9
902804,8
902865,13
902867,10
902922,10
902941,9
902946,8
902960,10
902997,5
902998,30
903060,8
903067,9
903107,7
903185,24
903266,10
903283,7
903298,29
903355,27
903397,13
903427,50
903496,7
903528,13
903560,11
903563,14
903604,7
903615,744
903649,6
903650,8
903656,5
903672,6
903673,6
903674,6
903676,5
903694,10
903707,47
903736,44
903751,15
903778,13
903784,13
903785,6
903864,26
903882,14
903901,6
903908,5
903921,18
903926,7
903955,18
904001,7
904002,9
904043,38
904097,5
904138,26
904139,7
904140,35
904174,6
904188,32
904227,11
904233,8
904234,39
904246,5
904296,11
904355,7
904369,21
904388,5
904414,16
904426,6
904506,7
904538,15
904559,13
904567,6
904590,10
904621,20
904623,6
904644,61
904657,6
904662,33
904683,7
904714,10
904748,7
904826,16
904831,40
904880,9
904896,6
904983,14
905069,5
905097,6
905181,11
905182,10
905240,8
905280,17
905285,679
905335,8
905370,9
905379,51
905420,34
905424,5
905450,7
905459,7
905515,73
905530,278
905536,35
905652,8
905684,16
905693,6
905703,9
905781,9
905799,9
905800,31
905820,35
905925,58
905933,10
905937,9
905941,5
905968,14
906009,9
906041,5
906051,6
906084,9
906099,10
906125,7
906128,9
906151,10
906154,17
906187,5
906210,11
906240,10
906287,7
906382,8
906413,31
906420,5
906467,7
906508,15
906525,8
906541,6
906543,12
906601,14
906623,20
906630,6
906631,19
906686,6
906699,17
906702,228
906713,23
906745,6
906749,6
906761,12
906781,6
906803,8
906807,9
906862,18
906918,5
906967,9
906998,5
907017,8
907056,6
907112,31
907124,6
907151,12
907163,5
907232,6
907281,14
907338,6
907341,36
907410,5
907418,6
907444,8
907448,68
907457,6
907474,11
907479,7
907489,8
907495,16
907573,11
907584,5
907587,7
907589,9
907644,6
907687,19
907846,9
907868,10
907875,10
907896,10
907904,24
907908,86
907979,5
908031,22
908118,47
908122,176
908132,8
908134,6
908142,30
908170,10
908187,319
908216,7
908226,7
908228,8
908250,6
908270,9
908274,6
908284,12
908306,9
908309,8
908352,9
908365,10
908387,678
908416,8
908423,6
908428,13
908468,18
908469,6
908484,12
908505,15
908512,6
908548,8
908560,9
908561,9
908569,6
908577,8
908598,5
908667,8
908733,10
908743,14
908751,18
908776,6
908786,27
908810,17
908846,1822
908871,6
908909,7
909155,9
909201,5
909223,34
909248,7
909283,5
909310,7
909354,6
909392,7
909406,14
909424,9
909457,6
909517,8
909551,15
909554,18
909606,24
909611,11
909700,17
909707,5
909737,35
909741,6
909751,8
909752,7
909756,10
909763,9
909829,10
909859,10
909933,11
909974,8
910012,142
910014,6
910050,7
910068,31
910112,9
910166,25
910176,9
910283,14
910306,7
910341,12
910391,6
910397,14
910408,6
910416,8
910424,9
910446,6
910461,12
910474,19
910489,14
910514,32
910583,11
910612,7
910652,13
910761,11
910791,64
910803,5
910804,32
910868,8
910896,13
910900,18
911093,8
911106,7
911227,9
911249,7
911277,10
911284,8
911321,11
911349,39
911400,7
911435,5
911438,6
911452,20
911493,6
911538,21
911540,6
911562,94
911579,71
911585,5
911622,13
911647,12
911710,16
911725,10
911726,14
911734,10
911743,15
911761,8
911809,8
911843,5
911846,8
911850,66
911857,8
911868,10
911886,17
911905,6
911922,12
911976,24
912006,27
912018,14
912020,9
912051,8
912094,29
912098,5
912125,16
912181,6
912201,114
912301,6
912302,6602
912330,6
912350,7
912370,7
912381,27
912403,241
912442,9
912453,122
912471,14
912488,7
912513,6
912534,46
912548,6
912566,6
912579,13
912592,9
912619,5
912625,15
912706,14
912744,9
912746,11
912758,6
912776,6
912778,20
912792,9
912816,258
912835,8
912896,7
912966,9
912995,14
913000,29
913016,7
913024,6
913029,7
913072,7
913089,6
913136,9
913279,11
913285,16
913360,15
913387,12
913414,7
913430,11
913462,5
913528,7
913596,28
913602,37
913627,8
913634,93
913666,34
913687,125
913690,7
913715,131
913783,267
913834,8
913851,146
913860,6
913880,1977
913915,13
913922,7
913974,47
913981,6
914004,8
914020,12
914031,9
914044,5
914054,6
914064,11
914104,22
914119,10
914154,11
914188,13
914249,33
914253,26
914255,9
914292,25
914300,13
914313,46
914356,16
914360,7
914391,61
914416,7
914440,6
914469,50
914494,41
914510,32
914557,15
914604,9
914630,6
914635,18
914667,7
914677,15
914687,5
914702,6
914711,16
914714,6
914720,50
914727,7
914764,8
914844,5
914900,5
914939,6
915028,8
915047,8
915066,54
915072,15
915135,6
915177,202
915246,17
915276,14
915285,6
915287,6
915314,9
915391,61
915418,20
915459,10
915500,7
915502,11
915508,8
915533,6
915562,6
915577,8
915603,39
915617,6
915742,12
915775,7
915776,15
915780,6
915785,143
915793,6
915967,47
915983,7
916031,25
916042,6
916061,17
916147,9
916158,8
916176,6
916228,6
916236,20
916240,7
916325,9
916403,7
916415,17
916463,7
916497,48
916547,6
916552,6
916570,23
916576,7
916678,5
916692,11
916699,5
916701,5
916748,7
916804,6
916851,7
916878,5
916886,20
916888,5
916969,6
916987,53
916996,13
917045,6
917104,31
917128,6
917268,12
917300,5
917335,12
917336,9
917432,7
917440,26
917451,7
917472,7
917505,15
917545,73
917573,15
917580,20
917588,6
917620,6
917630,5
917679,6
917693,8
917699,12
917821,11
917822,7
917834,7
917884,121
917942,7
917950,5
917957,8
918048,6
918062,11
918063,10
918078,12
918145,7
918213,6
918218,8
918242,6
918261,5
918263,11
918277,15
918282,5
918325,35
918337,6
918378,6
918423,7
918452,10
918504,6
918515,14
918516,27
918520,18
918531,8
918537,6
918538,11
918588,43
918589,10
918666,8
918751,21
918756,25
918778,5
918816,7
918840,16
918841,7
918878,17
918885,18
918900,42
918934,27
918983,6
918995,47
919024,28
919153,10
919154,7
919156,7
919162,17
919171,10
919175,5
919177,5
919266,5
919267,5
919314,9
919316,40
919366,9
919368,61
919373,10
919384,10
919385,12
919413,163
919429,11
919459,25
919490,14
919491,8
919560,10
919585,10
919662,21
919679,27
919692,6
919697,8
919743,6
919760,6
919782,178
919827,66
919854,8
919868,6
919898,11
919939,5
919954,52
919983,9
919984,11
919994,10
920009,7
920055,5
920083,23
920086,19
920190,12
920191,8
920213,5
920222,17
920237,5
920288,6
920322,5
920341,7
920354,10
920365,49
920372,7
920400,7
920401,13
920413,9
920426,9
920430,6
920499,9
920504,6
920545,6
920568,27
920578,7
920579,18
920582,5
920624,134
920627,13
920636,5
920643,11
920701,32
920730,20
920737,12
920773,8
920803,54
920841,54
920895,8
920955,6
920993,7
920997,8
921079,5
921180,6
921203,6
921207,174
921208,32
921224,7
921256,17
921264,28
921294,7
921296,7
921314,10
921316,6
921388,7
921413,6
921422,10
921448,11
921509,6
921535,18
921585,6
921604,6
921605,115
921620,11
921626,5
921670,33
921680,36
921771,8
921781,17
921823,23
921825,6
921892,10
921936,5
921975,208
922024,33
922116,11
922117,7
922130,7
922143,9
922179,127
922185,34
922188,13
922194,10
922202,45
922204,18
922236,16
922269,13
922323,646
922332,6
922345,9
922380,85
922387,6
922393,178
922400,37
922429,23
922439,9
922499,6
922505,27
922575,6
922653,10
922655,7
922663,7
922679,11
922709,18
922753,7
922787,8
922821,9
922840,32
922894,11
922906,8
922943,21
922949,14
922977,49
923014,7
923037,6
923054,27
923063,23
923132,6
923143,223
923149,7
923159,73
923213,16
923282,14
923293,7
923302,17
923352,9
923377,105
923412,8
923490,5
923491,12
923573,390
923584,81
923590,6
923591,59
923593,14
923640,12
923655,23
923735,12
923763,6
923769,61
923797,9
923856,11
923866,20
923900,7
923919,12
923929,7
923944,6
923949,5
923955,11
923973,6
923984,9
924041,26
924140,6
924225,12
924237,6
924247,16
924309,5
924321,10
924336,7
924363,5
924378,5
924404,9
924413,14
924467,8
924513,799
924564,6
924622,8
924657,6
924672,6
924831,6
924855,9
924867,91
924891,8
924949,26
925009,18
925107,9
925112,30
925120,7
925190,64
925212,14
925224,9
925289,9
925294,11
925301,14
925355,7
925372,21
925380,25
925396,32
925426,43
925434,8
925442,9
925496,5
925520,30
925526,8
925565,6
925628,13
925702,23
925709,17
925717,6
925747,36
925751,7
925763,8
925764,6
925772,12
925778,12
925795,13
925804,10
925816,26
925818,30
925819,7
925820,9
925827,7
925832,5
925847,11
925868,5
925878,10
925896,35
925900,6
925902,6
925943,8
925950,7
926042,23
926064,18
926091,5
926100,13
926118,11
926121,24
926123,7
926190,9
926233,26
926234,7
926308,8
926315,11
926346,5
926523,8
926528,6
926612,19
926613,6
926632,7
926681,8
926711,6
926760,6
926800,46
926804,6
926810,18
926837,9
926876,5
926940,8
926992,7
926998,12
927010,6
927013,28
927043,7
927045,6
927130,9
927134,27
927141,7
927194,21
927225,11
927251,8
927287,78
927316,10
927348,7
927358,8
927404,7
927456,7
927513,135
927518,11
927568,5
927629,28
927638,8
927703,6
927732,8
927829,6
927851,9
927870,6
927880,15
927893,18
927900,9
927924,8
927937,13
927946,10
927972,8
927995,9
928061,8
928102,6
928154,7
928196,14
928229,11
928304,14
928305,84
928317,12
928359,15
928400,7
928553,12
928596,54
928600,6
928601,7
928626,10
928630,9
928636,7
928719,5
928723,42
928756,9
928758,9
928789,6
928850,14
928914,18
928933,91
928934,9
928987,672
928998,29
929007,109
929051,43
929110,6
929198,22
929205,6
929266,17
929270,7
929291,6
929293,75
929320,6
929321,6
929402,10
929471,10
929479,257
929551,5
929614,129
929720,16
929821,7
929860,7
929876,47
929962,9
930069,6
930102,6
930142,7
930157,6
930165,31
930198,10
930213,33
930214,8
930219,7
930226,6
930239,15
930319,9
930339,19
930382,6
930392,8
930435,5
930444,16
930487,7
930556,6
930559,7
930566,9
930590,49
930604,174
930722,61
930858,75
930905,19
930941,7
931017,8
931032,30
931040,8
931053,107
931069,15
931116,11
931187,46
931190,71
931207,14
931279,11
931282,26
931430,16
931431,14
931432,31
931484,10
931496,50
931574,6
931661,23
931665,6
931745,6
931761,8
931791,9
931817,360
931834,7
931888,14
931904,5
931926,19
931962,7
932009,10
932059,9
932061,12
932084,5
932095,7
932158,51
932171,7
932175,11
932187,12
932246,17
932251,6
932284,6
932304,5
932362,146
932395,34
932465,13
932490,49
932559,11
932578,9
932581,8
932607,8
932640,9
932730,7
932753,6
932782,7
932798,6
932802,11
932817,5
932842,7
932856,10
932889,13
932943,15
932949,7
932950,8
932994,7
933041,6
933054,7
933079,16
933104,6
933175,7
933187,40
933188,10
933203,35
933232,14
933269,7
933272,28
933348,11
933350,11
933360,29
933367,6
933368,6
933370,14
933414,6
933421,40
933428,5
933433,8
933457,5
933458,5
933467,6
933490,16
933498,7
933555,31
933627,9
933670,6
933673,365
933714,8
933867,8
933934,6
933938,6
933944,11
933968,9
933977,14
934031,6
934078,7
934128,7
934146,19
934227,23
934280,9
934310,13
934318,9
934337,45
934400,21
934419,6
934425,8
934515,28
934527,7
934554,6
934597,10
934621,6
934631,13
934668,7
934669,42
934695,7
934740,9
934765,9
934831,6
934869,12
934897,37
934900,6
934919,20
934985,10
935006,12
935085,15
935204,179
935219,7
935239,6
935297,7
935319,7
935338,7
935368,6
935383,5
935416,9
935435,7
935481,9
935490,6
935506,7
935508,6
935729,8
935775,9
935790,11
935809,9
935810,14
935826,6
935855,5
935856,7
935896,8
935916,36
935947,6
936007,8
936026,8
936104,10
936115,6
936152,208
936160,14
936163,8
936181,6
936185,35
936212,6
936219,9
936248,6
936256,8
936270,27
936322,9
936395,6
936401,7
936431,16
936465,20
936480,20
936489,53
936504,29
936521,6
936528,6
936555,7
936566,32
936581,7
936609,5
936645,9
936650,7
936651,69
936708,11
936720,9
936730,15
936822,25
936825,6
936920,10
936970,7
937018,28
937025,1737
937032,6
937036,33
937049,6
937128,27
937129,5
937158,17
937172,23
937215,11
937217,59
937267,5
937303,7
937320,5
937335,6
937343,8
937347,40
937360,10
937363,6
937376,6
937389,35
937404,23
937442,56
937461,111
937462,8
937463,10
937475,294
937567,27
937589,9
937596,6
937624,7
937654,6
937701,5
937709,5
937821,5
937832,8
937839,6
937851,6
937899,8
937986,7
938039,56
938084,12
938108,11
938120,7
938196,7
938212,13
938220,19
938289,6
938312,92
938331,9
938346,8
938412,21
938433,22
938451,17
938455,7
938472,5
938544,19
938594,7
938648,12
938660,10
938678,15
938716,5
938742,8
938775,19
938785,14
938803,7
938811,34
938827,6
938842,43
938848,9
938852,6
938922,6
938944,6
938950,29
938973,11
939021,11
939062,9
939146,7
939166,9
939234,17
939235,20
939253,11
939356,19
939431,5
939448,8
939465,6
939472,56
939474,6
939524,8
939573,30
939586,83
939591,8
939612,6
939643,5
939645,59
939674,10
939677,6
939759,31
939824,6
939877,28
939889,28
939896,36
939914,20
939943,84
939945,7
940047,22
940050,9
940077,27
940108,7
940185,7
940252,5
940271,53
940281,174
940287,13
940320,7
940326,7
940342,68
940348,8
940371,81
940421,7
940445,6
940510,10
940516,303
940551,27
940584,12
940586,7
940589,22
940595,13
940596,5
940615,7
940691,10
940717,9
940724,11
940784,6
940790,9
940808,626
940818,10
940830,7
940852,9
940880,12
940982,19
941016,11
941113,13
941132,27
941168,8
941182,21
941184,6
941305,23
941312,27
941343,8
941344,7
941367,6
941503,132
941527,21
941590,214
941636,5
941649,48
941662,11
941695,6
941700,18
941707,6
941737,7
941738,12
941787,19
941797,168
941801,8
941829,22
941860,13
941902,15
941907,5
941918,8
941932,8
941949,9
941995,6
942041,6
942068,5
942076,12
942084,77
942116,29
942130,70
942155,19
942183,5
942188,7
942196,6
942213,8
942232,6
942238,9
942244,38
942260,16
942264,8
942392,6
942442,9
942453,23
942495,12
942523,10
942549,10
942635,6
942673,5
942685,10
942702,10
942704,9
942781,11
942801,13
942804,38
942823,7
942830,12
942856,10
942879,11
942884,7
942885,14
942920,7
942953,8
943002,6
943059,12
943065,14
943066,5
943084,5
943103,7
943110,13
943117,10
943157,5
943173,14
943196,6
943198,50
943206,9
943245,6
943261,11
943286,8
943288,13
943298,20
943302,9
943334,5
943343,1289
943344,36
943371,61
943492,6
943528,7
943548,5
943599,11
943624,6
943677,7
943710,10
943716,7
943741,162
943776,60
943782,164
943864,6
943883,7
943961,12
943962,9
944031,15
944033,15
944074,10
944151,71
944177,5
944253,7
944292,7
944309,113
944318,28
944351,10
944356,27
944358,7
944385,17
944392,6
944399,5
944416,8
944418,24
944419,19
944505,6
944522,7
944528,12
944541,7
944569,16
944604,75
944650,7
944698,35
944742,6
944768,14
944781,23
944789,10
944803,11
944809,5
944818,6
944819,5
944832,11
944833,3753
944837,8
944854,8
944994,7
945100,44
945117,6
945173,13
945178,83
945224,6
945238,11
945273,11
945298,15
945329,8
945339,9
945352,16
945364,6
945412,8
945414,27
945425,6
945483,9
945588,6
945679,7
945799,5
945808,19
945825,106
945832,6
945894,6
945897,8
945935,30
945944,5
946058,6
946063,9
946079,13
946096,30
946117,6
946120,27
946123,7
946132,99
946183,5
946184,153
946207,7
946213,6
946228,9
946252,6
946329,30
946333,5
946380,10
946385,47
946429,9
946455,19
946479,31
946483,11
946491,15
946494,47
946495,11
946530,6
946539,8
946571,635
946572,7
946621,62
946646,7
946707,7
946715,11
946722,7
946747,7
946785,9
946836,6
946852,6
946855,11
946884,14
946962,38
946994,6
947009,7
947019,5
947034,5
947097,77
947328,21
947398,9
947482,33
947494,8
947525,8
947543,20
947591,20
947599,6
947602,21
947609,53
947683,7
947689,18
947711,27
947763,18
947787,6
947802,1404
947805,5
947809,5
947824,138
947848,8
947858,8
947896,8
947898,22
947907,7
947955,11
947965,9
947999,10
948051,14
948055,16
948070,8
948182,29
948194,5
948196,11
948225,6
948233,5
948260,8
948360,12
948386,47
948447,22
948457,7
948496,7
948524,6
948534,10
948540,7
948559,104
948569,9
948571,7
948619,28
948622,7
948664,5
948680,6
948681,22
948701,40
948743,9
948837,8
948838,8
948885,5
948910,7
948913,7
948972,6
948980,24
948991,7
949002,6
949030,22
949044,7
949086,6
949140,41
949203,32
949204,13
949207,8
949230,5
949265,11
949289,7
949326,8
949336,7
949399,10
949406,5
949457,6
949463,7
949470,12
949507,16
949535,19
949548,6
949663,8
949670,18
949671,10
949735,29
949736,38
949747,10
949748,66
949752,7
949773,22
949778,50
949786,5
949805,8
949839,7
949869,7
949899,5
949968,11
950023,42
950024,9
950100,10
950109,6
950122,6
950171,196
950190,8
950207,10
950362,111
950385,7
950389,6
950417,8
950437,44
950449,10
950528,8
950556,29
950557,6
950558,5
950568,6
950575,5
950607,6
950675,19
950723,5
950814,23
950838,36
950885,6
950907,33
950919,11
950988,8
951007,15
951030,70
951130,11
951141,18
951170,6
951174,6
951261,15
951278,8
951280,31
951326,11
951351,9
951375,22
951385,14
951395,9
951495,8
951511,10
951559,7
951630,6
951632,27
951676,19
951716,27
951775,10
951978,10
951979,16
951980,16
952064,6
952070,5
952087,6
952152,17
952207,6
952240,261
952288,8
952409,31
952434,6
952438,22
952476,9
952628,7
952635,10
952676,39
952694,19
952701,8
952747,17
952770,18
952771,8
952777,7
952793,6
952875,7
952898,6
952924,7
953029,15
953072,5
953100,21
953104,43
953133,7
953155,38
953162,8
953191,19
953196,6
953198,5
953256,5
953262,61
953292,8
953304,10
953340,5
953361,28
953378,16
953385,6
953440,13
953475,6
953526,5
953585,21
953638,7
953663,7
953797,13
953822,8
953823,6
953865,21
953937,16
953973,8
953975,16
953997,15
954006,16
954038,19
954043,7
954069,11
954080,9
954104,7
954116,6
954143,340
954155,20
954174,7
954179,29
954186,7
954226,9
954348,6
954364,15
954377,7
954389,31
954413,57
954464,6
954472,10
954476,14
954487,30
954561,5
954582,31
954583,20
954606,9
954617,5
954688,44
954697,14
954698,8
954709,64
954712,8
954721,47
954771,6
954790,8
954793,8
954837,5
954854,217
954921,5
954977,7
955034,22
955082,29
955084,19
955093,16
955096,11
955170,42
955231,9
955252,5
955302,8
955306,7
955341,7
955370,6
955391,6
955451,6
955491,16
955530,29
955558,9
955566,8
955586,948
955655,14
955689,24
955700,5
955722,31
955730,10
955750,22
955776,8
955792,12
955796,58
955815,19
955882,6
955885,6
955887,6
955894,21
955961,11
955997,6
956019,6
956027,26
956053,6
956079,47
956096,6
956119,7
956142,98
956192,9
956205,7
956245,15
956267,23
956271,6
956284,34
956309,8
956379,19
956384,6
956419,6
956439,11
956443,13
956475,10
956481,20
956483,7
956508,7
956535,33
956599,34
956699,22
956706,7
956711,7
956751,7
956809,16
956810,24
956880,9
956892,14
956978,12
957056,5
957071,11
957097,8
957148,10
957169,25
957221,6
957238,7
957289,331
957350,27
957382,6
957390,9
957395,6
957417,22
957430,6
957465,8
957481,19
957541,16
957552,10
957578,5
957593,6
957652,113
957729,42
957738,8
957742,134
957754,29
957755,13
957761,15
957779,8
957796,6
957801,6
957820,15
957869,8
957887,45
957889,17
957903,9
957936,10
957947,7
957967,8
957979,12
957985,10
958030,15
958037,9
958062,6
958068,11
958118,13
958141,11
958175,853
958192,10
958203,26
958209,8
958232,5
958272,8
958394,13
958442,17
958475,7
958540,6
958600,5
958642,7
958666,14
958674,11
958705,22
958711,254
958740,9
958773,6
958788,14
958789,5
958805,10
958851,22
958855,5
958869,314
958945,27
958981,30
958995,7
959034,79
959091,124
959105,7
959107,9
959138,5
959219,5
959301,8
959321,11
959384,16
959397,7
959447,12
959506,57
959511,7
959522,16
959528,7
959556,6
959647,5
959658,69
959739,5
959747,6
959839,7
959853,31
959893,21
959932,5
959945,268
959961,10
959962,53
960009,9
960016,16
960062,14
960104,12
960117,7
960148,5
960157,10
960332,7
960392,6
960418,36
960442,12
960549,56
960566,6
960622,12
960654,18
960691,35
960700,6
960740,7
960746,7
960811,6
960817,9
960830,9
960904,7
960907,6
960911,5
960984,7
961016,8
961020,12
961064,43
961093,9
961218,8
961232,6
961235,7
961247,614
961258,18
961259,6
961264,11
961287,7
961292,6
961293,10
961309,21
961462,15
961495,8
961533,8
961591,7
961665,5
961752,6
961861,7
961870,18
961955,11
961961,9
961976,10
961977,13
961979,6
961980,6
962022,18
962038,6
962069,172
962147,6
962235,9
962250,20
962432,35
962648,31
962677,17
962679,9
962695,10
962773,7
962801,7
962848,76
962882,8
962927,16
962976,5
963012,7
963089,41
963130,11
963131,6
963143,13
963162,9
963168,18
963327,20
963332,20
963335,8
963336,7
963352,40
963369,8
963373,6
963424,23
963483,25
963488,14
963491,10
963525,7
963561,7
963590,68
963608,14
963672,11
963701,7
963731,215
963745,7
963778,6
963779,5
963794,5
963799,6
964043,7
964077,16
964080,27
964105,26
964109,6
964128,9
964146,6
964162,9
964170,8
964315,7
964351,7
964428,6
964432,109
964474,11
964554,6
964636,6
964652,6
964671,24
964708,6
964722,18
964774,7
964788,6
964802,14
964809,9
964843,105
964855,47
964864,7
964908,9
964924,5
964967,10
964968,30
964970,9
965026,7
965043,10
965063,8
965120,21
965182,9
965216,7
965219,36
965228,7
965244,7
965255,8
965283,9
965326,24
965380,36
965391,528
965413,5
965424,10
965444,20
965460,67
965505,17
965557,6
965558,5
965561,20
965588,14
965591,9
965594,40
965621,7
965630,6
965649,44
965650,25
965767,14
965800,6
965814,214
965838,6
965851,5
965886,29
965887,24
965905,31
966005,17
966007,6
966056,8
966078,9
966109,7
966116,213
966157,12
966160,24
966312,6
966392,28
966406,52
966482,12
966523,13
966529,19
966589,11
966615,10
966624,9
966646,47
966669,573
966690,7
966707,199
966722,279
966735,19
966751,31
966754,8
966826,5
966849,5
966897,11
966936,10
967042,7
967061,17
967063,9
967095,8
967108,11
967206,8
967281,9
967296,9
967298,18
967318,178
967328,10
967333,11
967353,8
967412,22
967417,31
967426,6
967434,19
967481,16
967578,6
967592,7
967627,36
967628,6
967649,9
967684,6
967713,9
967770,20
967857,11
967914,6
967949,6
967957,7
967966,51
968000,6
968060,7
968102,40
968110,5
968112,283
968155,20
968328,6
968329,12
968394,11
968532,6
968570,6
968595,20
968619,6
968624,11
968637,13
968786,9
968812,21
968828,12
968883,8
968890,5
968921,20
968947,7
968982,7
969084,6
969121,6
969146,6
969150,6
969203,65
969217,109
969250,7
969325,7
969361,6
969415,6
969417,6
969542,9
969560,26
969576,9
969610,21
969635,20
969664,11
969728,5
969732,11
969735,22
969761,13
969789,107
969823,18
969878,13
969903,8
969906,47
969913,5
969920,6
970024,5
970053,5
970091,2908
970101,11
970157,16
970209,20
970253,36
970383,380
970388,7
970391,24
970441,8
970526,7
970615,9
970654,13
970732,6
970776,13
970814,10
970842,6
970850,15
970875,6
970929,8
971067,7
971167,7
971179,21
971241,7
971243,7
971370,12
971389,8
971425,29
971534,6
971542,27
971543,7
971545,110
971559,8
971586,8
971630,7
971692,64
971695,200
971808,32
971911,5
971945,6
971999,7
972001,38
972037,10
972059,27
972062,71
972065,5182
972155,14
972174,6
972178,34
972220,8
972237,41
972256,20
972317,6
972334,6
972357,6
972373,18
972383,15
972389,8
972396,16
972474,7
972489,8
972524,33
972549,37
972552,9
972577,6
972599,6
972600,7
972613,10
972621,12
972645,14
972671,8
972679,12
972760,26
972790,10
972812,7
972848,7
972856,11
972925,19
972947,226
972954,8
973009,8
973032,7
973048,20
973113,6
973172,9
973249,6
973264,22
973371,6
973397,6
973417,12
973481,6
973546,16
973547,9
973558,8
973561,9
973603,13
973662,7
973701,27
973741,26
973788,6
973847,23
973874,44
973878,6
973923,15
973935,5
973978,7
973981,8
974040,7
974049,8
974075,16
974077,5
974104,11
974136,25
974212,6
974216,12
974228,34
974249,7
974252,22
974253,6
974280,6
974284,8
974285,8
974292,12
974341,7
974353,20
974405,6
974653,55
974666,137
974700,9
974733,5
974768,14
974769,15
974845,6
974861,11
974951,8
975029,7
975056,16
975058,5
975119,7
975156,29
975218,31
975219,8
975240,75
975288,35
975289,6
975363,15
975490,28
975497,6
975501,11
975502,27
975526,9
975580,10
975581,35
975582,6
975597,16
975598,8
975599,6
975656,166
975674,12
975692,5
975763,9
975777,13
975778,7
975789,43
975882,6
975902,6
975955,3870
976009,11
976016,23
976031,10
976033,7
976043,8
976050,6
976052,7
976079,10
976133,227
976163,15
976185,6
976234,11
976241,6
976256,10
976282,10
976288,14
976304,9
976355,40
976372,17
976440,9
976499,6
976524,34
976577,5
976581,7
976583,8
976623,10
976625,6
976694,7
976700,31
976713,6
976737,29
976768,6
976782,6
976791,42
976800,22
976811,11
976830,7
976855,5
976858,7
976879,9
976882,6
976923,5
976952,7
977178,7
977206,6
977233,6
977251,10
977319,8
977354,10
977394,11
977415,17
977419,6
977440,11
977499,68
977538,12
977541,6
977543,12
977564,7
977576,6
977580,11
977606,17
977618,45
977628,6
977634,9
977645,7
977706,45
977710,10
977724,36
977740,16
977776,11
977777,10
977802,11
977817,4799
977827,11
977907,14
977971,11
978067,6
978095,42
978110,15
978180,67
978232,7
978237,6
978243,6
978272,5
978297,8
978316,23
978330,20
978404,6
978436,6
978442,5
978454,6
978488,5
978499,23
978515,8
978647,7
978661,11
978671,7
978688,8
978728,179
978746,11
978749,6
978810,13
978818,10
978823,18
978832,6
978851,15
978880,8
978958,30
978998,6
978999,28
979028,7
979044,16
979046,7
979086,6
979093,51
979124,31
979128,9
979177,6
979182,7
979204,12
979307,13
979378,11
979539,11
979544,7
979552,6
979558,11
979578,6
979579,6
979596,7
979602,26
979620,7
979718,12
979721,5
979845,10
979857,13
979858,17
979915,13
979945,36
980081,6
980098,5
980100,11
980120,32
980156,16
980168,12
980203,9
980235,5
980249,10
980319,26
980326,11
980351,8
980394,8
980402,9
980492,12
980561,6
980568,42
980594,66
980604,8
980609,18
980620,5
980635,315
980636,6
980643,6
980706,6
980719,5
980721,45
980724,11
980752,12
980797,13
980803,5
980806,6
980814,6
980855,6
980857,8
980883,16
980956,11
980970,5
981086,5
981088,12
981092,22
981115,12
981139,25
981192,5
981241,21
981255,7
981274,9
981275,6
981344,17
981345,6
981355,5
981357,13
981363,6
981403,43
981419,17
981431,5
981468,5
981478,9
981479,32
981504,6
981578,14
981588,8
981603,8
981616,7
981676,16
981714,73
981722,7
981756,7
981777,5
981816,5
981887,10
981889,7
981932,26
981960,10
981963,9
981972,5
981984,6
982024,23
982025,5
982060,9
982093,5
982102,10
982143,7
982154,7
982156,6
982173,60
982174,7
982200,6
982277,5
982284,8
982296,5
982298,14
982304,8
982352,25
982366,12
982368,9
982378,7
982380,12
982404,72
982406,6
982443,23
982455,15
982470,8
982482,8
982513,99
982544,7
982610,18
982738,6
982742,9
982816,52
982826,7
982879,5
982886,7
982893,12
982925,6
982989,8
983021,7
983023,7
983078,5
983105,7
983155,6
983342,8
983345,12
983475,6
983495,8
983499,16
983524,8
983577,10
983589,13
983608,8
983633,7
983681,12
983690,5
983703,8
983722,7
983760,11
983769,9
983778,29
983787,8
983796,56
983888,28
983989,11
984015,9
984084,12
984089,6
984108,13
984127,16
984196,6
984201,5
984220,8
984248,7
984279,5
984342,13
984400,13
984401,41
984404,9
984411,18
984422,14
984442,8
984479,9
984480,14
984503,6
984504,5
984510,8
984518,33
984575,7
984633,7
984693,7
984782,6
984796,23
984810,11
984883,10
984941,9
984955,9
984996,6
985004,10
985005,8
985049,5
985097,16
985207,6
985262,15
985337,7
985366,9
985385,7
985465,6
985481,6
985517,14
985519,12
985539,6
985548,9
985556,9
985570,7
985643,17
985713,37
985730,6
985735,7
985801,12
985811,53
985816,8
985916,7
985919,11
985925,18
985950,16
985970,6
985974,7
986016,5
986053,10
986095,6
986193,18
986225,8
986238,50
986242,11
986256,7
986264,7
986371,21
986375,6
986385,5
986389,5
986398,8
986427,8
986450,6
986452,6
986454,5
986486,7
986500,6
986505,12
986532,6
986545,6
986632,5
986664,15
986696,7
986697,11
986729,7
986753,15
986827,19
986845,6
986861,9
986894,6
986953,19
986975,15
986980,14
987049,33
987072,5
987080,5
987105,5
987154,9
987244,53
987254,12
987262,6
987271,5
987288,19
987290,13
987312,18
987317,16
987319,10
987350,15
987359,9
987404,13
987461,42
987491,14
987505,7
987550,7
987598,9
987599,11
987605,11
987617,7
987654,20
987668,42
987690,90
987695,22
987705,7
987709,6
987716,7
987725,8
987737,7
987806,5
987815,66
987836,20
987880,29
987948,6
987957,5
987974,10
988081,71
988111,11
988174,39
988217,6
988242,29
988245,8
988301,8
988449,5
988480,7
988484,33
988511,29
988515,9
988546,8
988551,225
988599,5
988612,10
988657,12
988678,6
988702,10
988706,11
988750,6
988831,6
988851,35
988877,7
988882,11
988947,6
988960,8
988981,5
988999,26
989039,8
989040,6
989044,17
989072,312
989111,9
989112,9
989134,75
989171,6
989250,9
989274,6
989333,7
989351,8
989391,12
989407,6
989414,7
989418,10
989464,10
989482,6
989505,39
989602,8
989604,47
989640,18
989643,5
989677,6
989700,7
989725,6
989765,10
989784,12
989879,12
989889,36
989901,7
989968,8
990067,10
990079,51
990108,15
990119,5
990144,10
990202,12
990210,10
990225,33
990265,5
990269,5
990297,6
990299,35
990310,79
990324,15
990394,7
990418,5
990479,8
990535,7
990536,7
990538,49
990557,12
990561,7
990566,37
990592,12
990669,6
990686,740
990698,75
990720,7
990736,11
990798,5
990803,6
990878,9
990879,11
990895,20
990914,6
990934,1785
990994,30
990995,7
991058,22
991125,84
991128,7
991154,18
991163,6
991192,9
991340,6
991472,5
991562,8
991596,17
991626,13
991680,16
991777,8
991891,5
991929,10
991939,8
991967,7
991975,5
991999,5
992068,16
992076,21
992080,8
992098,7
992126,29
992145,16
992198,7
992203,11
992243,13
992342,21
992379,11
992418,14
992446,7
992455,10
992484,8
992546,5
992554,6
992580,60
992583,6
992602,5
992610,7
992613,6
992637,6
992662,5
992736,7
992739,14
992758,6
992788,10
992800,10
992838,6
992865,29
992927,5
993125,6
993162,8
993184,8
993186,7
993203,6
993233,21
993252,17
993283,9
993292,7
993318,8
993330,9
993374,5
993377,5
993419,12
993504,7
993640,25
993647,8
993701,10
993752,10
993767,6
993820,7
993852,27
993859,13
993885,6
993909,12
993920,12
993941,6
993987,6
994043,10
994097,8
994202,27
994242,14
994321,12
994347,7
994366,58
994409,6
994471,19
994524,8
994527,14
994535,38
994581,16
994627,7
994646,6
994666,35
994682,6
994755,10
994826,99
994884,13
994926,8
994931,12
994937,12
994946,9
994974,291
994999,6
995008,6
995016,9
995017,45
995024,6
995070,7
995074,7
995091,11
995128,7
995152,12
995184,7
995197,6
995278,12
995301,7
995302,12
995322,8
995324,86
995342,11
995355,7
995382,5
995403,7
995436,23
995465,7
995495,6
995591,16
995655,5
995656,33
995659,16
995694,12
995775,22
995806,12
995832,8
995841,12
995860,25
995865,10
995886,5
995949,11
996007,17
996038,7
996065,16
996077,6
996106,6
996115,5
996148,7
996208,8
996257,8
996277,10
996308,25
996333,7
996426,10
996477,10
996483,6
996557,5
996565,9
996570,12
996595,8
996659,16
996666,6
996689,8
996691,5
996708,14
996712,9696
996729,39
996740,15
996776,5
996783,7
996833,17
996847,6
996859,5
996900,6
996919,5
996937,5
996983,11
996992,8
997005,5
997024,13
997049,19
997053,5
997065,6
997118,8
997121,6
997158,5
997172,5
997176,21
997225,7
997303,16
997334,7
997339,16
997374,5
997385,9
997423,6
997441,7
997521,11
997528,27
997532,6
997539,14
997632,62
997678,11
997679,6
997680,17
997702,11
997806,10
997888,9
997898,32
997953,10
997964,7
997968,6
997980,6
997994,15
998000,5
998217,7
998309,7
998322,6
998335,5
998341,6
998353,13
998365,109
998379,5
998383,8
998420,5
998421,9
998424,33
998461,13
998472,6
998486,13
998530,7
998537,12
998568,5
998583,5
998613,7
998633,9
998662,8
998666,11
998720,16
998748,22
998752,34
998756,10
998757,21
998778,5
998804,58
998827,5
998865,31
998879,5
998912,23
998952,67
998973,7
999067,21
999093,15
999110,12
999170,19
999196,6
999212,7
999215,9
999242,6
999251,5
999324,24
999341,614
999421,6
999422,7
999443,24
999455,9
999459,11
999487,3876
999520,9
999529,15
999583,108
999587,8
999608,11
999625,7
999654,8
999741,8703
999759,6
999767,13
999818,15
999828,9
999940,5
999969,5
1000036,7
1000063,5
1000067,11
1000099,7
1000119,9
1000133,6
1000158,7
1000203,6
1000251,5
1000264,8
1000328,11
1000343,5
1000396,6
1000415,9
1000426,15
1000427,7
1000480,10
1000576,9
1000580,49
1000590,9
1000595,89
1000648,31
1000663,43
1000674,176
1000789,83
1000849,44
1000883,8
1000885,12
1000907,8
1000922,8
1000923,5
1000927,38
1000945,11
1001000,55
1001036,14
1001057,5
1001079,13
1001082,20
1001107,7
1001216,19
1001230,9
1001272,18
1001310,28
1001318,7
1001327,169
1001332,11
1001419,10
1001512,29
1001553,14
1001630,8
1001673,6
1001682,9
1001741,8
1001810,7
1001822,23
1001886,20
1001933,814
1001983,56
1001992,33
1002010,8
1002034,8
1002042,29
1002050,17
1002058,153
1002065,8
1002072,29
1002077,6
1002085,8
1002090,49
1002117,6
1002124,6
1002183,5
1002185,138
1002202,7
1002235,14
1002311,14
1002351,25
1002352,8
1002433,47
1002445,12
1002492,12
1002524,33
1002526,20
1002540,7
1002684,14
1002687,9
1002708,10
1002753,7
1002791,27
1002811,18
1002812,6
1002849,8
1002903,12
1003037,7
1003095,9
1003126,20
1003147,16
1003172,8
1003226,12
1003234,12
1003242,10
1003300,5
1003316,11
1003355,10
1003372,13
1003399,6
1003407,26
1003455,11
1003559,5
1003583,9
1003593,6
1003596,9
1003742,6
1003766,7
1003799,17
1003870,5
1003918,8
1003954,9
1003955,8
1003966,7
1003981,6
1004035,15
1004070,16
1004138,9
1004165,7
1004171,6
1004191,5
1004415,7
1004482,15
1004533,15
1004550,9
1004642,12
1004735,7
1004810,8
1004848,10
1004922,19
1004940,6
1004957,59
1004963,21
1004969,30
1004987,9
1005022,11
1005029,6
1005116,13
1005157,15
1005181,24
1005202,5
1005220,7
1005230,13
1005231,8
1005272,6
1005296,17
1005407,5
1005447,49
1005451,23
1005493,8
1005545,8
1005548,10
1005589,12
1005613,6
1005621,22
1005651,134
1005663,22
1005687,17
1005720,8
1005745,19
1005778,15
1005779,6
1005791,20
1005808,17
1005823,6
1005861,10
1005871,6
1005887,5
1005911,6
1005993,8
1006009,13
1006029,11
1006046,16
1006064,167
1006067,7
1006084,6
1006089,6
1006132,6
1006178,9
1006189,5
1006350,21
1006367,6
1006386,6
1006430,5
1006432,8
1006434,28
1006474,10
1006477,11
1006489,24
1006516,11
1006519,11
1006647,6
1006670,19
1006684,7
1006687,6
1006711,6
1006774,6
1006783,10
1006800,10
1006801,9
1006863,8
1006871,17
1006954,18
1006997,7
1007066,6
1007073,10
1007079,36
1007092,6
1007213,77
1007228,10
1007280,18
1007450,6
1007506,22
1007590,8
1007625,6
1007627,9
1007639,6
1007647,9
1007668,9
1007681,12
1007699,11
1007700,9
1007738,19
1007775,8
1007776,10
1007793,19
1007795,11
1007811,74
1007892,17
1007900,5
1007904,10
1007937,5
1008004,97
1008032,13
1008103,5
1008110,16
1008115,31
1008123,6
1008150,12
1008151,32
1008152,9
1008167,10
1008187,15
1008275,7
1008278,8
1008319,35
1008345,12
1008388,5
1008472,8
1008501,21
1008522,8
1008532,9
1008561,20
1008576,63
1008586,8
1008587,13
1008612,23
1008651,13
1008653,6
1008692,6
1008768,19
1008853,7
1008864,11
1008894,15
1008925,12
1008991,11
1009065,46
1009120,9
1009145,6
1009158,8
1009163,5
1009243,27
1009294,6
1009304,22
1009324,5
1009398,8
1009435,12
1009464,9
1009465,7
1009510,65
1009514,13
1009562,38
1009569,12
1009577,10
1009627,29
1009647,107
1009681,7
1009692,9
1009708,10
1009742,10
1009761,22
1009818,17
1009822,8
1009836,17
1009839,8
1009850,13
1009868,15
1009919,17
1009931,110
1009968,25
1009998,41
1010011,115
1010059,8
1010065,8
1010094,14
1010159,7
1010177,6
1010198,34
1010224,19
1010339,7
1010341,32
1010373,10
1010426,19
1010444,5
1010445,7
1010459,12
1010484,14
1010501,6
1010509,6
1010557,8
1010571,17
1010610,28
1010611,9
1010634,33
1010674,10
1010689,9
1010708,7
1010761,18
1010787,21
1010795,15
1010808,19
1010844,15
1010877,6
1010926,30
1010988,92
1011012,56
1011055,6
1011121,6
1011176,18
1011189,14
1011192,6
1011213,6
1011230,7
1011239,6
1011263,11
1011287,89
1011305,27
1011306,7
1011312,22
1011373,8
1011381,14
1011462,15
1011495,46
1011509,16
1011513,14
1011539,50
1011629,16
1011665,9
1011692,44
1011720,7
1011721,6
1011764,7
1011802,35
1011809,9
1011823,6
1011824,5
1011845,12
1011853,13
1011905,5
1011915,5
1011996,15
1012005,7
1012067,9
1012173,63
1012205,7
1012210,6
1012272,65
1012282,103
1012286,7
1012300,30
1012390,12
1012395,7
1012401,6
1012427,9
1012465,13
1012527,20
1012561,11
1012568,7
1012587,7
1012631,11
1012645,23
1012650,25
1012690,6
1012757,8
1012780,13
1012931,13
1012948,50
1012951,5
1013006,9
1013112,23
1013116,20
1013130,5
1013161,20
1013178,7
1013179,7
1013191,7
1013220,8
1013248,6
1013289,18
1013309,10
1013326,16
1013363,7
1013413,5
1013421,7
1013427,30
1013507,7
1013551,7
1013572,8
1013574,6
1013622,19
1013684,5
1013704,11
1013758,7
1013794,7
1013817,11
1013853,8
1013894,5
1013952,12
1014023,8
1014062,7
1014063,13
1014080,23
1014092,16
1014113,36
1014116,5
1014183,10
1014202,8
1014218,11
1014221,6
1014222,8
1014244,22
1014303,63
1014311,5
1014356,10
1014381,8
1014382,8
1014424,29
1014450,6
1014480,7
1014521,6
1014529,8
1014537,6
1014554,9
1014557,8
1014558,7
1014593,22
1014605,6
1014652,7
1014707,8
1014729,88
1014762,6
1014773,52
1014778,8
1014790,6
1014811,7
1014921,6
1014947,168
1015049,6
1015080,6
1015138,14
1015141,7
1015166,11
1015176,38
1015184,6
1015185,7
1015207,5
1015221,13
1015248,6
1015283,8
1015399,13
1015401,217
1015404,9
1015429,28
1015443,330
1015484,6
1015536,7
1015546,6
1015550,8
1015577,12
1015597,7
1015601,6
1015609,22
1015679,6
1015700,34
1015706,5
1015708,5
1015711,8
1015732,6
1015747,26
1015755,183
1015779,8
1015812,108
1015826,5
1015832,26
1015833,7
1015845,10
1015872,26
1015982,7
1015988,12
1016079,67
1016135,16
1016156,9
1016176,16
1016203,18
1016246,6
1016261,6
1016267,15
1016283,8
1016342,12
1016382,31
1016390,5
1016418,7
1016430,14
1016444,14
1016474,9
1016502,45
1016524,6
1016557,23
1016588,5
1016649,6
1016659,5
1016712,14
1016735,28
1016791,13
1016848,5
1016887,8
1016921,7
1016951,9
1016968,7
1017028,5
1017104,15
1017207,6
1017229,8
1017238,9
1017365,6
1017373,6
1017478,61
1017486,5
1017489,10
1017511,7
1017522,6
1017539,7
1017540,12
1017541,5
1017572,24
1017601,7
1017624,5
1017637,93
1017694,8
1017723,15
1017752,7
1017782,5
1017807,5
1017813,7
1017875,6
1017991,9
1017993,8
1018035,9
1018095,6
1018122,7
1018133,12
1018151,6
1018176,46
1018214,8
1018405,42
1018483,27
1018490,39
1018565,7
1018606,7
1018667,50
1018691,8
1018703,13
1018748,49
1018764,9
1018854,94
1018861,1766
1018891,7
1018892,7
1018903,39
1018958,5
1019047,6
1019064,7
1019092,9
1019112,9
1019132,6
1019154,8
1019175,12
1019191,10
1019193,6
1019225,6
1019288,6
1019323,10
1019335,26
1019429,8
1019491,6
1019517,33
1019540,8
1019551,15
1019557,15
1019563,6
1019582,5
1019593,6
1019663,7
1019683,25
1019701,222
1019714,11
1019723,16
1019798,18
1019844,143
1019969,9
1019970,7
1019987,7
1019995,43
1020013,11
1020027,125
1020081,26
1020091,47
1020095,5
1020103,6
1020168,6
1020278,5
1020283,17
1020313,6
1020345,27
1020356,14
1020369,14
1020385,7
1020397,9
1020448,6
1020460,5
1020462,5
1020530,38
1020604,5
1020616,7
1020627,6
1020634,6
1020661,22
1020728,7
1020731,5
1020773,10
1020822,20
1020827,295
1020893,8
1020944,6
1020948,28
1020990,22
1021021,11
1021117,9
1021137,6
1021220,9
1021233,6
1021281,6
1021286,12
1021299,10
1021374,8
1021381,6
1021403,16
1021408,8
1021415,13
1021440,22
1021506,6
1021525,14
1021540,24
1021541,9
1021720,6
1021743,8
1021749,23
1021776,80
1021805,6
1021812,6
1021829,6
1021840,7
1021860,7
1021873,7
1021881,8
1021935,8
1021967,20
1022025,10
1022073,27
1022083,5
1022106,27
1022112,6
1022143,7
1022160,7
1022180,6
1022202,11
1022217,6
1022250,8
1022342,8
1022386,9
1022407,5
1022440,21
1022485,5
1022490,10
1022505,6
1022523,9
1022540,19
1022549,18
1022580,8
1022608,9
1022638,12
1022688,7
1022743,41
1022789,64
1022888,9
1022998,12
1023062,138
1023098,9
1023114,10
1023163,67
1023231,74
1023289,5
1023291,14
1023370,14
1023373,13
1023380,8
1023388,10
1023400,18
1023445,7
1023466,7
1023484,76
1023487,34
1023514,10
1023593,6
1023648,14
1023656,6
1023680,10
1023710,11
1023759,32
1023795,7
1023803,45
1023818,10
1023823,6
1023824,6
1023839,10
1023854,6
1023867,8
1023879,19
1023919,10
1023974,20
1024047,6
1024094,158
1024172,8
1024276,6
1024289,46
1024290,12
1024301,7
1024350,11
1024372,7
1024419,6
1024473,38
1024495,13
1024505,5
1024510,6
1024511,5
1024533,254
1024556,10
1024574,10
1024583,10
1024613,8
1024642,18
1024643,7
1024653,6
1024703,8
1024774,6
1024836,7
1024851,13
1024910,8
1024949,9
1024966,14
1024988,22
1025009,8
1025039,17
1025060,8
1025079,27
1025163,5
1025172,5
1025182,10
1025202,6
1025266,8
1025272,7
1025356,42
1025385,133
1025433,5
1025441,8
1025477,13
1025499,10
1025510,6
1025533,19
1025537,6
1025545,9
1025553,8
1025651,15
1025682,16
1025706,19
1025780,72
1025793,14
1025801,40
1025814,8
1025838,14
1025848,15
1025849,11
1025874,29
1025889,11
1025896,9
1025900,29
1025914,11
1025924,22
1025929,62
1025948,11
1025962,10
1025967,28
1025971,11
1025980,28
1025983,12
1025993,11
1026004,15
1026007,20
1026010,30
1026074,40
1026099,6
1026143,6
1026312,23
1026330,5
1026348,5
1026486,6
1026609,48
1026651,6
1026664,9
1026754,46
1026776,43
1026844,27
1026868,27
1026875,9
1026941,5
1026965,23
1026974,8
1027004,5
1027018,8
1027060,11
1027067,10
1027080,15
1027101,70
1027130,36
1027281,9
1027324,109
1027372,13
1027389,13
1027425,10
1027477,7
1027478,19
1027479,6
1027524,7
1027612,21
1027620,7
1027636,16
1027640,13
1027687,7
1027709,15
1027782,8
1027789,38
1027831,72
1027894,8
1027909,8
1027946,6
1027947,5
1028018,38
1028021,5
1028112,15
1028113,6
1028121,6
1028186,6
1028293,30
1028297,298
1028337,33
1028382,8
1028392,17
1028393,7
1028397,7
1028406,10
1028433,14
1028474,60
1028504,9
1028514,8
1028516,10
1028517,8
1028522,5
1028577,6
1028599,15
1028605,7
1028611,6
1028706,14
1028783,6
1028788,19
1028790,28
1028827,6
1028850,93
1028899,67
1028901,11
1028922,59
1028924,7
1028957,35
1028973,9
1028984,6
1029079,12
1029088,21
1029109,10
1029174,8
1029267,6
1029272,6
1029297,15
1029329,7
1029346,20
1029388,8
1029495,8
1029512,9
1029518,5
1029523,228
1029548,5
1029573,27
1029582,7
1029590,6
1029615,7
1029621,10
1029654,6
1029666,8
1029703,6
1029722,141
1029735,35
1029745,7
1029755,8
1029761,25
1029832,9
1029850,14
1029851,16
1029856,11
1029862,9
1029866,7
1029886,6
1029933,1063
1029991,13
1029994,73
1030064,10
1030068,8
1030077,9
1030116,12
1030185,18
1030210,6
1030235,7
1030273,15
1030361,107
1030380,7
1030389,67
1030393,6
1030407,12
1030429,8
1030444,6
1030447,18
1030461,9
1030504,13
1030522,22
1030523,42
1030542,8
1030561,8
1030643,14
1030644,10
1030665,6
1030666,6
1030682,7
1030746,8
1030953,15
1030964,7
1030985,6
1031046,27
1031067,5
1031093,13
1031097,8
1031108,8
1031127,6
1031175,11
1031249,78
1031301,6
1031311,29
1031326,15
1031370,8
1031412,13
1031441,6
1031482,6
1031527,12
1031559,5
1031572,14
1031657,8
1031664,7
1031680,7
1031749,12
1031752,6
1031771,81
1031813,20
1031816,5
1031859,10
1031873,14
1031885,9
1031917,12
1031918,13
1031924,6
1031925,5
1031973,5
1032031,12
1032057,8
1032091,41
1032097,9
1032227,109
1032232,13
1032284,6
1032287,6
1032298,7
1032323,29
1032336,12
1032349,13
1032359,5
1032367,86
1032369,16
1032403,7
1032420,9
1032493,15
1032496,53
1032575,20
1032580,11
1032610,21
1032630,5
1032681,7
1032687,6
1032712,5
1032770,13
1032814,10
1032819,6
1032859,6624
1032869,12
1032872,7
1033029,8
1033038,13
1033062,93
1033081,6
1033109,7
1033129,9
1033132,5
1033161,8
1033236,191
1033241,6
1033263,5
1033267,25
1033269,14
1033281,13
1033292,6
1033308,6
1033320,9
1033367,26
1033374,8
1033407,6
1033426,9
1033431,6
1033439,6
1033448,27
1033539,12
1033544,8
1033633,81
1033667,23
1033738,17
1033750,13
1033797,10
1033817,88
1033818,5
1033843,7
1033917,6
1034061,8
1034115,83
1034116,12
1034140,6
1034169,8
1034183,31
1034184,28
1034186,88
1034233,22
1034254,7
1034297,11
1034304,6
1034326,31
1034327,8
1034367,8
1034391,47
1034449,7
1034512,32
1034539,22
1034545,70
1034546,7
1034554,15
1034606,5
1034608,12
1034628,8
1034824,6
1034834,5
1034884,7
1034932,7
1034945,8
1034990,8
1034994,7
1035003,5
1035043,7
1035047,9
1035051,6
1035071,7
1035073,6
1035133,6
1035172,27
1035247,7
1035270,9
1035272,6
1035299,6
1035379,6
1035395,6
1035399,19
1035408,11
1035480,6
1035484,21
1035496,5
1035520,8
1035569,8
1035570,5
1035631,6
1035635,11
1035655,19
1035656,10
1035661,6
1035675,7
1035788,6
1035790,7
1035811,9
1035830,9
1035847,7
1035887,13
1035908,16
1035936,52
1036006,6
1036026,41
1036067,7
1036069,6
1036076,19
1036135,10
1036138,13
1036162,9
1036196,7
1036209,16
1036235,15
1036290,11
1036304,29
1036308,460
1036327,376
1036332,21
1036333,12
1036348,11
1036363,23
1036385,6
1036392,6
1036447,24
1036489,17
1036508,32
1036544,11
1036556,7
1036561,9
1036571,6
1036655,8
1036666,5
1036758,7
1036799,6
1036821,28
1036846,7
1036930,23
1037011,8
1037077,14
1037136,7
1037138,6
1037153,9
1037175,6
1037206,6
1037226,46
1037266,5
1037268,46
1037377,5
1037459,22
1037477,6
1037527,27
1037606,8
1037621,20
1037622,10
1037639,6
1037648,221
1037657,5
1037661,6
1037704,7
1037716,5
1037760,7
1037814,95
1037836,8
1037842,8
1037859,51
1037883,2294
1037909,8
1037939,6
1037941,5
1037947,40
1037977,9
1038005,6
1038114,12
1038132,11
1038157,9
1038195,20
1038296,6
1038364,27
1038417,15
1038434,7
1038436,65
1038446,6
1038464,5
1038501,12
1038513,20
1038521,13
1038554,29
1038614,6
1038645,6
1038669,10
1038672,9
1038696,7
1038749,14
1038780,7
1038782,6
1038786,8
1038902,11
1038947,8
1039082,48
1039129,23
1039141,8
1039146,10
1039219,5
1039226,31
1039231,45
1039243,6
1039258,6
1039282,7
1039337,6
1039354,54
1039396,10
1039403,6
1039406,33
1039410,14
1039418,12
1039444,8
1039445,36
1039460,6
1039463,5
1039475,6
1039506,9
1039527,108
1039554,16
1039555,6
1039564,6
1039587,7
1039594,8
1039722,881
1039731,8
1039734,37
1039749,26
1039804,8
1039819,16
1039867,14
1039880,6
1039882,6
1039890,10
1039936,9
1039968,6
1040018,86
1040026,9
1040173,54
1040194,8
1040291,7
1040312,11
1040318,17
1040337,25
1040338,5
1040353,8
1040431,19
1040432,5
1040464,18
1040465,7
1040484,103
1040537,10
1040552,7
1040562,7
1040566,7
1040609,10
1040686,9
1040689,25
1040710,39
1040758,6
1040763,8
1040778,6
1040800,27
1040812,10
1040844,8
1040907,7
1040913,10
1040914,31
1040936,11
1040947,21
1040984,6
1041098,7
1041179,19
1041197,6
1041200,7
1041201,18
1041206,9
1041229,20
1041242,6
1041245,107
1041263,9
1041274,6
1041302,14
1041354,13
1041440,6
1041472,43
1041577,5
1041617,38
1041653,5
1041688,6
1041700,10
1041714,6
1041734,7
1041745,15
1041775,242
1041787,22
1041836,9
1041855,6
1041906,22
1041917,10
1041934,6
1041970,13
1041973,7
1041975,12
1041985,14
1042030,6
1042040,12
1042043,11
1042131,12
1042136,75
1042170,13
1042244,78
1042323,5
1042326,9
1042372,5
1042412,6
1042421,5
1042446,10
1042459,11
1042461,10
1042462,7
1042506,15
1042535,8
1042546,8
1042558,26
1042627,6
1042639,11
1042652,6
1042719,6
1042721,12
1042733,28
1042734,37
1042737,33
1042755,10
1042775,7
1042782,7
1042841,15
1042940,7
1042946,9
1043098,23
1043099,9
1043107,6
1043134,25
1043157,11
1043209,11
1043227,6
1043247,36
1043269,19
1043297,6
1043311,11
1043341,7
1043347,31
1043366,73
1043389,82
1043393,53
1043412,8
1043429,7
1043438,6
1043448,78
1043471,7
1043492,13
1043518,50
1043541,114
1043578,6
1043594,10
1043613,7
1043614,7
1043623,35
1043624,26
1043628,5
1043665,6
1043732,8
1043774,28
1043791,13
1043880,7
1043923,5
1043980,21
1044089,37
1044097,22
1044110,6
1044165,10
1044218,5
1044222,14
1044229,12
1044238,21
1044241,9
1044252,5
1044259,12
1044268,12
1044328,111
1044329,14
1044350,6
1044403,38
1044506,5
1044540,10
1044554,127
1044570,7
1044667,6
1044687,6
1044701,10
1044715,48
1044716,13
1044727,9
1044800,8
1044811,7
1044848,7
1044879,9
1044925,23
1044939,16
1044941,7
1044990,5
1045037,7
1045085,20
1045115,30
1045125,15
1045153,6
1045159,10
1045179,9
1045200,19
1045203,13
1045236,14
1045376,7
1045395,8
1045419,7
1045494,23
1045509,13
1045538,9
1045577,10
1045581,26
1045706,8
1045726,11
1045730,6
1045736,267
1045741,21
1045889,11
1045892,15
1045931,56
1045981,26
1046100,7
1046167,26
1046176,6
1046191,10
1046199,29
1046294,9
1046328,10
1046332,9
1046348,31
1046513,6
1046597,7
1046638,6
1046645,2753
1046660,6
1046702,5
1046715,160
1046716,11
1046718,6
1046719,48
1046737,13
1046750,10
1046752,6
1046831,16
1046839,6
1046845,5
1046955,6
1047008,31
1047016,6
1047072,5
1047082,7
1047087,9
1047124,13
1047133,35
1047261,7
1047279,10
1047314,7
1047332,6
1047373,9
1047467,7
1047520,16
1047550,22
1047557,10
1047606,5
1047635,10
1047656,52
1047680,10
1047709,44
1047858,9
1047873,7
1047895,12
1047924,7
1047928,14
1047978,11
1047982,10
1047991,50
1047997,16
1048019,9
1048022,17
1048055,6
1048146,6
1048170,12
1048184,7
1048226,7
1048279,14
1048325,6
1048329,19
1048362,68
1048372,13
1048456,15
1048478,13
1048493,10
1048508,6
1048573,10
1048626,12
1048655,13
1048725,26
1048741,10
1048788,23
1048790,8
1048794,6
1048805,9
1048815,10
1048827,7
1048875,6
1048924,19
1048926,6
1048949,6
1048958,9
1048961,17
1048972,11
1048995,14
1049011,8
1049012,8
1049085,27
1049087,7
1049105,7
1049133,14
1049205,118
1049236,36
1049256,6
1049260,5
1049264,28
1049273,8
1049275,13
1049293,9
1049332,7
1049345,15
1049366,5
1049410,6
1049425,57
1049522,6
1049570,10
1049580,38
1049607,6
1049635,16
1049687,7
1049688,5
1049704,6
1049705,7
1049750,10
1049752,11
1049754,10
1049899,9
1049996,19
1050018,6
1050020,11
1050077,6
1050122,6
1050124,14
1050232,7
1050261,10
1050272,10
1050327,10
1050428,8
1050461,14
1050465,8
1050501,10
1050504,10
1050517,309
1050526,6
1050555,15
1050563,8
1050595,8
1050624,7
1050634,16
1050641,17
1050644,6
1050653,6
1050663,11
1050696,13
1050766,9
1050799,99
1050802,8
1050850,6
1050863,37
1050910,8
1050912,8
1050934,20
1050958,9
1050959,11
1050964,9
1051095,8
1051151,6
1051162,9
1051176,9
1051221,7
1051239,15
1051245,17
1051254,5
1051351,8
1051353,14
1051397,399
1051401,18
1051413,37
1051501,9
1051532,10
1051564,5
1051572,19
1051585,6
1051637,10
1051663,11
1051689,6
1051701,7
1051713,6
1051741,16
1051784,12
1051880,14
1051884,27
1051886,12
1051938,7
1051939,262
1051949,12
1052046,18
1052083,12
1052103,23
1052107,6
1052113,5
1052129,8
1052130,11
1052137,18
1052247,6
1052251,13
1052252,5
1052260,22
1052262,11
1052263,5
1052296,15
1052416,7
1052421,26
1052431,8
1052494,9
1052538,243
1052564,11
1052566,24
1052582,9
1052614,15
1052625,17
1052655,16
1052660,6
1052761,48
1052800,6
1052821,6
1052852,18
1052884,25
1052892,20
1052902,88
1052929,18
1052946,62
1052965,11
1052992,11
1053021,35
1053022,46
1053064,6
1053094,9
1053123,10
1053183,11
1053189,6
1053239,38
1053251,6
1053280,10
1053289,13
1053384,8
1053426,25
1053480,7
1053505,7
1053509,65
1053510,21
1053559,79
1053669,6
1053730,6
1053744,5
1053753,6
1053787,7
1053801,13
1053802,5
1053834,10
1053867,5
1053888,7
1053898,7
1053900,16
1053909,17
1053999,8
1054004,6
1054007,8
1054029,31
1054031,5
1054040,6
1054083,9
1054147,12
1054179,8
1054212,8
1054235,10
1054261,23
1054288,22
1054316,6
1054322,16
1054325,32
1054333,17
1054338,12
1054366,14
1054375,7
1054386,27
1054403,6
1054412,13
1054421,67
1054437,14
1054461,13
1054463,7
1054492,6
1054495,6
1054532,5
1054604,14
1054630,8
1054633,8
1054707,9
1054744,33
1054789,9
1054800,6
1054832,13
1054858,6
1054865,12
1054967,8
1055033,13
1055061,8
1055129,8
1055161,20
1055220,5
1055236,5
1055251,21
1055269,6
1055276,10
1055343,7
1055386,10
1055415,8
1055447,9
1055469,6
1055480,11
1055501,7
1055506,9
1055524,253
1055549,9
1055553,10
1055568,9
1055582,7
1055584,24
1055638,25
1055642,148
1055678,6
1055685,5
1055688,432
1055689,7
1055721,38
1055745,12
1055755,6
1055791,15
1055813,8
1055814,22
1055888,8
1055918,9
1055936,7
1055945,21
1055955,8
1055970,6
1055975,9
1056024,15
1056059,7
1056068,15
1056110,14
1056237,6
1056313,30
1056319,8
1056341,7
1056360,15
1056393,10
1056434,16
1056467,16
1056517,12
1056548,6
1056637,41
1056643,5
1056690,6
1056754,25
1056766,7
1056776,11
1056802,32
1056858,10
1056884,9
1056924,7
1056990,8
1057018,8
1057053,18
1057116,7
1057147,9
1057160,8
1057178,288
1057225,36
1057253,6
1057267,8
1057286,20
1057294,59
1057329,44
1057391,8
1057437,6
1057447,44
1057449,28
1057473,9
1057525,8
1057552,13
1057607,6
1057680,7
1057718,7
1057786,8
1057799,980
1057808,13
1057821,18
1057836,6
1057850,9
1057971,6
1058002,20
1058073,10
1058082,7
1058121,7
1058155,5
1058187,7
1058304,6
1058353,30
1058357,8
1058404,6
1058405,9
1058468,13
1058486,82
1058491,7
1058505,17
1058567,7
1058578,19
1058611,10
1058705,41
1058722,9
1058724,47
1058727,6
1058758,19
1058764,6
1058793,5
1058796,7
1058840,5
1058853,8
1058864,19
1058875,5
1058898,11
1058916,6
1058983,8
1059017,8
1059050,115
1059067,13
1059138,5
1059170,25
1059180,5
1059229,16
1059294,12
1059307,31
1059311,12
1059356,7
1059381,20
1059390,10
1059407,11
1059409,13
1059416,11
1059424,7
1059428,10
1059435,32
1059438,7
1059472,37
1059547,5
1059573,8
1059721,9
1059733,23
1059742,9
1059767,8
1059782,6
1059818,34
1059820,6
1059827,7
1059873,8
1059920,22
1059941,9
1059975,9
1060026,5
1060052,11
1060079,9
1060094,20
1060124,6
1060128,20
1060183,6
1060216,16
1060253,6
1060274,9
1060321,7
1060336,20
1060345,51
1060361,13
1060390,6
1060411,16
1060440,6
1060469,8
1060499,20
1060528,10
1060579,7
1060583,8
1060709,92
1060753,26
1060797,9
1060801,46
1060826,26
1060851,7
1060853,7
1060909,6
1060925,6
1060941,16
1060953,6
1060954,11
1060961,8
1060983,9
1061009,6
1061011,13
1061026,13
1061036,71
1061039,9
1061041,13
1061068,17
1061083,11
1061139,7
1061171,19
1061238,8
1061271,6
1061303,7
1061349,66
1061402,9
1061405,6
1061466,46
1061506,7
1061513,11
1061534,6
1061559,14
1061569,9
1061575,6
1061581,7
1061584,6
1061589,68
1061625,13
1061636,19
1061674,8
1061680,5
1061708,16
1061743,6
1061749,17
1061756,6
1061853,6
1061907,6
1061908,7
1061910,5
1061949,28
1061972,5
1061973,6
1061974,78
1061999,14
1062009,46
1062017,7
1062047,5
1062077,26
1062170,14
1062177,28
1062184,7
1062233,5
1062234,7
1062242,12
1062302,8
1062315,6
1062331,6
1062345,79
1062358,44
1062376,23
1062388,6
1062424,13
1062439,14
1062448,10
1062457,7
1062476,27
1062481,7
1062625,19
1062626,7
1062704,10
1062716,12
1062738,11
1062750,105
1062762,27
1062790,8
1062824,5
1062848,6
1062903,12
1062933,20
1062948,14
1062964,7
1062970,35
1062978,8
1063000,6
1063001,11
1063047,11
1063082,5
1063149,33
1063205,21
1063331,10
1063341,134
1063370,8
1063395,93
1063408,7
1063413,5
1063463,8
1063546,12
1063570,24
1063644,5
1063652,16
1063721,13
1063801,11
1063869,9
1063926,10
1063933,9
1063940,12
1064071,6
1064134,6
1064142,14
1064233,9
1064242,11
1064243,13
1064259,7
1064287,8
1064315,11
1064387,41
1064388,7
1064398,6
1064422,6
1064451,12
1064474,46
1064569,7
1064627,12
1064654,8
1064667,26
1064732,511
1064737,9
1064738,7
1064786,9
1064788,5
1064906,5
1064942,7
1064959,10
1064969,10
1064983,10
1065029,57
1065054,10
1065060,8
1065063,10
1065145,8
1065254,11
1065268,6
1065286,57
1065295,18
1065308,10
1065351,6
1065371,7
1065453,6
1065508,7
1065558,6
1065568,11
1065572,6
1065612,28
1065637,6
1065674,17
1065715,17
1065729,6
1065748,7
1065813,17
1065825,23
1065865,940
1065868,9
1065911,180
1065943,6
1065944,44
1065999,10
1066003,26
1066064,12
1066089,6
1066100,5
1066109,44
1066115,11
1066137,8
1066183,6
1066194,14
1066222,40
1066252,18
1066271,17
1066310,6
1066320,23
1066342,9
1066356,8
1066409,48
1066442,15
1066454,9
1066509,22
1066534,11
1066612,21
1066696,8
1066716,9
1066736,34
1066745,21
1066761,6
1066764,7
1066788,5
1066798,6
1066850,67
1066932,12
1066938,7
1066963,28
1067002,12
1067005,106
1067013,5
1067033,7
1067054,15
1067080,8
1067097,17
1067130,7
1067223,12
1067295,11
1067314,10
1067352,7
1067413,34
1067427,79
1067440,16
1067461,7
1067489,20
1067540,1670
1067543,12
1067558,7
1067571,6
1067618,7
1067620,27
1067654,7
1067673,37
1067710,6
1067719,9
1067808,15
1067814,9
1067836,6
1067870,8
1067873,20
1067887,6
1067893,6
1067908,29
1067910,13
1067954,26
1068021,6
1068032,6
1068052,7
1068088,7
1068094,9
1068115,8
1068155,8
1068156,5
1068175,8
1068188,5
1068348,7
1068401,22
1068470,10
1068518,8
1068566,10
1068591,115
1068612,32
1068622,47
1068625,7
1068687,17
1068760,22
1068771,6
1068773,376
1068775,10
1068865,7
1068870,31
1068875,5
1068879,5
1068906,6
1068971,17
1068975,10
1068992,6
1069019,12
1069070,6
1069090,6
1069100,11
1069136,7
1069141,6
1069153,30
1069180,82
1069225,11
1069228,6
1069235,5
1069275,6
1069299,10
1069301,30
1069340,12
1069341,11
1069342,73
1069347,15
1069375,6
1069453,6
1069458,7
1069469,7
1069472,207
1069558,8
1069560,7
1069563,6
1069591,8
1069636,36
1069735,6
1069778,11
1069825,5
1069847,5
1069852,46
1069891,8
1069908,6
1069921,7
1069975,11
1069994,8
1070048,9
1070095,5
1070111,10
1070175,6
1070200,5
1070201,5
1070231,40
1070320,7
1070346,7
1070350,7
1070397,15
1070402,11
1070425,5
1070434,7
1070484,6
1070500,17
1070515,5
1070521,10
1070573,7
1070579,8
1070798,8
1070849,13
1070864,8
1070880,7
1070911,6
1070941,5
1071060,7
1071069,10
1071079,6
1071105,21
1071150,14
1071175,6
1071185,19
1071250,17
1071264,16
1071289,9
1071295,6
1071296,6
1071309,8
1071335,7
1071366,18
1071399,19
1071472,22
1071632,25
1071682,11
1071748,6
1071792,14
1071800,30
1071839,6
1071864,21
1071942,11
1071985,24
1072023,7
1072028,445
1072064,10
1072145,6
1072146,14
1072199,12
1072253,6
1072344,16
1072476,9
1072508,67
1072520,80
1072541,18
1072555,38
1072559,12
1072564,10
1072575,23
1072674,8
1072724,9
1072757,13
1072760,5
1072789,11
1072801,6
1072814,56
1072821,47
1072822,5
1072839,14
1072900,7
1072925,7
1072935,17
1072944,6
1072997,25
1073023,13
1073133,23
1073134,7
1073314,17
1073364,8
1073365,5
1073411,10
1073487,31
1073508,7
1073527,13
1073529,21
1073606,20
1073632,6
1073661,15
1073662,24
1073716,11
1073724,8
1073753,7
1073754,123
1073780,10
1073814,40
1073823,12
1073825,7
1073829,5
1073851,5
1073852,5
1073894,8
1073966,6
1073971,7
1073981,12
1073995,20
1073997,18
1074006,12
1074007,11
1074013,19
1074035,13
1074036,7
1074052,8
1074057,7
1074068,13
1074075,9
1074106,7
1074129,12
1074147,9
1074206,29
1074207,12
1074229,11
1074232,13
1074292,34
1074315,19
1074340,8
1074355,12
1074378,14
1074415,118
1074425,5
1074439,13
1074441,12
1074448,36
1074458,7
1074544,6
1074566,53
1074664,41
1074686,11
1074687,10
1074707,6
1074708,17
1074720,6
1074745,94
1074757,60
1074811,8
1074842,33
1074882,31
1074919,7
1074925,7
1074941,30
1074963,16
1074982,8
1075012,7
1075030,6
1075097,5
1075106,6
1075115,6
1075141,39
1075191,39
1075275,8
1075302,422
1075330,11
1075432,5
1075453,53
1075462,10
1075565,12
1075619,9
1075664,5
1075694,27
1075706,9
1075809,10
1075822,9
1075824,5
1075876,7
1075953,28
1075969,11
1076065,35
1076088,11
1076107,6
1076110,6
1076140,33
1076217,8
1076254,23
1076282,15
1076327,11
1076354,12
1076356,70
1076374,6
1076381,10
1076424,8
1076434,9
1076472,10
1076544,7
1076595,7
1076693,7
1076711,6
1076737,8
1076787,6
1076798,22
1076805,25
1076839,7
1076873,19
1076988,13
1077013,6
1077020,6
1077029,7
1077047,43
1077066,11
1077070,19
1077099,14
1077121,15
1077223,6
1077226,45
1077261,13
1077369,5
1077374,6
1077377,6
1077380,24
1077407,5
1077422,19
1077454,10
1077475,37
1077526,7
1077552,20
1077570,38
1077637,6
1077668,10
1077684,10
1077685,7
1077686,9
1077738,129
1077757,6
1077758,10
1077770,18
1077775,7
1077787,29
1077803,11
1077827,10
1077844,7
1077926,9
1077931,7
1077942,12
1077998,9
1078003,26
1078061,15
1078072,7
1078128,13
1078168,9
1078195,13
1078214,6
1078286,7
1078331,34
1078347,8
1078353,7
1078420,7
1078561,9
1078605,23
1078609,9
1078620,8
1078625,11
1078645,6
1078647,9
1078653,13
1078669,5
1078747,10
1078756,10
1078791,6
1078797,8
1078845,21
1078867,11
1078960,7
1079002,7
1079005,11
1079025,7
1079035,8
1079050,15
1079051,9
1079076,93
1079083,104
1079092,8
1079104,12
1079147,7
1079310,12
1079368,15
1079392,7
1079393,12
1079409,5
1079420,9
1079426,7
1079442,15
1079452,12
1079488,380
1079494,6
1079514,7
1079541,85
1079542,13
1079579,8
1079594,22
1079610,14
1079649,7
1079730,29
1079814,6
1079828,7
1079874,7
1079879,7
1079902,18
1080029,5
1080049,7
1080050,7
1080052,145
1080070,9
1080123,8
1080187,240
1080190,6
1080237,6
1080327,5
1080350,11
1080360,11
1080407,10
1080446,6
1080462,6
1080463,13
1080495,5
1080549,15
1080551,5
1080553,16
1080568,5
1080594,8
1080663,5
1080705,14
1080715,255
1080770,18
1080832,6
1080843,37
1080881,16
1080929,21
1080930,46
1080955,5
1080986,13
1081057,20
1081103,12
1081113,5
1081132,6
1081162,27
1081179,10
1081221,6
1081252,5
1081258,18
1081260,12
1081277,7
1081305,6
1081316,7
1081390,445
1081487,6
1081506,12
1081541,5
1081546,54
1081561,25
1081569,8
1081577,13
1081586,11
1081592,6
1081687,6
1081743,6
1081745,5
1081764,16
1081771,6
1081819,7
1081826,17
1081835,23
1081941,33
1081952,11
1081988,16
1081990,13
1082025,189
1082078,6
1082125,111
1082135,6
1082149,11
1082183,22
1082198,32
1082246,158
1082285,23
1082309,14
1082340,16
1082349,65
1082367,17
1082394,71
1082412,23
1082470,5
1082482,22
1082514,11
1082554,7
1082606,12
1082620,12
1082663,7
1082723,20
1082738,8
1082751,11
1082953,5
1082987,13
1083055,8
1083076,5
1083143,6
1083185,24
1083200,11
1083251,17
1083270,10
1083296,32
1083369,6
1083428,46
1083455,11
1083468,8
1083470,45
1083580,11
1083598,6
1083600,12
1083669,7
1083676,8
1083687,43
1083737,20
1083741,31
1083824,10
1083856,7
1083857,14
1083889,53
1083913,5
1083923,24
1083989,6
1083996,5
1084008,7
1084075,30
1084119,7
1084139,6
1084194,5
1084206,11
1084213,25
1084216,12
1084279,5
1084318,5
1084330,6
1084368,41
1084393,11
1084406,9
1084414,247
1084439,26
1084467,43
1084527,7
1084550,7
1084557,6
1084620,55
1084657,8
1084741,33
1084742,10
1084770,8
1084789,12
1084808,7
1084842,6
1084885,13
1084897,24
1084909,6
1084996,28
1085001,6
1085013,7
1085088,28
1085128,10
1085132,5
1085145,8
1085148,8
1085177,107
1085274,6
1085330,6
1085338,14
1085393,41
1085398,6
1085399,7
1085463,488
1085569,8
1085632,10
1085640,12
1085673,6
1085702,5
1085708,135
1085719,21
1085748,8
1085752,13
1085797,7
1085798,7
1085810,6
1085851,5
1085852,8
1085860,6
1085920,5
1085947,7
1085987,5
1086072,25
1086082,8
1086094,22
1086112,6
1086117,5
1086126,6
1086180,6
1086189,7
1086209,7
1086220,12
1086233,13
1086269,9
1086271,5
1086285,8
1086294,7
1086354,14
1086366,15
1086373,9
1086379,16
1086404,21
1086432,10
1086433,10
1086465,11
1086467,39
1086473,5
1086481,52
1086493,7
1086496,7
1086516,10
1086541,7
1086594,6
1086605,7
1086660,10
1086661,10
1086665,7
1086688,11
1086703,6
1086766,6
1086804,11
1086805,113
1086828,8
1086902,6
1086944,8
1086981,6
1087009,130
1087010,9
1087025,6
1087071,123
1087201,8
1087211,11
1087228,12
1087234,40
1087279,26
1087356,5
1087385,7
1087414,8
1087461,13
1087465,9
1087526,11
1087529,5
1087581,7
1087617,52
1087628,101
1087684,5
1087690,5
1087708,12
1087711,15
1087737,29
1087814,7
1087836,11
1087879,9
1087901,44
1087937,458
1087957,9
1088086,5
1088094,8
1088169,8
1088206,46
1088243,11
1088244,8
1088266,6
1088274,9
1088310,12
1088333,53
1088340,8
1088360,9
1088362,6
1088387,5
1088428,21
1088439,6
1088440,21
1088453,9
1088465,6
1088505,28
1088578,10
1088581,6
1088631,11
1088633,45
1088639,6
1088669,19
1088675,8
1088679,10
1088698,13
1088775,9
1088799,6
1088832,44
1088843,6
1088871,10639
1088872,6
1088877,6
1088916,26
1088946,16
1088974,5
1088995,9
1089011,55
1089025,91
1089040,8
1089044,5
1089151,10
1089160,14
1089163,11
1089236,124
1089252,9
1089261,6
1089314,10
1089318,10
1089346,421
1089471,9
1089497,12
1089498,6
1089527,7
1089551,9
1089591,13
1089624,7
1089666,8
1089691,45
1089792,40
1089799,41
1089827,31
1089834,8
1089858,6
1089886,13
1089888,11
1089915,7
1089994,7
1089996,8
1090006,11
1090017,6
1090069,14
1090103,524
1090127,6
1090147,12
1090154,92
1090161,7
1090187,12
1090311,20
1090370,11
1090384,9
1090393,19
1090415,9
1090433,12
1090476,9
1090485,27
1090544,7
1090552,10
1090553,62
1090595,9
1090628,9
1090764,8
1090839,8
1090848,13
1090927,187
1090975,9
1091015,6
1091028,11
1091045,7
1091126,11
1091162,6
1091177,6
1091242,17
1091249,10
1091266,5
1091286,5
1091301,10
1091343,9
1091373,23
1091379,43
1091408,16
1091414,7
1091418,13
1091435,6
1091447,8
1091449,22
1091535,8
1091585,10
1091595,9
1091673,7
1091675,8
1091717,14
1091762,24
1091779,47
1091819,348
1091820,6
1091831,443
1091841,7
1091866,6
1091896,13
1091940,18
1091948,10
1091968,20
1091969,6
1092020,6
1092044,6
1092049,6
1092052,5
1092129,6
1092152,8
1092170,6
1092172,8
1092190,16
1092273,6
1092277,11
1092285,5
1092292,382
1092368,10
1092434,159
1092491,8
1092492,17
1092509,23
1092516,14
1092518,8
1092614,8
1092624,6
1092632,12
1092637,28
1092665,6
1092682,12
1092703,15
1092775,50
1092809,8
1092923,29
1092926,13
1093088,6
1093146,8
1093203,14
1093221,9
1093240,33
1093251,7
1093298,8
1093306,7
1093364,6
1093365,8
1093417,5
1093418,6
1093424,7
1093437,8
1093505,18
1093515,8
1093651,8
1093678,8
1093682,24
1093727,47
1093752,10
1093787,12
1093806,11
1093823,9
1093900,7
1093973,7
1093984,8
1094046,33
1094098,1174
1094102,9
1094111,15
1094114,200
1094118,7
1094147,10
1094218,8
1094224,7
1094318,5
1094328,644
1094341,183
1094373,41
1094374,32
1094453,9
1094469,30
1094474,7
1094479,10
1094489,6
1094500,16
1094700,6
1094704,8
1094719,6
1094724,6
1094737,7
1094740,9
1094800,6
1094832,7
1094840,9
1094892,8
1094930,9
1094988,7
1095035,12
1095048,7
1095055,7
1095067,11
1095089,80
1095148,59
1095186,11
1095231,14
1095238,8
1095252,9
1095282,11
1095291,77
1095301,9
1095311,9
1095327,6
1095338,8
1095371,17
1095373,7
1095392,6
1095422,6
1095423,6
1095464,7
1095468,18
1095502,20
1095509,10
1095521,16
1095522,9
1095565,5
1095625,20
1095680,9
1095683,9
1095692,8
1095699,21
1095781,11
1095816,67
1095840,6
1095877,7
1095901,10
1095902,18
1095993,6
1096024,18
1096038,15
1096059,9
1096078,24
1096137,11
1096225,692
1096255,16
1096270,23
1096277,12
1096302,9
1096305,6
1096327,13
1096338,67
1096350,7
1096362,10
1096367,10
1096458,50
1096462,26
1096474,6
1096485,5
1096489,11
1096496,7
1096558,197
1096605,17
1096613,5
1096619,579
1096662,11
1096666,6
1096669,30
1096692,109
1096714,6
1096716,5
1096723,6
1096751,25
1096753,16
1096836,6
1096839,12
1096844,8
1096859,9
1096864,15
1096875,44
1096946,14
1096999,8
1097011,48
1097017,7
1097033,7
1097054,11
1097068,5
1097095,6
1097111,7
1097119,11
1097141,7
1097156,6
1097171,12
1097196,6
1097213,7
1097221,9
1097255,13
1097266,12
1097298,6
1097312,9
1097332,1490
1097346,8
1097364,9
1097371,14
1097377,6
1097387,8
1097395,15
1097400,16
1097417,8
1097474,6
1097507,9
1097521,6
1097534,5
1097553,13
1097592,6
1097601,8
1097651,5
1097656,462
1097663,38
1097668,17
1097690,6
1097758,100
1097777,11
1097803,15
1097878,31
1097936,9
1097995,7
1098025,7
1098044,7
1098105,6
1098178,8
1098193,7
1098208,21
1098266,11
1098306,166
1098330,20
1098359,7
1098373,6
1098425,73
1098451,53
1098481,11
1098496,10
1098575,21
1098609,27
1098616,6
1098696,7
1098743,5
1098760,9
1098761,11
1098762,8
1098773,5
1098794,13
1098849,9
1098853,15
1098947,5
1098976,30
1099042,13
1099078,6
1099146,8
1099153,40
1099172,8
1099204,9
1099251,6
1099283,7
1099284,11
1099287,29
1099310,15
1099312,29
1099421,5
1099438,7
1099496,56
1099563,10
1099567,102
1099588,6
1099602,10
1099709,13
1099749,17
1099751,8
1099791,14
1099794,5
1099795,6
1099813,8
1099856,97
1099898,158
1099899,7
1099906,10
1099912,6
1099928,36
1099968,18
1099974,7
1099975,13
1099982,76
1100021,8
1100022,6
1100084,7
1100093,30
1100108,16
1100133,6
1100255,10
1100299,6
1100301,12
1100323,10
1100333,7
1100336,5
1100346,17
1100367,9
1100418,17
1100438,7
1100479,5
1100490,11
1100532,5
1100573,7
1100639,14
1100693,8
1100740,7
1100791,10
1100795,8
1100796,6
1100802,6
1100878,21
1100893,34
1100948,12
1101017,1406
1101024,17
1101055,13
1101062,7
1101101,7
1101102,6
1101112,6
1101139,40
1101158,7
1101189,5
1101226,7
1101229,7
1101293,25
1101303,7
1101331,5
1101350,28
1101351,8
1101364,9
1101397,31
1101424,20
1101446,13
1101508,15
1101524,11
1101635,15
1101649,17
1101756,25
1101783,12
1101786,7
1101791,16
1101804,7
1101806,10
1101811,8
1101829,44
1101845,11
1101855,19
1101856,7
1102038,6
1102061,6
1102106,6
1102120,7
1102132,16
1102168,6
1102213,7
1102216,14
1102218,5
1102295,9
1102306,7
1102394,12
1102511,12
1102523,5
1102524,6
1102536,9
1102541,14
1102562,5
1102622,19
1102632,6
1102709,35
1102769,11
1102774,5
1102834,7
1102928,6
1102998,6
1103040,6
1103130,11
1103139,18
1103245,10
1103257,9
1103369,7
1103382,30
1103391,7
1103392,11
1103410,14
1103419,9
1103440,6
1103449,8
1103460,19
1103480,18
1103481,5
1103498,7
1103537,14
1103585,5
1103621,30
1103644,8
1103645,8
1103664,14
1103696,14
1103717,9
1103756,6
1103760,5
1103768,12
1103812,12
1103884,11
1103890,47
1103968,33
1103969,16
1104020,9
1104074,39
1104118,6
1104191,14
1104192,26
1104314,32
1104372,132
1104425,29
1104429,12
1104464,13
1104596,31
1104622,12
1104632,5
1104683,17
1104735,16
1104753,53
1104779,13
1104784,42
1104798,37
1104802,15
1104805,29
1104808,12
1104830,15
1104841,7
1104849,42
1104874,52
1104906,8
1104937,13
1104946,13
1104947,9
1104966,7
1104977,12
1104995,6
1105012,10
1105027,12
1105088,6
1105097,7
1105105,18
1105115,10
1105122,10
1105166,5
1105199,10
1105209,6
1105236,11
1105291,65
1105314,6
1105320,16
1105354,9
1105363,18
1105420,7
1105435,5
1105555,62
1105565,18
1105598,327
1105736,6
1105744,12
1105748,64
1105757,12
1105779,7
1105787,8
1105816,171
1105833,6
1105854,14
1105866,6
1105875,13
1105930,7
1105968,116
1106003,6
1106055,6
1106062,11
1106073,12
1106074,6
1106093,28
1106098,8
1106104,6
1106123,15
1106153,34
1106199,65
1106228,6
1106242,18
1106270,9
1106301,27
1106313,9
1106322,72
1106357,6
1106394,5
1106409,726
1106468,10
1106534,6
1106596,7
1106614,13
1106629,7
1106660,8
1106685,5
1106722,8
1106767,7
1106795,9
1106841,10
1106866,9
1106953,7
1106954,10
1106979,7
1106981,7
1107039,6
1107086,8
1107094,7
1107096,6
1107147,10
1107152,5
1107166,211
1107167,5
1107171,5
1107267,30
1107268,13
1107277,24
1107308,24
1107315,10
1107389,15
1107394,11
1107552,6
1107606,7
1107657,37
1107701,6
1107703,7
1107727,23
1107737,23
1107738,9
1107746,9
1107763,511
1107910,6
1107962,8
1107985,13
1107987,41
1108080,25
1108112,9
1108151,104
1108161,8
1108162,6
1108176,7
1108199,7
1108258,8
1108334,19
1108335,5
1108338,5
1108356,7
1108369,11
1108439,5
1108450,12
1108465,12
1108492,10
1108508,17
1108509,7
1108528,14
1108633,6
1108640,39
1108655,9
1108709,15
1108727,5
1108794,5
1108819,26
1108825,8
1108936,15
1108947,5
1108953,16
1108989,13
1109036,5
1109049,87
1109061,9
1109147,8
1109152,6
1109170,5
1109179,5
1109214,16
1109223,5
1109226,11
1109228,8
1109259,12
1109260,6
1109266,8
1109283,5
1109318,7
1109353,7
1109401,7
1109415,19
1109477,6
1109498,8
1109537,18
1109626,8
1109648,6
1109687,6
1109716,10
1109780,11
1109782,7
1109802,8
1109926,6
1109936,8
1109980,8
1109988,14
1110011,13
1110086,8
1110101,7
1110108,10
1110161,39
1110167,43
1110186,7
1110207,41
1110213,10
1110280,8
1110287,7
1110382,9
1110384,69
1110399,12
1110404,149
1110437,7
1110442,10
1110443,6
1110467,6
1110477,42
1110513,6
1110538,11
1110541,81
1110553,10
1110560,12
1110636,10
1110678,6
1110685,6
1110722,9
1110743,9
1110746,6
1110782,6
1110786,5
1110789,30
1110837,7
1110842,5
1110869,9
1110896,6
1110909,41
1110929,14
1110944,6
1110991,13
1111027,69
1111039,15
1111040,6
1111051,8
1111114,150
1111136,8
1111171,9
1111175,24
1111202,13
1111286,8
1111305,10
1111321,28
1111449,9
1111509,8
1111518,11
1111649,26
1111686,110
1111760,17
1111798,11
1111833,11
1111855,8
1111918,12
1111945,5
1111950,6
1111986,11
1111991,6
1112026,5
1112079,8
1112101,20
1112156,39
1112158,35
1112170,13
1112202,17
1112280,32
1112294,54
1112318,6
1112340,9
1112342,10
1112347,286
1112371,40
1112406,5
1112532,17
1112579,9
1112616,7
1112677,18
1112680,7
1112760,7
1112776,12
1112783,8
1112834,9
1112874,10
1112909,229
1112917,11
1112922,6
1112924,17
1112997,15
1113001,6
1113027,19
1113033,35
1113083,44
1113136,6
1113184,39
1113185,90
1113278,7
1113312,7
1113336,6
1113373,7
1113379,32
1113396,14
1113470,9
1113485,7
1113492,12
1113533,7
1113535,5
1113539,6
1113606,18
1113611,5
1113612,8
1113691,7
1113727,8
1113747,6
1113775,7
1113776,6
1113803,16
1113811,8
1113827,6
1113836,488
1113897,6
1113901,29
1113911,8
1113975,12
1114046,12
1114062,6
1114113,6
1114150,38
1114156,8
1114157,14
1114161,16
1114182,21
1114197,16
1114229,5
1114235,6
1114266,6
1114297,9
1114313,9
1114315,6
1114341,14
1114361,5
1114371,6
1114384,6
1114437,97
1114481,5
1114501,5
1114502,53
1114523,14
1114619,8
1114676,9
1114708,7
1114762,6
1114796,7
1114818,7
1114860,7
1114866,40
1114918,9
1114929,30
1114938,6
1114966,6
1114967,10
1115105,6
1115145,13
1115192,21
1115193,6
1115207,12
1115212,28
1115262,12
1115310,8
1115321,6
1115432,7
1115466,5
1115472,10
1115489,7
1115493,8
1115529,43
1115550,14
1115566,55
1115582,32
1115619,8
1115649,43
1115675,5
1115718,5
1115731,14
1115747,8
1115749,12
1115751,6
1115821,5
1115850,11
1115854,7
1115918,14
1115924,5
1115936,65
1115967,7
1115976,7
1116030,6
1116155,5
1116210,8
1116211,23
1116215,8
1116221,6
1116236,31
1116244,57
1116295,9
1116301,7
1116343,8
1116344,6
1116351,10
1116412,6
1116460,7
1116465,17
1116506,9
1116514,5
1116563,17
1116620,5
1116621,6
1116628,7
1116714,6
1116726,6
1116730,7
1116809,7
1116870,5
1116895,9
1116913,18
1116928,22
1116939,59
1116974,497
1117028,6
1117080,13
1117145,60
1117146,7
1117167,12
1117191,22
1117247,10
1117259,9
1117442,8
1117533,10
1117556,6
1117574,6
1117633,37
1117637,10
1117654,12
1117663,6
1117672,377
1117700,20
1117721,5
1117781,10
1117843,6
1117856,22
1117863,112
1117959,11
1117987,12
1117995,5
1118005,10
1118024,12
1118076,8
1118185,11
1118221,29
1118226,7
1118229,16
1118240,25
1118251,6
1118260,6
1118264,5
1118270,8
1118351,6
1118393,8
1118394,8
1118425,9
1118434,8
1118449,6
1118486,6
1118537,11
1118566,18
1118607,12
1118610,6
1118644,8
1118676,6
1118696,7
1118757,6
1118798,14
1118869,7
1118889,13
1118917,17
1118931,20
1118944,19
1118966,6
1118976,20
1119078,10
1119111,7
1119146,6
1119168,5
1119182,10
1119195,14
1119201,6
1119253,9
1119272,9
1119329,6
1119331,41
1119397,26
1119423,17
1119432,8
1119437,6
1119469,6
1119489,5
1119514,25
1119642,8
1119648,7
1119673,6
1119677,10
1119698,7
1119709,286
1119756,23
1119764,5
1119765,16
1119782,14
1119790,5
1119793,49
1119830,8
1119865,14
1119870,64
1119891,26
1119936,33
1119948,22
1119952,5
1119990,9
1120051,16
1120077,6
1120134,8
1120148,18
1120159,14
1120171,8
1120190,9
1120215,7
1120246,14
1120257,8
1120276,72
1120277,42
1120297,26
1120376,14
1120411,7
1120431,6
1120445,87
1120487,13
1120497,10
1120513,7
1120552,13
1120558,21
1120560,12
1120654,6
1120688,18
1120750,7
1120793,34
1120811,298
1120885,6
1120895,6
1120899,6
1120916,7
1120930,8
1120987,13
1121007,10
1121016,15
1121043,5
1121068,7
1121151,6
1121235,7
1121240,6
1121256,6
1121302,6
1121320,6
1121340,9
1121361,7
1121391,18
1121428,28
1121495,7
1121514,43
1121530,33
1121610,11
1121614,6
1121637,7
1121690,10
1121719,6
1121768,5
1121787,5
1121825,13
1121843,17
1121898,7
1121978,7
1122016,15
1122080,26
1122116,29
1122120,10
1122128,9
1122163,9
1122190,8
1122303,32
1122391,6
1122415,27
1122417,9
1122418,62
1122441,19
1122499,6
1122505,9
1122546,7
1122553,6
1122559,6
1122630,6
1122665,14
1122688,13
1122698,10
1122735,6
1122738,7
1122740,7
1122742,6
1122755,34
1122758,25
1122818,126
1122824,5
1122860,19
1122899,6
1122915,6
1122925,46
1122927,14
1122984,6
1123022,19
1123053,6
1123157,35
1123171,12
1123214,10
1123223,8
1123278,17
1123279,8
1123296,8
1123309,6
1123333,6
1123335,13
1123390,26
1123391,7
1123470,75
1123487,9
1123510,8
1123586,29
1123643,343
1123649,8
1123653,92
1123671,5
1123687,6
1123693,7
1123716,6
1123735,9
1123740,18
1123864,25
1123883,5
1123930,7
1123931,9
1124022,16
1124091,126
1124124,7
1124129,10
1124133,8
1124141,7
1124209,6
1124252,9
1124262,6
1124274,11
1124280,9
1124332,6
1124363,5
1124400,15
1124469,29
1124473,5
1124501,12
1124524,8
1124536,20
1124544,7
1124561,40
1124695,7
1124716,23
1124718,24
1124751,24
1124786,6
1124795,7
1124804,8
1124813,5
1124842,7
1124886,39
1124933,32
1124989,20
1125001,9
1125061,18
1125092,20
1125101,10
1125120,13
1125160,19
1125185,6
1125191,6
1125204,11
1125216,5
1125227,12
1125228,5
1125234,10
1125263,6
1125267,24
1125283,6
1125325,13
1125371,15
1125409,7
1125410,6
1125428,9
1125429,6
1125462,748
1125471,40
1125486,13
1125509,8
1125513,8
1125516,7
1125639,112
1125685,8
1125693,16
1125698,8
1125708,7
1125710,24
1125722,491
1125732,29
1125771,14
1125800,48
1125801,9
1125807,8
1125815,101
1125844,19
1125868,14
1125872,14
1125891,6
1125984,58
1125999,30
1126013,11
1126063,7
1126098,9
1126115,6
1126116,14
1126121,9
1126183,6
1126206,6
1126211,7
1126221,6
1126233,15
1126246,17
1126349,8
1126395,8
1126425,6
1126443,17
1126460,325
1126521,6
1126534,41
1126553,17
1126583,11
1126625,23
1126657,29
1126683,13
1126732,5
1126734,11
1126742,8
1126746,16
1126749,13
1126765,6
1126803,5
1126823,5
1126831,40
1126841,9
1126857,18
1126863,13
1126882,6
1126888,50
1126893,6
1127023,6
1127086,8
1127092,14
1127095,8
1127106,12
1127127,10
1127162,6
1127182,5
1127198,11
1127224,8
1127275,11
1127276,51
1127280,29
1127298,13
1127330,9
1127344,72
1127363,14
1127383,8
1127392,7
1127397,7
1127442,10
1127487,16
1127562,77
1127582,10
1127643,13
1127685,6
1127751,6
1127808,7
1127907,5
1127978,14
1128052,17
1128058,155
1128065,21
1128102,6
1128107,8
1128159,6
1128178,5
1128196,17
1128237,15
1128288,20
1128376,7
1128419,13
1128451,70
1128508,6
1128514,323
1128540,7
1128541,25
1128545,5
1128576,21
1128582,6
1128594,14
1128627,9
1128654,7
1128656,7
1128678,32
1128682,13
1128701,8
1128727,21
1128737,6
1128770,34
1128775,8
1128786,6
1128822,11
1128830,7
1128836,63
1128912,11
1128919,14
1128963,20
1128995,7
1129097,6
1129118,17
1129141,13
1129167,10
1129184,20
1129194,8
1129205,8
1129229,87
1129250,17
1129269,10
1129296,18
1129429,16
1129455,7
1129526,6
1129533,9
1129546,9
1129574,6
1129586,12
1129604,24
1129683,10
1129795,10
1129799,7
1129838,5
1129857,238
1129858,6
1129881,21
1129889,6
1129982,7
1130066,6
1130132,5
1130149,34
1130156,6
1130221,7
1130241,7
1130271,7
1130338,14
1130339,12
1130343,9
1130382,7
1130420,28
1130486,28
1130501,13
1130539,5
1130624,21
1130632,12
1130651,8
1130654,10
1130671,14
1130834,7
1130868,6
1130923,9
1131006,9
1131015,18
1131020,12
1131042,29
1131057,6
1131084,14
1131092,15
1131094,6
1131137,54
1131144,6
1131187,9
1131188,9
1131222,23
1131322,48
1131326,5
1131339,7
1131361,7
1131370,8
1131393,136
1131397,6
1131471,168
1131475,10
1131484,6
1131515,5
1131564,24
1131612,10
1131641,15
1131660,58
1131747,20
1131759,20
1131779,9
1131790,12
1131826,5
1131930,13
1131950,12
1131952,6
1131992,6
1132007,6
1132075,13
1132120,15
1132129,12
1132136,88
1132159,28
1132186,8
1132197,14
1132316,5
1132319,11
1132323,6
1132331,29
1132405,9
1132434,19
1132513,15
1132537,9
1132548,24
1132579,11
1132594,8
1132630,6
1132637,46
1132671,5
1132701,7
1132745,9
1132772,1084
1132773,8
1132783,5
1132851,6
1132873,7
1132877,52
1132894,62
1132929,6
1133081,78
1133086,19
1133087,8
1133156,6
1133167,9
1133190,6
1133210,15
1133219,8
1133241,6
1133284,8
1133333,9
1133341,6
1133359,13
1133414,7
1133447,7
1133475,36
1133505,48
1133567,8
1133635,8
1133728,7
1133783,15
1133788,5
1133798,6
1133888,16
1133973,7
1133992,9
1134004,13
1134029,7
1134044,9
1134051,9
1134069,40
1134072,7
1134110,10297
1134170,9
1134222,12
1134229,8
1134310,11
1134339,33
1134344,6
1134370,7
1134379,7
1134393,16
1134400,6
1134407,10
1134413,5
1134423,8
1134434,12
1134442,8
1134448,88
1134459,6
1134465,7
1134474,21
1134507,18
1134513,7
1134518,5
1134525,5
1134537,10
1134555,8
1134560,7
1134616,9
1134620,11
1134655,6
1134659,6
1134682,6
1134724,8
1134741,6
1134747,86
1134828,17
1134830,6
1134836,8
1134877,17
1134882,29
1134883,35
1134897,7
1134922,20
1134986,5
1134992,7
1134995,22
1135008,19
1135048,6
1135054,14
1135065,8
1135079,6
1135133,12
1135151,19
1135193,8
1135212,7
1135231,147
1135255,10
1135262,25
1135324,7
1135361,84
1135366,22
1135372,5
1135412,8
1135447,6
1135448,6
1135493,6
1135495,5
1135525,9
1135596,7
1135624,23
1135761,6
1135819,6
1135824,14
1135856,5
1135938,5
1135955,7
1135958,6
1136002,15
1136030,9
1136059,8
1136084,36
1136102,6
1136112,5
1136144,7
1136164,16
1136197,13
1136236,19
1136255,10
1136289,15
1136358,6
1136382,12
1136383,12
1136469,5
1136472,10
1136481,6
1136484,5
1136486,8
1136490,14
1136504,6
1136507,12
1136574,6
1136577,13
1136602,8
1136620,87
1136629,8
1136728,9
1136744,17
1136759,7
1136830,25
1136843,6
1136889,15
1136984,15
1137001,9
1137067,13
1137071,7
1137128,13
1137133,10
1137134,10
1137155,5
1137199,15
1137214,10
1137249,19
1137262,5
1137278,6
1137327,12
1137364,19
1137386,9
1137423,6
1137431,10
1137435,5
1137483,15
1137505,9
1137555,6
1137587,6
1137609,11
1137623,89
1137652,28
1137687,5
1137698,27
1137719,7
1137796,7
1137812,6
1137831,6
1137835,8
1137838,6
1137887,8
1137945,7
1137983,39
1138045,9
1138081,6
1138142,5
1138205,21
1138225,6
1138229,8
1138231,14
1138253,8
1138271,5
1138276,15
1138400,17
1138455,6
1138545,6
1138550,9
1138582,7
1138607,8
1138653,7
1138655,7
1138656,6
1138687,6
1138694,7
1138696,6
1138711,8
1138753,17
1138783,18
1138784,10
1138863,25
1138869,15
1138915,25
1138982,23
1139050,6
1139071,62
1139193,32
1139204,33
1139270,59
1139308,23
1139358,6
1139387,206
1139397,10
1139484,566
1139538,8
1139556,5
1139597,10
1139634,9
1139711,16
1139735,12
1139826,25
1139830,15
1139837,6
1139850,5
1139867,7
1139896,9
1139902,33
1139903,6
1139932,14
1139939,7
1139972,33
1139987,13
1140085,11
1140208,11
1140273,5
1140280,7
1140306,6
1140308,17
1140309,27
1140365,20
1140393,5
1140471,6
1140486,10
1140499,45
1140523,10
1140524,7
1140613,7
1140638,13
1140649,11
1140716,6
1140719,6
1140720,7
1140760,6
1140765,6
1140792,8
1140863,16
1140864,21
1140891,152
1140914,8
1140925,7
1140978,26
1140986,8
1141000,34
1141014,191
1141051,216
1141067,6
1141092,21
1141093,6
1141126,137
1141141,16
1141154,7
1141216,6
1141238,42
1141243,5
1141314,7
1141325,5
1141332,44
1141351,20
1141376,5
1141407,12
1141433,10
1141520,6
1141537,6
1141558,9
1141567,5
1141571,6
1141583,6
1141592,14
1141638,27
1141664,23
1141707,9
1141734,7
1141757,12
1141770,6
1141806,29
1141864,7
1141889,5
1141918,13
1141930,11
1141932,8
1141967,12
1141997,19
1142003,11
1142023,11
1142045,63
1142071,10
1142113,9
1142119,6
1142176,11
1142200,10
1142261,7
1142262,7
1142278,17
1142280,10
1142368,8
1142369,6
1142397,39
1142406,7
1142486,5
1142514,6
1142522,11
1142552,6
1142558,16
1142571,13
1142579,5
1142612,12
1142623,25
1142635,10
1142644,18
1142653,6
1142664,14
1142672,7
1142719,9
1142759,13
1142789,11
1142793,83
1142897,5
1142907,6
1142924,46
1142940,34
1142996,7
1142997,9
1143002,6
1143014,25
1143030,6
1143052,96
1143075,35
1143093,14
1143109,7
1143154,11
1143170,18
1143206,88
1143247,8
1143277,7
1143295,11
1143311,7
1143398,25
1143455,7
1143470,5
1143528,5
1143570,7
1143588,8
1143589,10
1143594,12
1143602,39
1143611,16
1143612,7
1143646,12
1143677,147
1143698,25
1143744,7
1143779,6
1143810,104
1143815,17
1143869,15
1143944,20
1143945,6
1143946,10
1143960,7
1144018,13
1144040,9
1144048,5
1144050,13
1144062,10
1144082,20
1144233,7
1144249,6
1144260,7
1144261,102
1144266,6
1144275,7
1144295,8
1144361,6
1144381,43
1144412,20
1144415,57
1144433,6
1144471,5
1144474,109
1144487,5
1144515,49
1144523,6
1144532,40
1144553,16
1144556,18
1144558,7
1144572,13
1144588,8
1144637,8
1144649,8
1144690,22
1144701,55
1144706,17
1144742,5
1144767,10
1144780,20
1144802,11
1144820,5
1144859,19
1144863,7
1144874,22
1144882,8
1144922,13
1144960,8
1144971,6
1144978,11
1145019,9
1145031,16
1145073,135
1145075,21
1145085,34
1145143,6
1145170,9
1145194,11
1145210,23
1145212,13
1145290,6
1145311,7
1145315,6
1145327,7
1145332,6
1145381,12
1145384,15
1145412,831
1145486,10
1145489,8
1145505,12
1145524,16
1145550,6
1145569,6
1145572,8
1145585,8
1145654,8
1145667,9
1145678,131
1145697,5
1145776,9
1145805,195
1145874,6
1145913,6
1145924,6
1145925,187
1145958,10
1145968,13
1145999,11
1146025,27
1146057,26
1146064,81
1146067,7
1146098,9
1146135,6
1146173,7
1146189,63
1146245,14
1146265,5
1146270,6
1146288,11
1146332,11
1146402,9
1146405,8
1146420,17
1146425,5
1146690,6
1146702,8
1146708,6
1146741,53
1146789,9
1146892,8
1146941,14
1147017,13
1147033,12
1147115,5
1147200,11
1147202,9
1147227,14
1147267,5
1147276,9
1147308,11
1147377,6
1147413,7
1147453,14
1147467,22
1147480,11
1147494,7
1147503,6
1147536,7
1147564,47
1147571,5
1147595,8
1147629,6
1147707,44
1147740,7
1147924,11
1147935,5
1147955,10
1147957,9
1147977,7
1148076,11
1148082,28
1148092,6
1148126,6
1148156,35
1148165,8
1148179,61
1148253,5
1148278,5
1148308,6
1148396,96
1148445,13
1148446,7
1148449,18
1148451,6
1148453,13
1148562,7
1148585,6
1148598,45
1148654,2775
1148679,9
1148689,141
1148693,7
1148765,8
1148832,10
1148853,29
1148967,8
1148979,15
1148986,18
1149043,7
1149066,10
1149093,792
1149096,17
1149127,7
1149155,6
1149211,20
1149263,7
1149274,16
1149342,10
1149343,14
1149384,13
1149506,27
1149583,12
1149607,9
1149662,142
1149679,6
1149682,6
1149708,15
1149727,242
1149744,7
1149774,78
1149801,7
1149807,9
1149819,7
1149942,6
1149969,10
1150016,10
1150140,7
1150141,16
1150207,26
1150255,6
1150257,50
1150268,6
1150270,21
1150322,98
1150329,6
1150356,13
1150365,7
1150415,6
1150420,7
1150430,15
1150439,94
1150440,6
1150470,9
1150471,8
1150480,7
1150498,15
1150543,179
1150584,7
1150641,196
1150687,7
1150720,16
1150731,7
1150768,5
1150783,10
1150850,12
1150851,5
1150878,8
1150894,6
1150904,7
1150907,50
1150923,133
1150934,24
1150936,12
1150943,22
1150995,6
1151002,7
1151027,9
1151054,10
1151163,7
1151190,13
1151223,7
1151231,5
1151314,12
1151334,6
1151365,8
1151368,15
1151423,15
1151442,12
1151443,6
1151490,7
1151521,17
1151542,5
1151565,15
1151591,7
1151626,22
1151653,6
1151678,6
1151680,9
1151691,7
1151707,9
1151786,7
1151814,6
1151854,16
1151869,64
1151922,19
1152023,48
1152099,18
1152283,13
1152308,7
1152396,7
1152408,7
1152439,8
1152444,46
1152451,237
1152457,5
1152509,477
1152524,24
1152540,7
1152585,9
1152630,142
1152660,12
1152676,6
1152717,275
1152720,7
1152765,14
1152779,22
1152928,13
1152929,7
1152946,6
1152980,6
1153003,5
1153035,8
1153103,6
1153106,1125
1153111,7
1153118,6
1153134,7
1153235,6
1153239,7
1153240,27
1153246,6
1153275,7
1153291,11
1153408,10
1153419,46
1153448,10
1153521,6
1153522,132
1153650,10
1153657,11
1153677,10
1153713,8
1153717,11
1153802,5
1153818,120
1153870,28
1153915,8
1153942,44
1153965,18
1153966,25
1153977,7
1153994,101
1153999,195
1154026,6
1154033,16
1154085,9
1154086,23
1154119,5
1154192,35
1154237,5
1154247,7
1154251,12
1154319,16
1154343,5
1154374,5
1154395,6
1154434,5
1154484,7
1154503,5
1154549,5
1154558,7
1154587,6
1154631,38
1154657,7
1154661,11
1154696,13
1154703,7
1154706,8
1154715,8
1154724,14
1154732,8
1154747,125
1154759,9
1154805,9
1154846,6
1154873,6
1154882,25
1154886,8
1155005,7
1155007,5
1155028,11
1155083,5
1155101,13
1155110,6
1155148,5
1155149,12
1155192,8
1155228,5
1155293,11
1155309,13
1155315,19
1155330,7
1155339,6
1155344,30
1155359,42
1155366,6
1155375,6
1155379,17
1155393,8
1155436,5
1155460,6
1155474,11
1155478,6
1155508,7
1155545,12
1155546,23
1155557,9
1155601,6
1155650,8
1155654,12
1155662,42
1155800,10
1155846,9
1155847,6
1155873,12
1155887,8
1156062,7
1156073,9
1156074,8
1156103,6
1156109,8
1156121,9
1156176,6
1156225,20
1156282,5
1156359,75
1156401,15
1156407,5
1156459,7
1156492,11
1156497,5
1156503,11
1156532,5
1156544,8
1156596,92
1156598,31
1156622,6
1156648,7
1156703,7
1156811,10
1156828,36
1156849,9
1156852,39
1156866,6
1156917,26
1156964,10
1156993,6
1157009,10
1157206,12
1157250,13
1157298,14
1157303,14
1157332,7
1157386,79
1157394,7
1157399,11
1157423,6
1157424,9
1157501,5
1157522,28
1157535,31
1157544,6
1157640,6
1157644,6
1157645,5
1157648,5
1157664,5
1157687,8
1157715,9
1157726,5
1157748,12
1157751,7
1157832,38
1157857,7
1157878,21
1157908,593
1157915,7
1157933,24
1158073,10
1158110,78
1158144,8
1158180,6
1158273,106
1158342,12
1158412,5
1158424,7
1158451,5
1158494,6
1158499,7
1158511,19
1158521,22
1158559,15
1158583,6
1158584,7
1158643,6
1158656,89
1158770,14
1158783,8
1158793,16
1158838,8
1158843,9
1158850,37
1158854,15
1158880,7
1158910,8
1158915,7
1158953,7
1158973,8
1158985,103
1159084,5
1159114,6
1159134,19
1159137,8
1159169,5
1159234,31
1159261,6
1159271,19
1159289,6
1159407,9
1159417,56
1159514,7
1159549,18
1159610,5
1159693,9
1159722,21
1159723,132
1159754,32
1159784,5
1159794,6
1159826,18
1159856,5
1159869,10
1159871,13
1159904,47
1159905,8
1159951,6
1159956,16
1159959,9
1159966,27
1159976,11
1159995,6
1160008,11
1160048,21
1160095,9
1160144,9
1160195,6
1160196,41
1160199,5
1160201,9
1160243,12
1160258,25
1160271,6
1160315,7
1160322,30
1160332,13
1160388,8
1160441,8
1160458,20
1160486,6
1160515,5
1160537,6
1160562,9
1160616,26
1160654,8
1160720,18
1160794,7
1160808,16
1160810,14
1160812,7
1160813,6
1160866,21
1160903,20
1160921,7
1161076,11
1161078,14
1161094,13
1161122,18
1161184,369
1161186,10
1161191,8
1161270,6
1161271,5
1161278,15
1161298,8
1161336,5
1161404,8
1161406,7
1161447,36
1161489,7
1161521,7
1161522,27
1161527,6
1161609,9
1161612,27
1161649,6
1161668,19
1161699,8
1161704,5
1161715,7
1161737,9
1161751,19
1161788,7
1161809,12
1161811,15
1161828,88
1161864,9
1161865,9
1161900,13
1161903,18
1161929,5
1161968,16
1161970,16
1162000,10
1162086,10
1162209,5
1162266,9
1162305,8
1162307,85
1162332,6
1162344,7
1162345,11
1162361,9
1162372,40
1162383,10
1162397,15
1162424,5
1162439,5
1162442,6
1162601,26
1162608,6
1162633,6
1162671,6
1162673,10
1162684,5
1162702,16
1162735,12
1162762,8
1162797,9
1162839,14
1162873,17
1162888,9
1162900,5
1162911,11
1162912,12
1162918,5
1162989,6
1163007,27
1163036,53
1163045,6
1163061,23
1163068,14
1163080,6
1163082,7
1163084,17
1163099,62
1163100,8
1163127,19
1163135,18
1163222,5
1163264,13
1163268,5
1163326,6
1163382,6
1163390,23
1163391,9
1163401,20
1163419,6
1163463,10
1163503,6
1163530,75
1163535,33
1163556,9
1163560,10
1163561,13
1163572,9
1163573,8
1163600,6
1163624,18
1163644,14
1163682,39
1163683,6
1163830,86
1163833,6
1163884,12
1163910,11
1163938,37
1163962,5
1163963,7
1163984,5
1163987,6
1164095,12
1164096,8
1164106,6
1164127,7
1164133,17
1164155,15
1164191,131
1164194,17
1164236,81
1164245,8
1164265,6
1164267,8
1164348,12
1164357,14
1164380,6
1164381,10
1164397,6
1164415,19
1164458,8
1164485,6
1164518,6
1164519,9
1164528,6
1164575,7
1164633,10
1164641,6
1164647,42
1164677,9
1164682,35
1164683,16
1164712,6
1164739,9
1164885,26
1164899,6
1164925,12
1165041,12
1165063,6
1165066,13
1165077,51
1165104,7
1165154,14
1165167,6
1165213,6
1165221,7
1165262,21
1165292,6
1165387,7
1165422,6
1165436,8
1165459,19
1165503,29
1165504,6
1165532,8
1165559,6
1165588,13
1165622,12
1165653,9
1165665,5
1165710,8
1165726,6
1165729,38
1165759,8
1165775,6
1165789,33
1165817,21
1165869,13
1165877,8
1165904,12
1165954,14
1166019,18
1166031,8
1166164,5
1166165,6
1166194,6
1166256,17
1166302,7
1166308,51
1166309,16
1166376,6
1166392,8
1166393,6
1166398,6
1166421,7
1166523,6
1166574,6
1166648,9
1166666,6
1166806,6
1166814,6
1166849,8
1166874,5
1166876,1748
1166899,8
1166960,131
1166995,6
1167000,7
1167091,12
1167128,6
1167157,20
1167158,71
1167201,20
1167235,20
1167240,5
1167251,8
1167271,6
1167344,36
1167359,8
1167381,14
1167393,6
1167394,7
1167481,10
1167499,11
1167623,6
1167659,7
1167668,11
1167687,6
1167697,8
1167700,36
1167723,31
1167780,6
1167782,6
1167826,6
1167853,7
1167888,11
1167938,7
1167983,6
1168006,6
1168016,11
1168041,6
1168049,6
1168055,26
1168059,9
1168075,7
1168127,6
1168130,6
1168131,9
1168156,12
1168295,6
1168324,6
1168344,5
1168353,5
1168399,7
1168462,17
1168490,7
1168501,6
1168516,7
1168530,51
1168559,10
1168566,6
1168608,11
1168766,8
1168812,8
1168829,55
1168830,5
1168923,6
1168926,6
1168936,34
1168959,48
1168983,19
1168984,16
1168993,26
1168999,6
1169010,10
1169030,7
1169047,5
1169065,16
1169096,11
1169100,11
1169149,5
1169179,11
1169212,30
1169241,10
1169282,31
1169322,7
1169338,7
1169352,8
1169412,30
1169420,6
1169492,184
1169505,8
1169511,11
1169514,6
1169524,17
1169578,9
1169583,14
1169598,14
1169701,7
1169707,12
1169713,9
1169789,144
1169797,10
1169833,7
1169912,33
1169920,12
1169941,13
1169969,14
1169976,7
1169977,7
1169990,9
1170013,21
1170024,15
1170054,8
1170091,39
1170132,7
1170136,291
1170151,6
1170154,9
1170167,6
1170185,15
1170192,6
1170201,18
1170208,8
1170227,6
1170266,6
1170287,13
1170296,15
1170305,7
1170356,8
1170376,12
1170383,22
1170394,7
1170398,14
1170405,8
1170407,7
1170410,12
1170416,11
1170452,7
1170463,286
1170502,24
1170530,5
1170555,15
1170562,49
1170587,161
1170596,5
1170704,5
1170731,7
1170754,29
1170786,11
1170804,9
1170816,73
1170817,6
1170818,6
1170851,6
1170868,6
1170877,26
1170897,8
1170914,6
1170958,18
1170965,5
1170972,5
1171014,360
1171054,7
1171057,5
1171191,19
1171275,19
1171343,9
1171366,7
1171375,6
1171390,9
1171407,12
1171445,6
1171449,13
1171470,10
1171483,17
1171493,8
1171522,7
1171578,108
1171587,19
1171619,42
1171621,10
1171647,6
1171680,33
1171709,6
1171750,20
1171777,7
1171782,5
1171859,24
1171872,408
1171875,5
1171940,9
1171943,19
1171991,41
1172001,15
1172098,7
1172133,6
1172154,16
1172202,87
1172269,12
1172309,67
1172345,8
1172351,56
1172367,7
1172375,5
1172391,7
1172400,98
1172403,8
1172411,15
1172412,10
1172426,6
1172440,6
1172450,6
1172474,13
1172480,7
1172529,6
1172543,6
1172592,9
1172607,6
1172613,6
1172632,17
1172693,17
1172695,5
1172743,6
1172750,19
1172824,7
1172826,6
1172888,6
1172909,24
1172925,13
1172973,6
1172983,6
1172994,7
1172996,6
1173024,21
1173044,6
1173089,202
1173139,6
1173157,7
1173178,49
1173212,29
1173224,8
1173234,27
1173243,8
1173269,13
1173286,10
1173317,11
1173341,12
1173346,7
1173374,10
1173409,5
1173477,6
1173483,6
1173511,5
1173534,37
1173551,6
1173562,8
1173587,21
1173589,10
1173598,5
1173636,5
1173698,8
1173725,115
1173793,12
1173803,7
1173817,6
1173823,5
1173892,7
1173933,5
1173934,5
1173944,8
1173958,5
1174027,11
1174029,9
1174098,9
1174114,6
1174140,18
1174161,7
1174179,9
1174189,9
1174230,9
1174292,9
1174313,10
1174361,387
1174407,7
1174425,15
1174434,8
1174531,9
1174554,31
1174597,23
1174604,11
1174664,50
1174666,7
1174676,6
1174760,10
1174803,8
1174819,6
1174859,18
1174872,7
1174996,5
1175035,23
1175054,6
1175063,13
1175088,6
1175093,6
1175199,43
1175202,12
1175212,6
1175271,12
1175305,20
1175347,7
1175362,9
1175367,7
1175368,104
1175381,10
1175403,6
1175450,11
1175526,9
1175580,32
1175606,15
1175620,6
1175629,8
1175648,8
1175672,20
1175690,13
1175701,7
1175738,7
1175780,5
1175805,6
1175823,8
1175831,7
1175835,13
1175843,36
1175854,35
1175921,5
1175935,5
1175958,12
1175962,12
1175971,13
1175980,37
1176003,54
1176059,19
1176135,9
1176166,8
1176207,12
1176224,8
1176249,6
1176250,12
1176266,33
1176303,6
1176355,51
1176356,13
1176407,6
1176422,6
1176427,6
1176438,13
1176482,6
1176516,7
1176538,21
1176542,14
1176641,6
1176702,40
1176733,11
1176738,9
1176753,11
1176759,8
1176760,11
1176774,7
1176795,12
1176804,24
1176822,55
1176842,16
1176846,7
1176883,9
1176893,6
1176916,15
1176935,5
1176940,6
1177006,13
1177016,64
1177018,13
1177051,8
1177099,12
1177129,6
1177136,10
1177194,19
1177198,43
1177206,36
1177261,5
1177312,8
1177324,9
1177332,6
1177539,7
1177548,10
1177556,14
1177615,8
1177618,7
1177620,8
1177625,175
1177636,6
1177649,20
1177668,7
1177675,11
1177684,40
1177685,8
1177691,7
1177721,13
1177727,10
1177776,7
1177813,5
1177828,31
1177831,7
1177839,9
1177846,6
1177890,5
1177900,9
1177972,5
1178066,7
1178070,7
1178085,28
1178132,10
1178159,151
1178165,6
1178178,10
1178204,10
1178220,38
1178223,13
1178262,187
1178315,22
1178354,631
1178366,15
1178378,6
1178399,7
1178437,26
1178445,10
1178481,30
1178512,8
1178526,8
1178616,8
1178663,6
1178685,7
1178750,7
1178789,6
1178823,6
1178863,44
1178889,5
1178897,6
1178902,11
1178909,102
1178919,153
1178920,8
1178926,7
1178941,27
1179007,6
1179008,35
1179070,6
1179071,5
1179091,9
1179102,6
1179111,13
1179117,6
1179144,53
1179153,13
1179182,6
1179189,11
1179227,8
1179238,9
1179257,6
1179265,9
1179304,8
1179317,12
1179343,7
1179361,13
1179407,6
1179469,16
1179554,7
1179574,65
1179640,44
1179665,27
1179698,5
1179722,17
1179729,5
1179736,6
1179810,36
1179856,9
1179862,47
1179868,11
1179885,6
1179913,9
1179971,5
1179976,6
1179996,28
1180010,6
1180029,29
1180047,39
1180064,8
1180130,12
1180160,23
1180214,15
1180217,28
1180247,5
1180282,28
1180286,21
1180313,6
1180359,124
1180407,25
1180445,14
1180483,132
1180484,24
1180546,5
1180591,21
1180612,22
1180651,5
1180654,6
1180719,138
1180723,5
1180736,14
1180739,7
1180760,7
1180823,10
1180828,6
1180829,7
1180840,26
1180855,10
1180917,9
1180991,19
1180997,9
1181006,45
1181013,6
1181033,5
1181054,5
1181074,7
1181091,11
1181141,7
1181150,6
1181178,6
1181194,10
1181244,16
1181251,14
1181273,18
1181325,7
1181331,6
1181332,6
1181356,30
1181378,5
1181382,6
1181383,67
1181422,13
1181424,6
1181436,19
1181490,9
1181528,38
1181589,6
1181602,23
1181695,8
1181705,44
1181707,30
1181729,6
1181742,7
1181750,15
1181777,5
1181779,6
1181835,8
1181896,12
1181910,10
1181911,8
1181962,10
1181970,9
1182035,10
1182062,5
1182078,25
1182137,5
1182152,6
1182189,16
1182198,19
1182238,6
1182240,6
1182248,14
1182270,12
1182289,7
1182299,10
1182389,2418
1182428,26
1182445,6
1182450,21
1182456,7
1182514,63
1182524,12
1182554,291
1182594,30
1182721,6
1182738,17
1182746,5
1182757,23
1182758,6
1182771,6
1182785,8
1182788,27
1182831,7
1182897,12
1182924,1765
1182930,6
1182983,6
1183016,1754
1183044,13
1183057,6
1183089,289
1183133,7
1183152,6
1183252,6
1183322,12
1183325,6
1183412,28
1183421,6
1183440,12
1183455,9
1183493,12
1183513,9
1183530,11
1183635,9
1183756,10
1183769,9
1183801,6
1183911,9
1183953,10
1183957,19
1184013,14
1184056,16
1184076,42
1184078,8
1184116,6
1184165,12
1184175,6
1184179,9
1184205,23
1184213,6
1184226,6
1184232,6
1184258,14
1184274,8
1184276,8
1184287,6
1184298,13
1184424,42
1184438,6
1184459,13
1184461,207
1184466,7
1184493,45
1184516,8
1184558,9
1184564,12
1184588,8
1184609,10
1184618,33
1184824,6
1184866,5
1184907,13
1184936,57
1184978,10
1184991,5
1184999,12
1185023,9
1185041,9
1185050,30
1185067,5
1185083,5
1185123,184
1185156,6
1185180,7
1185181,8
1185197,7
1185205,20
1185208,6
1185212,24
1185228,19
1185230,19
1185246,119
1185260,19
1185267,13
1185342,27
1185368,7
1185376,5
1185398,9
1185415,7
1185416,32
1185421,6
1185429,6
1185461,6
1185514,12
1185541,5
1185621,8
1185650,6
1185658,8
1185696,6
1185717,275
1185729,16
1185747,8
1185762,6
1185797,25
1185865,30
1185910,14
1185917,6
1185922,17
1185966,6
1185988,5
1186047,13
1186164,26
1186172,8
1186177,9
1186198,8
1186283,5
1186286,8
1186347,9
1186377,7
1186418,5
1186432,6
1186440,6
1186489,14
1186528,31
1186537,5
1186577,5
1186598,7
1186604,6
1186611,26
1186612,52
1186713,13
1186723,5
1186732,6
1186738,302
1186743,11
1186754,7
1186765,11
1186771,26
1186772,6
1186814,23
1186827,6
1186882,8
1186927,9
1186928,5
1186965,13
1186976,5
1187055,7
1187056,11
1187073,5
1187089,8
1187108,13
1187114,10
1187167,8
1187183,38
1187207,10
1187220,6
1187255,8
1187279,7
1187291,13
1187295,27
1187305,6
1187420,7
1187423,14
1187442,17
1187457,16
1187463,5
1187619,6
1187639,10
1187663,6
1187710,65
1187716,6
1187825,20
1187839,20
1187850,14
1187851,10
1187876,5
1187885,31
1187886,11
1187888,30
1187897,6
1187913,7
1187924,11
1187937,7
1187965,8
1187978,6
1187980,6
1187988,33
1188011,6
1188020,18
1188060,6
1188094,8
1188118,10
1188119,9
1188121,7
1188157,7
1188216,58
1188217,6
1188263,5
1188299,13
1188350,35
1188451,7
1188499,116
1188542,13
1188555,24
1188561,8
1188585,9
1188601,6
1188616,66
1188645,6
1188673,49
1188748,5
1188750,57
1188751,8
1188760,7
1188818,13
1188888,8
1188918,18
1188919,86
1188924,19
1188937,5
1188963,5
1188964,8
1188979,10
1188994,76
1189032,21
1189047,7
1189057,7
1189073,8
1189102,10
1189125,6
1189133,5
1189187,42
1189199,11
1189220,14
1189361,12
1189394,37
1189409,156
1189456,8
1189487,12
1189490,128
1189494,6
1189601,11
1189625,9
1189639,7
1189648,7
1189657,6
1189740,59
1189754,11
1189755,7
1189777,72
1189793,5
1189796,15
1189834,7
1189854,18
1189860,11
1189898,12
1189915,7
1189919,14
1189942,28
1189943,5
1189985,13
1190041,8
1190061,7
1190106,8
1190152,18
1190208,11
1190256,7
1190266,7
1190323,14
1190325,8
1190420,7
1190463,15
1190467,6
1190470,7
1190477,29
1190480,9
1190488,11
1190527,10
1190547,19
1190566,6
1190762,5
1190776,10
1190777,7
1190807,6
1190823,5
1190847,20
1190866,7
1190883,10
1190889,6
1190901,27
1191034,8
1191035,6
1191061,35
1191066,12
1191076,9
1191090,5
1191101,12
1191146,116
1191147,15
1191312,5
1191321,14
1191352,5
1191431,5
1191524,7
1191529,24
1191551,40
1191553,7
1191590,6
1191634,8
1191692,11
1191722,8
1191724,187
1191729,6
1191754,10
1191799,7
1191863,32
1191877,5
1191931,9
1192035,6
1192046,9
1192072,9
1192094,6
1192102,10
1192120,18
1192163,159
1192204,8
1192221,6
1192234,66
1192271,7
1192311,5
1192326,10
1192353,8
1192433,12
1192498,8
1192505,28
1192512,8
1192518,7
1192532,96
1192538,7
1192620,15
1192637,6
1192643,17
1192717,9
1192726,9
1192759,13
1192784,16
1192787,11
1192825,10
1192838,8
1192901,6
1192923,5
1192956,25
1192962,65
1192972,7
1192989,9
1193005,10
1193070,20
1193081,7
1193082,9
1193114,5
1193169,5
1193172,5
1193179,6
1193206,11
1193233,6
1193266,6
1193273,21
1193285,12
1193309,6
1193329,16
1193353,12
1193363,6
1193374,116
1193378,8
1193388,654
1193400,6
1193415,132
1193478,124
1193479,7
1193498,6
1193532,6
1193635,12
1193640,6
1193703,7
1193707,13
1193728,10
1193739,13
1193740,6
1193780,5
1193783,5
1193787,6
1193851,7
1193875,12
1193892,12
1193920,11
1194039,7
1194092,26
1194101,10
1194126,67
1194233,14
1194249,16
1194312,9
1194317,9
1194411,6
1194413,131
1194436,14
1194477,17
1194478,20
1194493,6
1194500,5
1194540,18
1194545,16
1194567,8
1194576,6
1194587,24
1194648,9
1194659,7
1194665,21
1194680,58
1194729,6
1194740,6
1194753,14
1194812,10
1194920,17
1194924,7
1194933,33
1194974,6
1195013,24
1195026,24
1195052,8
1195073,19
1195155,5
1195179,39
1195180,6
1195274,7
1195296,18
1195307,32
1195364,9
1195386,7
1195404,8
1195414,6
1195444,20
1195447,18
1195520,5
1195595,8
1195635,16
1195673,7
1195706,8
1195727,8
1195734,26
1195738,5
1195817,38
1195819,58
1195871,9
1195933,6
1195960,13
1195991,5
1195995,6
1196034,5
1196076,11
1196094,7
1196164,7
1196184,9
1196215,6
1196231,5
1196232,27
1196293,12
1196300,5
1196331,8
1196358,62
1196540,7
1196578,11
1196602,6
1196608,11
1196638,8
1196655,21
1196665,7
1196707,10
1196716,8
1196720,21
1196728,8
1196756,6
1196804,6
1196870,10
1196873,7
1196929,8
1196955,12
1196956,176
1196964,9
1196983,14
1196995,7
1197024,82
1197028,7
1197029,7
1197037,155
1197062,8
1197096,14
1197124,9
1197143,27
1197150,6
1197165,9
1197168,6
1197175,35
1197218,8
1197339,10
1197344,15
1197357,6
1197358,5
1197373,10
1197386,9
1197447,9
1197480,9
1197486,12
1197487,9
1197515,6
1197522,8
1197523,16
1197525,72
1197557,6
1197558,5
1197582,6
1197622,5
1197624,12
1197775,7
1197828,7
1197860,7
1197909,20
1197944,9
1197994,7
1198033,15
1198100,11
1198115,24
1198123,14
1198125,33
1198190,7
1198196,10
1198207,9
1198210,10
1198213,23
1198227,6
1198238,10
1198252,13
1198260,12
1198263,7
1198305,33
1198415,10
1198424,7
1198435,5
1198468,6
1198488,8
1198512,7
1198531,37
1198534,5
1198619,10
1198659,12
1198682,15
1198803,6
1198807,6
1198871,6
1198879,6
1198881,6
1198903,143
1198929,24
1198943,6
1198953,9
1198954,12
1198978,17
1199006,9
1199007,76
1199010,5
1199021,6
1199054,6
1199121,16
1199129,5
1199131,6
1199132,9
1199148,6
1199169,11
1199310,27
1199324,7
1199352,7
1199376,34
1199543,17
1199595,38
1199599,25
1199628,10
1199633,69
1199644,28
1199667,6
1199700,7
1199718,26
1199738,61
1199753,7
1199769,5
1199894,6
1199904,23
1200002,8
1200010,8
1200019,12
1200020,13
1200025,6
1200039,8
1200043,9
1200085,162
1200092,5
1200121,41
1200153,6
1200157,28
1200179,5
1200202,61
1200209,33
1200224,78
1200236,5
1200255,16
1200379,6
1200380,88
1200491,7
1200499,7
1200504,6
1200524,7
1200658,78
1200664,15
1200670,17
1200678,8
1200709,7
1200747,8
1200750,21
1200782,6
1200809,7
1200839,406
1200866,26
1200884,5
1200888,14
1200891,60
1200960,18
1200979,5
1200984,31
1200988,11
1201044,6
1201048,11
1201056,6
1201066,6
1201105,6
1201106,15
1201116,10
1201206,12
1201215,10
1201258,7
1201259,8
1201278,6
1201307,293
1201415,54
1201447,38
1201468,14
1201490,5
1201493,71
1201507,62
1201524,53
1201551,11
1201575,6
1201605,6
1201623,6
1201627,43
1201645,20
1201668,22
1201670,9
1201696,44
1201700,7
1201730,10
1201754,73
1201787,19
1201831,5
1201843,7
1201864,71
1201875,9
1201890,6
1201893,6
1202030,13
1202069,11
1202075,5
1202076,6
1202169,19
1202244,15
1202245,7
1202264,7
1202267,14
1202274,60
1202287,12
1202317,15
1202373,12
1202487,11
1202553,7
1202615,5
1202680,56
1202712,11
1202724,91
1202725,6
1202940,123
1202978,23
1203002,35
1203020,139
1203053,6
1203096,8
1203101,8
1203129,6
1203149,25
1203162,299
1203182,22
1203214,6
1203220,13
1203265,7
1203277,5
1203285,8
1203307,16
1203325,53
1203339,8
1203346,14
1203348,7
1203356,13
1203362,77
1203415,9
1203423,11
1203424,6
1203443,16
1203452,6
1203530,7
1203531,9
1203532,5
1203587,8
1203630,11
1203649,10
1203692,5
1203737,10
1203739,11
1203782,13
1203788,8
1203812,10
1203833,92
1203883,10
1203936,8
1204001,36
1204010,6
1204140,7
1204193,5
1204220,8
1204237,8
1204307,28
1204313,19
1204341,7
1204374,9
1204391,7
1204398,16
1204424,31
1204449,6
1204504,20
1204543,13
1204546,21
1204563,10
1204613,41
1204620,5
1204625,5
1204677,16
1204725,43
1204740,5
1204769,6
1204771,16
1204774,6
1204776,10
1204834,18
1204844,10
1204863,10
1204886,6
1204902,7
1204909,6
1204963,18
1204971,7
1205018,6
1205056,5
1205074,6
1205101,31
1205107,43
1205143,14
1205185,9
1205189,21
1205250,8
1205251,7
1205253,7
1205294,7
1205311,8
1205371,7
1205378,7
1205379,62
1205428,14
1205475,13
1205476,16
1205497,6
1205508,8
1205512,11
1205587,5
1205605,6
1205614,7
1205627,17
1205636,8
1205657,6
1205681,5
1205717,118
1205731,5
1205734,7
1205751,12
1205759,9
1205769,6
1205817,5
1205876,7
1205905,16
1205980,39
1205987,9
1206025,6
1206059,12
1206061,8
1206068,35
1206076,9
1206127,14
1206142,20
1206167,6
1206186,6
1206253,36
1206268,9
1206280,20
1206356,8
1206373,27
1206388,5
1206406,6
1206466,15
1206495,6
1206564,14
1206565,6
1206570,8
1206678,16
1206680,6
1206697,7
1206723,6
1206727,5
1206732,5
1206736,7
1206753,6
1206766,37
1206840,6
1206869,9
1206892,7
1206906,9
1206954,34
1206957,8
1206970,6
1206975,41
1206982,17
1207050,6
1207077,6
1207121,9
1207191,6
1207224,5
1207239,10
1207240,9
1207323,11
1207399,15
1207467,7
1207516,6
1207522,10
1207589,58
1207643,10
1207647,7
1207670,8
1207696,8
1207710,24
1207742,25
1207793,10
1207873,13
1207908,11
1207921,28
1207994,6
1208038,46
1208117,8
1208186,93
1208217,6
1208220,20
1208238,10
1208275,323
1208284,8
1208294,16
1208312,9
1208314,6
1208326,6
1208393,16
1208410,29
1208420,6
1208445,9
1208474,11
1208497,137
1208507,7
1208612,14
1208621,11
1208642,529
1208652,30
1208653,9
1208660,20
1208695,20
1208696,14
1208722,8
1208740,11
1208746,6
1208768,8
1208771,9
1208777,14
1208782,62
1208817,10
1208886,25
1208893,27
1208959,28
1209032,8
1209051,25
1209080,6
1209083,8
1209090,14
1209117,13
1209136,6
1209144,5
1209161,6
1209177,7
1209216,11
1209228,14
1209236,8
1209237,6
1209238,6
1209296,9
1209437,7
1209455,61
1209466,13
1209487,12
1209530,7
1209606,14
1209654,6
1209726,6
1209732,7
1209785,16
1209805,16
1209818,16
1209832,9
1209838,11
1209874,8
1209923,17
1209924,29
1209980,8
1210031,8
1210033,20
1210066,5
1210070,87
1210149,10
1210170,32
1210177,8
1210181,8
1210194,9
1210236,10
1210253,7
1210258,14
1210324,5
1210338,9
1210427,5
1210430,61
1210433,9
1210440,13
1210468,10
1210475,6
1210483,8
1210505,9
1210546,5
1210571,6
1210605,6
1210608,6
1210619,27
1210674,7
1210716,6
1210723,99
1210739,6
1210752,9
1210793,6
1210798,8
1210855,10
1210885,10
1210901,5
1210938,7
1210972,5
1211007,33
1211058,19
1211104,9
1211105,6
1211140,6
1211144,10
1211152,10
1211160,6
1211263,6
1211282,12
1211342,18
1211401,18
1211424,93
1211428,49
1211505,14
1211532,6
1211544,11
1211572,6
1211587,7
1211603,7
1211637,7
1211655,6
1211656,9
1211676,192
1211721,8
1211766,6
1211815,27
1211854,6
1211864,6
1211869,17
1211882,5
1211895,60
1211945,9
1211949,15
1211973,10
1212026,370
1212064,24
1212079,19
1212081,7
1212131,14
1212161,7
1212172,6
1212200,15
1212202,6
1212213,8
1212269,15
1212297,6
1212378,6
1212409,8
1212413,22
1212465,8
1212555,12
1212578,7
1212615,15
1212616,12
1212770,6
1212873,6
1212879,6
1212884,5
1212934,6
1213016,7
1213027,9
1213100,22
1213104,16
1213124,42
1213155,47
1213170,5
1213210,14
1213225,6
1213238,45
1213281,14
1213283,7
1213319,98
1213345,12
1213373,12
1213391,7
1213429,6
1213443,33
1213474,10
1213550,23
1213575,10
1213594,5
1213598,12
1213612,6
1213630,23
1213797,13
1213810,10
1213811,13
1213815,168
1213841,16
1213896,34
1213950,9
1213957,26
1214103,9
1214104,15
1214117,9
1214142,75
1214160,14
1214171,59
1214251,40
1214267,7
1214269,78
1214306,18
1214315,188
1214386,80
1214402,6
1214422,8
1214428,5
1214455,7
1214506,13
1214530,6
1214533,9
1214555,6
1214580,12
1214611,57
1214707,8
1214737,28
1214751,11
1214793,20
1214801,10
1214812,8
1214823,6
1215007,34
1215015,10
1215020,6
1215030,5
1215097,9
1215178,9
1215194,10
1215203,6
1215262,22
1215334,14
1215347,11
1215382,16
1215394,7
1215396,10
1215413,6
1215417,10
1215448,19
1215524,8
1215535,376
1215569,10
1215570,11
1215594,5
1215624,6
1215626,9
1215644,6
1215645,15
1215659,13
1215681,5
1215684,7
1215790,6
1215798,7
1215805,11
1215816,11
1215830,10
1215835,7
1215842,10
1215876,6
1215885,5
1215916,7
1215930,14
1215947,14
1215959,6
1215968,6
1215969,920
1216001,94
1216018,5
1216023,14
1216087,6
1216103,9
1216104,7
1216105,14
1216108,6
1216117,10
1216138,6
1216148,7
1216211,70
1216287,6
1216293,7
1216308,8
1216340,19
1216350,14
1216407,18
1216492,7
1216511,11
1216519,6
1216520,5
1216529,22
1216553,7
1216572,7
1216629,13
1216677,18
1216688,15
1216721,5
1216727,13
1216730,12
1216778,13
1216924,9
1216925,7
1216932,26
1216978,9
1216994,7
1217003,50
1217045,7
1217097,15
1217143,26
1217166,47
1217244,39
1217255,12
1217257,11
1217279,10
1217288,24
1217303,8
1217333,9
1217421,10
1217474,5
1217518,13
1217571,5
1217616,6
1217625,20
1217722,22
1217725,13
1217726,161
1217727,16
1217799,17
1217817,6
1217836,13
1217857,7
1217889,13
1217923,86
1217947,13
1218045,10
1218101,9
1218106,6
1218124,9
1218129,24
1218130,8
1218151,18
1218157,41
1218162,6
1218168,31
1218169,9
1218182,19
1218208,6
1218238,6
1218254,6
1218265,13
1218324,7
1218359,41
1218396,6
1218404,8
1218420,5
1218421,18
1218428,8
1218430,6
1218452,13
1218522,5
1218525,9
1218581,6
1218606,7
1218611,10
1218614,7
1218659,18
1218685,5
1218748,9
1218759,7
1218795,6
1218796,6
1218830,7
1218853,5
1218887,9
1218898,6
1218902,7
1218939,8
1218963,10
1218967,29
1219073,9
1219101,6
1219124,10
1219149,11
1219236,5
1219265,6
1219266,12
1219280,6
1219364,23
1219375,16
1219395,5
1219449,13
1219511,5
1219551,5
1219609,10
1219610,11
1219629,15
1219646,510
1219649,10
1219664,7
1219707,6
1219713,6
1219735,9
1219737,18
1219752,23
1219790,6
1219884,8
1219904,29
1219913,13
1219920,6
1219930,172
1220019,9
1220042,9
1220066,11
1220088,41
1220165,18
1220166,10
1220205,18
1220207,17
1220252,7
1220346,10
1220432,83
1220435,17
1220438,49
1220524,5
1220529,6
1220536,7
1220551,28
1220565,20
1220577,12
1220600,22
1220616,9
1220656,21
1220668,10
1220686,6
1220713,13
1220727,11
1220739,7
1220771,77
1220879,7
1220892,59
1220952,6
1220965,6
1220982,5
1221005,8
1221062,17
1221113,7
1221137,6
1221151,8
1221155,36
1221205,6
1221259,18
1221270,10
1221301,11
1221329,6
1221374,19
1221377,7
1221389,6
1221394,96
1221454,6
1221490,9
1221541,6
1221565,13
1221628,49
1221639,10
1221646,1592
1221654,8
1221680,14
1221714,9
1221715,77
1221717,5
1221765,6
1221836,19
1221842,5
1221852,25
1221861,11
1221881,7
1221887,6
1221908,9
1221920,22
1221932,5826
1221933,9
1221960,8
1222011,26
1222022,37
1222025,5
1222030,6
1222064,7
1222068,13
1222097,69
1222104,5
1222165,9
1222184,21
1222214,27
1222254,6
1222377,18
1222388,19
1222424,184
1222426,161
1222452,13
1222605,7
1222606,6
1222624,81
1222626,7
1222665,13
1222667,246
1222668,8
1222699,9
1222712,23
1222725,6
1222726,19
1222748,7
1222761,7
1222839,15
1222867,41
1222954,7
1222967,9
1222999,18
1223004,13
1223034,10
1223075,8
1223077,10
1223117,21
1223139,10
1223167,15
1223169,6
1223217,6
1223246,24
1223247,8
1223271,8
1223278,6
1223280,19
1223288,8
1223296,7
1223324,69
1223329,36
1223441,18
1223448,12
1223474,5
1223571,8
1223580,13
1223586,10
1223587,6
1223594,10
1223622,17
1223653,16
1223661,15
1223705,9
1223719,6
1223768,13
1223832,6
1223869,5
1223883,9
1224001,7
1224012,11
1224014,11
1224023,11
1224033,13
1224054,20
1224055,5
1224067,8
1224073,6
1224081,7
1224221,6
1224231,16
1224245,6
1224253,19
1224330,10
1224336,27
1224354,7
1224365,9
1224543,6
1224560,7
1224618,7
1224619,10
1224660,9
1224672,5
1224727,6
1224785,9
1224823,10
1224866,13
1224875,11
1224987,14
1225052,5
1225053,7
1225085,17
1225103,7
1225134,9
1225146,8
1225172,8
1225189,10
1225197,47
1225220,9
1225236,9
1225268,7
1225312,17
1225335,5
1225406,6
1225532,6
1225564,12
1225593,56
1225601,11
1225632,17
1225666,6
1225685,8
1225714,15
1225718,18
1225749,23
1225756,8
1225775,10
1225787,10
1225798,7
1225799,7
1225831,10
1225836,7
1225851,6
1225885,8
1225927,7
1225970,10
1225981,5
1225984,7
1226009,7
1226024,10
1226028,8
1226039,14
1226199,11
1226204,129
1226275,10
1226312,8
1226346,99
1226392,6
1226427,6
1226466,45
1226467,63
1226478,11
1226495,5
1226580,8
1226584,34
1226622,16
1226655,12
1226680,6
1226703,263
1226704,6
1226730,36
1226764,19
1226798,13
1226903,13
1226963,29
1226983,10
1227075,12
1227136,9
1227141,10
1227178,10
1227216,13
1227268,5
1227318,6
1227332,6
1227385,6
1227467,7
1227547,7
1227563,5
1227594,6
1227635,9
1227659,32
1227662,6
1227677,14
1227688,33
1227800,6
1227813,8
1227878,6
1227914,91
1228001,6
1228051,140
1228055,9
1228063,21
1228065,5
1228082,7
1228114,167
1228147,96
1228165,18
1228199,9
1228216,392
1228251,11
1228252,42
1228272,9
1228273,12
1228276,6
1228307,23
1228308,6
1228335,6
1228365,5
1228409,40
1228418,8
1228466,9
1228474,46
1228490,8
1228495,7
1228525,9
1228625,6
1228639,5
1228692,8
1228699,9
1228807,6
1228841,16
1228894,6
1228910,13
1228927,120
1228968,25
1228984,6
1228988,456
1229012,11
1229022,15
1229044,6
1229045,6
1229050,42
1229099,5
1229187,20
1229206,11
1229209,5
1229284,7
1229287,5
1229292,9
1229350,6
1229353,13
1229366,13
1229379,6
1229394,28
1229426,67
1229432,12
1229474,10
1229482,15
1229483,6
1229506,6
1229557,8
1229587,8
1229620,5
1229675,6
1229689,6
1229692,7
1229693,23
1229710,15
1229781,12
1229854,16
1229866,17
1229894,8
1229939,17
1229956,12
1230050,15
1230051,7
1230059,9
1230064,26
1230100,33
1230122,11
1230164,7
1230171,17
1230220,17
1230239,9
1230275,17
1230282,6
1230287,6
1230331,9
1230345,20
1230366,8
1230404,119
1230496,66
1230497,21
1230584,6
1230609,11
1230617,19
1230632,6
1230694,19
1230699,6
1230747,13
1230770,9
1230782,12
1230840,15
1230942,8
1230947,6
1230978,6
1231045,7
1231066,24
1231092,6
1231102,41
1231132,5
1231165,26
1231170,17
1231178,26
1231229,22
1231235,19
1231286,11
1231318,9
1231336,14
1231356,8
1231359,7
1231404,6
1231417,210
1231454,6
1231461,29
1231464,25
1231504,14
1231548,5
1231585,6
1231661,23
1231669,23
1231713,16
1231759,13
1231814,8
1231879,8
1231917,115
1231920,7
1231930,6
1231947,195
1231972,6
1232032,6
1232067,7
1232097,35
1232117,7
1232130,8
1232135,5
1232159,32
1232160,5
1232217,7
1232264,15
1232296,5
1232306,8
1232310,6
1232314,8
1232347,28
1232419,8
1232424,6
1232445,6
1232457,8
1232536,29
1232538,6
1232548,7
1232602,5
1232631,11
1232660,8
1232726,43
1232766,7
1232777,8
1232787,6
1232841,6
1232863,13
1232885,6
1232889,5
1232941,6
1232994,9
1233014,33
1233070,14
1233106,6
1233130,18
1233211,6
1233232,6
1233263,11
1233323,6
1233388,23
1233416,9
1233437,35
1233441,9
1233468,16
1233478,6
1233483,8
1233514,8
1233524,14
1233525,7
1233576,6
1233594,21
1233622,6
1233639,36
1233652,14
1233680,5
1233847,108
1233857,7
1233865,10
1233878,43
1233900,14
1233914,488
1233948,6
1233988,11
1234065,9
1234071,20
1234080,7
1234118,8
1234147,14
1234152,32
1234202,10
1234214,19
1234226,11
1234243,7
1234247,8
1234338,5
1234359,11
1234440,20
1234463,14
1234464,1220
1234531,5
1234651,12
1234687,7
1234725,47
1234750,12
1234773,5
1234800,14
1234813,7
1234827,9
1234830,21
1234926,9
1234955,14
1234999,11
1235034,18
1235074,22
1235121,6
1235150,48
1235181,10
1235189,6
1235217,15
1235219,43
1235247,773
1235287,9
1235403,6
1235432,10
1235464,19
1235521,13
1235550,26
1235562,8
1235573,6
1235617,6
1235618,20
1235644,89
1235722,6
1235775,6
1235789,9
1235839,6
1235877,7
1235907,72
1235912,6
1235920,18
1235939,8
1235992,8
1236071,12
1236098,6
1236149,16
1236161,15
1236170,6
1236220,6
1236221,5
1236291,9
1236340,20
1236372,8
1236386,9
1236387,6
1236395,5
1236452,13
1236466,20
1236481,6
1236488,9
1236514,6
1236549,5
1236596,17
1236685,5
1236706,48
1236760,12
1236791,14
1236800,35
1236822,9
1236855,6
1236934,11
1236965,9
1236999,15
1237001,5
1237022,25
1237088,42
1237097,8
1237109,14
1237115,7
1237117,5
1237156,8
1237237,24
1237259,6
1237312,6
1237348,65
1237382,5
1237453,57
1237475,40
1237494,5
1237519,16
1237533,40
1237536,6
1237563,5
1237571,66
1237642,19
1237651,6
1237652,11
1237658,444
1237707,1030
1237755,13
1237757,6
1237796,15
1237925,6
1237971,6
1238046,6
1238061,8
1238080,9
1238142,9
1238222,8
1238229,9
1238256,7
1238290,6
1238293,29
1238323,12
1238334,45
1238376,18
1238462,45
1238496,54
1238553,891
1238643,8
1238648,6
1238681,20
1238736,30
1238742,12
1238744,6
1238755,8
1238795,7
1238886,6
1238960,8
1238966,19
1238991,14
1239076,13
1239079,8
1239080,43
1239166,7
1239182,8
1239193,11
1239194,33
1239198,6
1239205,21
1239217,8
1239224,15
1239256,12
1239257,12
1239283,288
1239291,36
1239297,18
1239344,6
1239347,10
1239363,32
1239365,6
1239376,8
1239387,8
1239410,15
1239438,6
1239454,7
1239490,18
1239522,71
1239546,5
1239560,5
1239612,7
1239618,872
1239629,8
1239632,61
1239657,10
1239671,7
1239678,9
1239800,7
1239802,6
1239841,10
1239842,26
1239853,9
1239895,33
1239897,10
1239926,7
1239927,6
1240025,5
1240041,8
1240059,8
1240067,18
1240102,26
1240199,8
1240202,6
1240219,10
1240236,7
1240256,6
1240269,13
1240272,15
1240284,10
1240313,5
1240330,9
1240332,12
1240351,12
1240374,6
1240437,17
1240466,5
1240468,9
1240480,5
1240490,13
1240552,17
1240575,13
1240591,10
1240592,5
1240595,10
1240618,7
1240621,13
1240643,10
1240730,10
1240756,7
1240782,9
1240910,5
1240927,7
1240963,9
1240983,17
1241014,14
1241053,11
1241155,9
1241169,11
1241239,7
1241273,15
1241287,9
1241298,20
1241324,9
1241340,13
1241346,5
1241347,16
1241369,28
1241456,14
1241478,7
1241508,6
1241571,8
1241599,9
1241620,6
1241626,70
1241655,71
1241716,242
1241765,18
1241828,12
1241887,21
1241933,9
1241936,44
1241966,10
1241968,9
1242019,27
1242037,25
1242046,9
1242068,12
1242085,54
1242086,8
1242091,15
1242142,8
1242149,8
1242164,5
1242183,6
1242191,8
1242204,53
1242211,6
1242239,11
1242252,7
1242260,5
1242267,8
1242298,18
1242307,12
1242347,10
1242349,5
1242363,12
1242401,16
1242402,7
1242492,37
1242517,10
1242518,11
1242532,24
1242608,8
1242654,5
1242675,6
1242723,27
1242733,7
1242775,10
1242811,17
1242812,7
1242815,7
1242846,7
1242894,28
1242924,20
1242933,140
1242934,6
1242936,10
1243005,10
1243062,9
1243079,12
1243152,19
1243174,8
1243246,7
1243259,8
1243276,104
1243292,5
1243349,9
1243355,11
1243356,8
1243373,26
1243374,5
1243381,7
1243384,18
1243394,5
1243399,6
1243407,13
1243408,8
1243415,6
1243431,8
1243437,8
1243440,7
1243450,21
1243538,7
1243565,6
1243685,6
1243713,11
1243722,5
1243769,13
1243772,12
1243781,8
1243800,10
1243892,22
1243917,18
1243927,12
1243940,10
1243956,26
1243967,20
1243982,27
1243988,6
1243992,12
1243993,10
1244027,12
1244128,9
1244133,8
1244143,13
1244159,6
1244216,11
1244299,7
1244354,31
1244363,8
1244364,6
1244374,18
1244423,12
1244448,7
1244455,365
1244487,6
1244488,40
1244489,68
1244503,7
1244506,7
1244511,33
1244519,6
1244609,10
1244639,43
1244672,6
1244713,8
1244745,5
1244798,8
1244978,7
1244979,10
1244988,17
1244993,8
1245001,6
1245028,6
1245033,7
1245041,6
1245079,7
1245086,20
1245090,7
1245104,12
1245146,10
1245172,20
1245175,13
1245200,15
1245246,38
1245247,23
1245261,11
1245321,32
1245324,7
1245356,36
1245384,7
1245399,6
1245445,6
1245456,15
1245478,13
1245483,36
1245486,9
1245527,76
1245539,43
1245579,6
1245612,12
1245641,13
1245646,19
1245720,7
1245751,7
1245783,10
1245805,15
1245836,14
1245842,9
1245848,17
1245868,6
1246089,5
1246150,12
1246190,49
1246229,11
1246237,9
1246248,5
1246252,48
1246325,26
1246328,15
1246332,5
1246350,23
1246385,10
1246463,7
1246473,8
1246568,22
1246659,7
1246769,65
1246773,6
1246816,5
1246873,17
1246902,5
1246935,6
1247015,8
1247093,29
1247146,6
1247160,7
1247178,13
1247191,20
1247193,7
1247194,22
1247271,12
1247279,8
1247331,9
1247333,7
1247351,8
1247383,6
1247384,33
1247429,26
1247526,6
1247557,20
1247575,15
1247577,13
1247662,7
1247700,6
1247807,11
1247808,6
1247814,13
1247860,7
1247880,20
1247999,7
1248011,14
1248040,7
1248043,5
1248059,16
1248071,6
1248074,17
1248093,57
1248116,11
1248138,18
1248153,7
1248185,11
1248203,6
1248222,10
1248232,19
1248236,14
1248247,6
1248258,16
1248276,17
1248296,9
1248334,8
1248335,28
1248413,5
1248422,14
1248430,5
1248431,5
1248452,6
1248475,293
1248481,5
1248511,9
1248557,6
1248570,7
1248576,48
1248605,5
1248652,6
1248701,6
1248721,5
1248756,6
1248784,10
1248790,9
1248793,7
1248798,36
1248823,7
1248986,6
1248998,7
1249019,43
1249024,6
1249066,15
1249087,18
1249088,19
1249090,13
1249118,34
1249191,10
1249209,6
1249233,8
1249362,13
1249380,12
1249392,8
1249405,9
1249420,7
1249445,16
1249451,11
1249455,9
1249497,14
1249501,93
1249620,6
1249634,15
1249713,6
1249777,15
1249838,11
1249885,23
1249888,10
1249954,7
1249972,7
1250068,8
1250126,14
1250214,7
1250237,15
1250243,7
1250252,72
1250260,25
1250295,8
1250296,21
1250353,12
1250374,7
1250390,14
1250468,18
1250516,14
1250528,57
1250539,7
1250543,8
1250554,14
1250579,5
1250596,32
1250618,7
1250661,30
1250710,13
1250761,8
1250764,215
1250774,6
1250803,8
1250833,143
1250838,6
1250863,5
1250865,10
1250912,69
1250919,7
1250992,5
1251020,7
1251030,12
1251039,28
1251082,29
1251084,10
1251111,21
1251123,16
1251226,17
1251242,6
1251273,6
1251301,9
1251349,9
1251405,8
1251413,6
1251419,8
1251426,21
1251440,28
1251537,11
1251623,6
1251647,7
1251669,16
1251694,9
1251702,15
1251733,17
1251739,7
1251821,5
1251824,9
1251827,467
1251841,9
1251891,11
1251912,6
1251914,5
1251918,11
1251954,7
1251980,25
1251983,10
1251998,45
1252012,10
1252121,61
1252123,9
1252177,6
1252202,7
1252240,6
1252246,8
1252378,11
1252381,8
1252464,244
1252478,20
1252496,6
1252503,22
1252505,5
1252506,64
1252519,6
1252529,10
1252545,17
1252562,8
1252587,9
1252624,6
1252663,9
1252676,7
1252685,7
1252714,5
1252776,25
1252823,9
1252857,15
1252910,5
1252954,20
1252976,10
1253038,5
1253056,5
1253111,10
1253113,7
1253169,6
1253194,6
1253198,8
1253255,6
1253278,6
1253302,6
1253333,35
1253340,9
1253366,8
1253371,25
1253380,6
1253415,19
1253419,9
1253421,6
1253448,10
1253474,13
1253478,12
1253522,14
1253534,9
1253546,6
1253552,8
1253590,7
1253599,7
1253612,6
1253625,5
1253663,6
1253679,6
1253714,11
1253735,20
1253746,8
1253790,132
1253806,11
1253814,121
1253841,7
1253890,7
1253892,9
1253905,7
1253908,6
1254035,9
1254049,8
1254087,5
1254177,16
1254238,6
1254246,8
1254326,6
1254358,7
1254443,11
1254450,11
1254458,17
1254460,6
1254464,6
1254496,7
1254509,14
1254517,8
1254521,5
1254522,7
1254566,6
1254612,8
1254629,21
1254735,6
1254769,7
1254776,10
1254824,16
1254831,5
1254993,6
1255017,7
1255020,8
1255030,6
1255107,9
1255132,12
1255136,19
1255144,8
1255190,6
1255229,7
1255288,6
1255341,70
1255399,14
1255431,6
1255436,7
1255442,7
1255451,24
1255465,11
1255493,6
1255528,25
1255599,21
1255637,8
1255651,7
1255652,21
1255679,13
1255706,7
1255725,35
1255745,12
1255765,418
1255803,44
1255829,9
1255964,9
1255976,5
1256002,23
1256010,9
1256020,10
1256026,7
1256056,44
1256077,5
1256178,32
1256257,5
1256318,20
1256319,6
1256356,13
1256400,7
1256403,6
1256408,6
1256456,12
1256467,7
1256515,8
1256649,6
1256667,7
1256698,7
1256736,7
1256756,9
1256772,12
1256774,7
1256788,5
1256825,8
1256925,5
1256943,16
1256957,23
1257003,6
1257025,11
1257029,21
1257068,36
1257103,21
1257142,8
1257157,21
1257246,8
1257330,10
1257342,5
1257346,14
1257358,6
1257405,10
1257427,5
1257431,7
1257436,77
1257447,13
1257516,16
1257560,15
1257606,5
1257607,15
1257641,28
1257685,6
1257708,9
1257723,7
1257729,6
1257754,9
1257775,16
1257786,27
1257890,52
1257896,7
1257898,6
1257909,13
1257949,6
1257978,23
1258005,10
1258027,177
1258115,7
1258139,6
1258145,6
1258153,6
1258222,27
1258228,6
1258231,15
1258287,6
1258288,11
1258326,7
1258361,11
1258363,8
1258437,6
1258451,173
1258456,5
1258476,12
1258503,10
1258530,5
1258574,8
1258604,7
1258609,7
1258610,5
1258617,35
1258665,5
1258676,10
1258754,10
1258765,11
1258784,7
1258816,6
1258817,6
1258925,34
1258972,17
1258987,14
1258996,8
1259011,9
1259032,22
1259035,8
1259052,7
1259077,5
1259095,8
1259096,334
1259101,9
1259121,75
1259133,5
1259172,8
1259235,12
1259242,17
1259257,17
1259258,9
1259318,8
1259388,24
1259389,9
1259439,6
1259448,22
1259462,89
1259534,7
1259555,7
1259563,6
1259669,6
1259706,8
1259713,11
1259729,12
1259745,20
1259792,8
1259838,16
1259863,8
1259867,10
1259897,11
1259940,24
1259982,6
1260025,5
1260043,19
1260157,8
1260219,11
1260255,13
1260260,9
1260310,7
1260341,5
1260416,6
1260425,6
1260431,10
1260526,5
1260534,7
1260560,9
1260562,7
1260684,13
1260703,27
1260705,9
1260715,6
1260735,11
1260761,6
1260765,22
1260805,8
1260832,9
1260834,6
1260850,22
1260859,6
1260920,8
1260924,13
1260932,18
1260964,6
1261040,67
1261064,8
1261065,12
1261080,79
1261100,5
1261147,9
1261178,7
1261204,14
1261228,34
1261302,5
1261319,17
1261325,15
1261403,7
1261459,13
1261467,8
1261473,11
1261495,7
1261538,10
1261554,6
1261593,7
1261613,6
1261633,5
1261658,12
1261676,5
1261679,10
1261738,19
1261742,7
1261744,6
1261766,44
1261773,6
1261793,9
1261854,5
1261887,6
1261945,6
1261991,9
1262001,6
1262051,5
1262090,8
1262100,13
1262112,7
1262136,5
1262145,5
1262207,5
1262244,8
1262259,6
1262261,8
1262297,11
1262301,9
1262322,19
1262323,8
1262348,6
1262428,7
1262440,8
1262525,11
1262533,16
1262541,36
1262610,5
1262623,7
1262673,10
1262746,8
1262766,594
1262768,7
1262774,39
1262779,6
1262802,23
1262814,22
1262890,8
1262900,12
1262911,5
1262939,6
1262968,6
1263008,6
1263033,8
1263204,33
1263221,13
1263226,7
1263241,11
1263248,5
1263254,15
1263303,9
1263330,26
1263337,9
1263360,7
1263375,11
1263397,52
1263423,9
1263424,63
1263518,7
1263552,6
1263602,7
1263603,42
1263620,7
1263628,35
1263681,21
1263688,6
1263691,14
1263715,10
1263740,6
1263744,8
1263760,10
1263793,33
1263798,13
1263820,14
1263861,7
1263890,30
1263897,13
1263937,7
1263941,6
1264008,6
1264012,5
1264018,10
1264110,9
1264138,7
1264140,6
1264185,5
1264188,6
1264211,6
1264282,20
1264288,8
1264289,11
1264331,6
1264340,10
1264453,31
1264465,5
1264471,89
1264562,7
1264581,7
1264588,411
1264602,10
1264618,14
1264623,12
1264709,78
1264735,10
1264776,14
1264791,16
1264849,24
1264936,38
1264937,38
1264948,8
1264967,6
1264979,9
1265009,6
1265016,10
1265032,26
1265070,6
1265074,7
1265075,60
1265084,11
1265120,9
1265125,5
1265155,10
1265179,12
1265180,5
1265210,6
1265216,11
1265234,14
1265235,17
1265237,23
1265241,59
1265260,11
1265274,11
1265305,13
1265351,5
1265365,10
1265419,6
1265432,17
1265451,19
1265538,10
1265541,6
1265565,262
1265585,70
1265682,6
1265690,5
1265717,6
1265733,6
1265762,17
1265788,12
1265816,8
1265824,16
1265825,7
1265894,8
1265908,7
1265925,12
1265934,14
1265935,18
1265972,6
1266004,5
1266005,7
1266114,80
1266138,19
1266160,9
1266161,14
1266198,6
1266209,15
1266212,7
1266214,5
1266215,6
1266289,82
1266297,9
1266326,46
1266359,8
1266380,7
1266438,5
1266439,16
1266530,9
1266539,5
1266547,24
1266562,12
1266619,8
1266629,5
1266714,15
1266788,6
1266801,5
1266808,6
1266848,7
1266902,8
1266910,6
1266918,6
1266932,7
1266960,44
1266964,6
1266971,7
1266978,9
1267004,6
1267038,13
1267100,7
1267160,24
1267189,10
1267198,11
1267205,6
1267238,6
1267267,7
1267335,9
1267388,41
1267422,12
1267437,9
1267507,6
1267540,13
1267592,6
1267603,13
1267604,6
1267638,9
1267645,7
1267668,6
1267669,9
1267789,10
1267796,33
1267799,8
1267809,7
1267819,6
1267820,5
1267821,6
1267828,21
1267859,7
1267874,9
1267875,9
1267898,8
1267916,17
1267985,158
1268030,6
1268058,11
1268062,9
1268063,15
1268064,6
1268086,29
1268090,19
1268154,7
1268158,32
1268159,12
1268190,8
1268208,6
1268223,7
1268253,10
1268305,5
1268330,41
1268341,14
1268371,11
1268403,5
1268416,9
1268511,10
1268514,11
1268593,60
1268599,19
1268629,13
1268668,7
1268673,13
1268730,6
1268742,6
1268775,8
1268780,8
1268793,46
1268809,11
1268819,9
1268839,34
1268848,15
1268857,26
1268900,7
1268915,9
1269063,21
1269096,9
1269204,29
1269232,9
1269270,10
1269293,5
1269345,22
1269412,18
1269421,7
1269422,7
1269429,10
1269430,8
1269439,6
1269487,5
1269492,9
1269533,6
1269588,5
1269610,33
1269626,10
1269843,6
1269846,6
1269855,9
1269974,8
1270031,9
1270074,57
1270075,38
1270095,6
1270123,6
1270158,8
1270193,10
1270197,6
1270222,11
1270223,6
1270225,96
1270292,6
1270316,6
1270440,7
1270444,6
1270462,10
1270493,46
1270497,140
1270505,11
1270571,13
1270588,6
1270642,8
1270648,7
1270685,5
1270698,7
1270704,7
1270726,8
1270831,29
1270862,9
1270863,6
1270866,6
1270877,27
1270932,8
1271035,7
1271050,135
1271055,5
1271056,12
1271063,7
1271122,7
1271144,601
1271157,7
1271226,23
1271256,7
1271282,5
1271313,17
1271383,6
1271396,7
1271428,8
1271449,23
1271491,6
1271535,11
1271590,9
1271645,5
1271672,8
1271681,7
1271731,9
1271739,8
1271757,12
1271773,12
1271801,7
1271802,5
1271805,6
1271860,20
1271869,6
1271887,6
1271988,11
1272021,138
1272051,5
1272098,362
1272101,7
1272107,8
1272131,9
1272133,6
1272167,7
1272179,31
1272180,12
1272188,9
1272190,32
1272203,10
1272236,29
1272256,14
1272298,12
1272395,16
1272402,10
1272411,11
1272439,7
1272452,6
1272460,5
1272466,14
1272470,189
1272494,10
1272511,6
1272514,6
1272547,6
1272573,7
1272574,8
1272631,15
1272701,13
1272742,45
1272761,15
1272791,6
1272802,9
1272812,10
1272816,11
1272842,6
1272857,8
1272937,10
1272940,8
1272957,116
1272994,6
1273013,14
1273044,7
1273068,11
1273086,4432
1273105,10
1273118,10
1273237,12
1273243,20
1273255,7
1273258,8
1273272,7
1273274,6
1273299,20
1273301,7
1273319,9
1273328,19
1273360,18
1273405,54
1273445,5
1273452,5
1273453,5
1273465,6
1273472,11
1273490,7
1273496,8
1273512,5
1273513,13
1273549,5
1273574,7
1273686,7
1273693,47
1273697,49
1273745,16
1273767,5
1273775,6
1273840,11
1273869,10
1273891,11
1273920,6
1273952,23
1273960,6
1273966,10
1274015,25
1274153,10
1274155,39
1274184,12
1274260,15
1274287,13
1274301,26
1274307,12
1274367,12
1274379,34
1274405,31
1274420,20
1274429,8
1274434,7
1274527,5
1274574,6
1274584,31
1274655,35
1274718,37
1274724,7
1274725,9
1274734,5
1274763,7
1274767,6
1274779,6
1274809,16
1274815,25
1274843,15
1274894,7
1274937,9
1274939,6
1274969,36
1274984,11
1274993,6
1275012,37
1275080,6
1275086,7
1275123,31
1275126,27
1275144,8
1275165,24
1275197,28
1275219,14
1275241,9
1275296,11
1275333,21
1275356,7
1275406,12
1275422,7
1275432,6
1275437,5
1275452,13
1275497,12
1275550,13
1275602,7
1275622,12
1275634,8
1275672,13
1275703,11
1275726,10
1275762,6
1275771,8
1275784,17
1275830,147
1275848,102
1275852,7
1275869,13
1275908,6
1275925,5
1275930,18
1275948,6
1275950,51
1276065,11
1276090,9
1276097,7
1276102,5
1276104,23
1276135,9
1276137,7
1276198,15
1276249,7
1276307,7
1276316,6
1276335,5
1276361,22
1276407,17
1276456,15
1276532,9
1276540,8
1276571,7
1276590,11
1276602,8
1276617,5
1276634,11
1276635,61
1276662,83
1276705,12
1276721,14
1276722,43
1276729,34
1276736,9
1276739,43
1276778,10
1276828,8
1276830,6
1276857,40
1276958,41
1276973,6
1276982,13
1277012,6
1277030,7
1277098,6
1277099,10
1277122,6
1277137,45
1277148,8
1277156,13
1277260,5
1277313,14
1277378,24
1277438,5
1277591,491
1277625,20
1277636,8
1277656,11
1277663,8
1277672,19
1277690,9
1277712,6
1277751,8
1277762,5
1277774,6
1277781,11
1277845,8
1277849,10
1277858,54
1277870,6
1277890,7
1277898,10
1277934,6
1277936,9
1277953,21
1277954,6
1277978,109
1278020,10
1278049,16
1278054,7
1278065,20
1278070,10
1278087,14
1278210,32
1278211,6
1278217,9
1278260,14
1278261,29
1278265,25
1278357,8
1278368,10
1278395,13
1278451,10
1278452,84
1278465,64
1278473,9
1278484,11
1278497,7
1278518,7
1278541,6
1278562,6
1278626,44
1278649,63
1278709,5
1278718,6
1278719,8
1278768,33
1278797,160
1278836,61
1278899,7
1278923,8
1278988,9
1279013,14
1279020,60
1279031,8
1279047,9
1279120,19
1279147,11
1279150,526
1279152,7
1279170,37
1279194,30
1279260,136
1279276,8
1279322,6
1279336,12
1279377,9
1279387,23
1279388,6
1279406,6
1279408,68
1279438,8
1279442,7
1279449,8
1279598,10
1279690,6
1279711,21
1279726,8
1279733,6
1279745,6
1279747,54
1279774,6
1279815,8
1279844,6
1279865,105
1279918,10
1279994,7
1280010,6
1280055,22
1280078,6
1280084,10
1280099,17
1280116,8
1280151,17
1280161,7
1280211,11
1280213,6
1280228,8
1280259,5
1280291,11
1280309,9
1280334,7
1280346,6
1280358,9
1280361,13
1280484,59
1280505,7
1280584,75
1280591,8
1280600,21
1280613,6
1280635,6
1280643,6
1280680,39
1280703,6
1280728,11
1280807,13
1280862,9
1280951,6
1280975,7
1281038,8
1281042,33
1281064,23
1281110,6
1281180,8
1281214,8
1281259,8
1281271,6
1281341,28
1281347,29
1281348,7
1281353,5
1281407,7
1281424,8
1281451,5
1281462,6
1281498,12
1281525,8
1281537,9
1281603,26
1281608,6
1281645,6
1281647,18
1281699,5
1281742,7
1281785,5
1281902,7
1281916,12
1281934,9
1282021,13
1282077,6
1282081,13
1282082,9
1282084,6
1282103,25
1282106,18
1282118,5
1282168,5
1282189,146
1282304,6
1282307,8
1282321,8
1282336,7
1282364,20
1282366,9
1282550,6
1282558,22
1282565,41
1282759,97
1282848,7
1282907,9
1282979,9
1283016,14
1283022,61
1283047,6
1283060,6
1283115,9
1283118,10
1283270,13
1283309,6
1283332,7
1283360,43
1283367,6
1283414,70
1283429,6
1283472,9
1283485,81
1283512,8
1283573,65
1283609,13
1283624,6
1283660,9
1283692,9
1283716,18
1283726,188
1283738,11
1283764,9
1283787,16
1283889,7
1283893,8
1283904,6
1283953,12
1283957,7
1283997,18
1284037,13
1284125,6
1284133,16
1284178,9
1284193,12
1284202,6
1284224,7
1284233,39
1284272,5
1284280,6
1284314,54
1284342,49
1284422,9
1284505,66
1284519,11
1284544,12
1284560,5
1284568,6
1284588,19
1284611,8
1284651,7
1284712,15
1284726,6
1284760,10
1284776,7
1284784,8
1284801,7
1284806,12
1284816,643
1284829,6
1284854,35
1284876,5
1284883,13
1284889,22
1284897,7
1284983,13
1285010,11
1285022,6
1285026,8
1285065,11
1285090,5
1285203,10
1285206,6
1285221,52
1285289,7
1285323,6
1285394,78
1285429,6
1285473,5
1285497,5
1285524,11
1285608,6
1285620,7
1285735,9
1285751,10
1285781,6
1285787,20
1285803,24
1285883,11
1285889,10
1285897,6
1285920,8
1285925,12
1285947,15
1285966,10
1286013,12
1286040,21
1286066,6
1286076,6
1286112,5
1286115,6
1286170,6
1286188,9
1286207,7
1286238,21
1286244,8
1286294,101
1286308,12
1286309,8
1286381,5
1286385,5
1286419,14
1286451,5
1286459,7
1286478,13
1286499,11
1286568,6
1286587,9
1286604,5
1286606,25
1286616,6
1286632,5
1286651,10
1286661,8
1286732,7
1286751,16
1286779,13
1286781,8
1286782,11
1286802,23
1286827,7
1286836,28
1286935,5
1286942,9
1286948,7
1286956,9
1287048,8
1287080,5
1287154,6
1287175,24
1287183,9
1287193,22
1287227,14
1287270,8
1287305,8
1287362,17
1287376,11
1287395,7
1287412,161
1287425,19
1287433,10
1287476,9
1287481,11
1287489,6
1287501,16
1287513,7
1287520,23
1287607,6
1287609,34
1287734,7
1287768,6
1287769,14
1287772,13
1287793,7
1287804,10
1287834,10
1287928,32
1287988,7
1288010,7
1288016,11
1288060,25
1288117,9
1288130,11
1288144,11
1288159,18
1288183,26
1288224,6
1288259,21
1288299,143
1288301,8
1288302,37
1288314,5
1288332,10
1288387,7
1288418,7
1288446,11
1288492,18
1288526,6
1288552,9
1288561,12
1288575,12
1288598,7
1288640,6
1288676,24
1288695,7
1288725,58
1288784,18
1288793,7
1288830,7
1288860,6
1288864,9
1288873,9
1288878,139
1288903,11
1288916,56
1288974,6
1289060,8
1289074,8
1289167,45
1289187,20
1289279,5
1289409,52
1289448,8
1289460,14
1289512,8
1289528,27
1289708,29
1289781,17
1289783,5
1289808,20
1289866,6
1289870,15
1289882,7
1289926,8
1289935,6
1289951,7
1289970,16
1289996,19
1290019,71
1290045,71
1290053,6
1290093,12
1290110,18
1290133,13
1290135,7
1290150,5
1290181,5
1290219,6
1290220,6
1290226,8
1290287,12
1290314,18
1290321,16
1290333,6
1290410,6
1290411,5
1290434,17
1290467,7
1290491,91
1290544,13
1290545,54
1290548,5
1290549,10
1290585,59
1290764,5
1290783,13
1290787,7
1290801,7
1290823,24
1290833,7
1290935,8
1290947,18
1290992,7
1291026,14
1291087,16
1291094,14
1291100,5
1291131,9
1291148,7
1291236,9
1291349,52
1291451,45
1291532,18
1291560,5
1291574,5
1291609,12
1291633,7
1291669,5
1291744,30
1291769,11
1291811,27
1291836,6
1291849,30
1291888,27
1291939,8
1291958,30
1292043,18
1292047,7
1292110,39
1292198,12
1292237,9
1292254,15
1292261,7
1292263,9
1292289,8
1292344,9
1292379,8
1292388,6
1292392,5
1292402,6
1292409,13
1292423,11
1292459,39
1292471,5
1292479,5
1292507,7
1292617,6
1292642,57
1292675,25
1292682,17
1292688,6
1292718,21
1292722,9
1292728,7
1292778,63
1292860,155
1292879,9
1292921,18
1293038,8
1293042,8
1293104,5
1293144,50
1293175,29
1293177,7
1293183,11
1293202,5
1293228,6
1293237,45
1293275,9
1293297,7
1293355,14
1293394,13
1293398,6
1293399,13
1293411,5
1293424,9
1293427,11
1293451,10
1293460,267
1293466,36
1293471,10
1293523,11
1293533,59
1293548,10
1293555,8
1293587,7
1293596,7
1293599,6
1293628,17
1293649,6
1293662,5
1293686,10
1293751,10
1293762,8
1293793,10
1293847,6
1293902,11
1293907,12
1293993,13
1294033,15
1294060,7
1294066,5
1294089,19
1294110,11
1294119,6
1294219,58
1294220,21
1294227,16
1294236,7
1294298,42
1294302,41
1294339,17
1294410,9
1294420,6
1294444,42
1294447,6
1294457,18
1294517,68
1294654,6
1294768,74
1294774,27
1294781,9
1294813,16
1294859,65
1294884,16
1294932,5
1294942,16
1294946,40
1294949,7
1294952,5
1294979,7
1294993,33
1294996,19
1295094,6
1295115,8
1295125,8
1295149,6
1295156,7
1295219,253
1295256,7
1295275,48
1295352,8
1295359,5
1295389,8
1295482,10
1295524,22
1295531,6
1295536,5
1295574,5
1295585,7
1295607,7
1295632,17
1295633,8
1295660,7
1295675,10
1295710,34
1295788,10
1295789,8
1295805,6
1295848,6
1295849,7
1295852,19
1295949,8
1295959,5
1295968,5
1295978,5
1296013,8
1296046,6
1296051,51
1296070,8
1296112,17
1296190,9
1296239,6
1296301,15
1296304,7
1296306,13
1296334,5
1296344,7
1296353,10
1296420,5
1296445,89
1296487,7
1296490,14
1296522,9
1296529,18
1296538,16
1296540,7
1296596,7
1296622,59
1296625,16
1296634,23
1296652,9
1296670,49
1296696,103
1296704,5
1296738,7
1296746,196
1296797,8
1296806,9
1296812,9
1296851,7
1296854,19
1296876,7
1296921,9
1296942,6
1297027,5
1297028,101
1297049,9
1297080,6
1297120,18
1297187,8
1297202,6
1297249,26
1297255,6
1297296,10
1297410,15
1297412,333
1297432,38
1297440,8
1297543,8
1297568,11
1297593,31
1297668,12
1297682,6
1297760,5
1297768,6
1297809,6
1297814,9
1297832,8
1297867,6
1297869,6
1297926,15
1297981,19
1298020,14
1298081,35
1298090,7
1298108,64
1298115,28
1298124,15
1298135,15
1298143,11
1298149,8
1298180,5
1298197,17
1298218,14
1298221,23
1298292,8
1298301,42
1298335,14
1298339,20
1298340,8
1298347,7
1298360,7
1298365,7
1298384,6
1298392,44
1298393,7
1298458,5
1298465,9
1298482,9
1298485,64
1298514,5
1298570,6
1298577,15
1298588,18
1298634,6
1298684,31
1298696,5
1298730,5
1298740,11
1298743,1614
1298785,12
1298812,10
1298838,6
1298846,12
1298847,5
1298890,7
1298891,9
1298911,16
1298913,5
1298939,5
1299001,25
1299030,10
1299063,11
1299064,9
1299065,14
1299072,5
1299101,21
1299136,27
1299144,5
1299177,6
1299208,18
1299220,6
1299230,7
1299253,7
1299384,5
1299415,7
1299417,7
1299431,22
1299448,6
1299503,7
1299507,48
1299527,15
1299568,8
1299602,79
1299615,6
1299672,13
1299692,6
1299706,6
1299712,6
1299728,6
1299732,6
1299782,11
1299786,15
1299835,21
1299908,229
1299915,12
1299943,7
1300013,7
1300017,24
1300045,47
1300114,20
1300172,7
1300323,42
1300345,41
1300355,56
1300362,6
1300415,13
1300437,10
1300517,10
1300524,22
1300559,6
1300579,31
1300599,6
1300611,10
1300623,95
1300641,5
1300660,5
1300668,7
1300708,28
1300713,12
1300748,10
1300799,45
1300807,8
1300819,7
1300821,11
1300883,7
1300910,182
1300916,7
1300963,10
1300985,20
1300987,21
1300988,13
1301049,7
1301060,5
1301079,10
1301103,8
1301116,14
1301160,11
1301189,19
1301203,25
1301226,18
1301229,6
1301237,8
1301251,8
1301290,5
1301302,7
1301385,17
1301417,20
1301433,6
1301447,6
1301448,11
1301569,14
1301570,7
1301571,15
1301636,6
1301644,97
1301686,8
1301823,7
1301874,9
1301897,22
1301904,15
1301948,7
1301953,6
1301973,31
1302008,6
1302034,16
1302038,33
1302057,7
1302058,6
1302140,8
1302182,16
1302228,6
1302233,67
1302269,11
1302311,5
1302374,7
1302389,17
1302411,233
1302422,6
1302447,351
1302454,10
1302459,5
1302483,8
1302496,28
1302503,6
1302518,21
1302591,8
1302594,5
1302701,36
1302717,6
1302727,11
1302745,10
1302829,34
1302842,8
1302905,8
1302924,6
1302925,45
1302937,6
1302939,7
1302959,46
1302979,5
1303064,7
1303091,94
1303100,6
1303190,8
1303233,11
1303267,8
1303279,9
1303299,6
1303309,11
1303385,8
1303392,6
1303399,6
1303423,7
1303424,7
1303464,21
1303470,8
1303487,62
1303488,26
1303506,9
1303510,7
1303530,7
1303535,13
1303643,6
1303728,27
1303736,121
1303811,18
1303814,42
1303838,8
1303845,25
1303886,37
1303910,7
1303996,682
1303997,7
1304035,5
1304048,25
1304117,23
1304132,9
1304134,9
1304170,12
1304212,7
1304221,8
1304222,29
1304249,6
1304276,7
1304281,6
1304284,146
1304295,6
1304420,6
1304441,11
1304452,7
1304506,11
1304519,8
1304530,6
1304531,5
1304540,8
1304561,6
1304576,44
1304620,6
1304709,9
1304730,7
1304756,25
1304771,8
1304810,11
1304824,6
1304871,7
1304878,6
1304919,51
1304930,5
1304983,12
1305000,6
1305014,7
1305197,8
1305216,12
1305247,13
1305320,7
1305329,12
1305350,10
1305362,21
1305369,6
1305373,6
1305464,6
1305466,85
1305472,8
1305481,5
1305489,10
1305504,12
1305556,10
1305593,7
1305636,6
1305672,8
1305698,10
1305756,8
1305794,8
1305828,5
1305857,5
1305858,9
1305924,15
1305958,24
1305994,6
1306008,5
1306012,9
1306034,6
1306041,18
1306057,6
1306071,6
1306112,25
1306125,6
1306134,6
1306138,10
1306155,12
1306222,37
1306285,18
1306288,7
1306319,32
1306365,62
1306378,6
1306422,5
1306437,6
1306454,7
1306456,6
1306465,5
1306468,33
1306510,9
1306535,11
1306544,7
1306575,9
1306638,6
1306669,21
1306706,10
1306707,35
1306776,20
1306847,41
1306860,7
1306966,8
1306974,17
1306979,9
1307040,7
1307067,7
1307151,12
1307179,25
1307226,130
1307246,21
1307282,9
1307333,8
1307402,8
1307419,8
1307477,446
1307558,8
1307564,6
1307580,8
1307610,5
1307618,5
1307634,18
1307636,12
1307646,25
1307707,6
1307788,6
1307796,12
1307825,12
1307884,6
1307933,8
1307958,7
1307959,6
1308003,9
1308027,13
1308038,5
1308047,8
1308052,37
1308146,30
1308161,31
1308204,6
1308213,13
1308303,10
1308403,5
1308417,11
1308466,20
1308713,12
1308716,15
1308723,8
1308752,92
1308778,12
1308790,5
1308812,27
1308813,6
1308834,5
1308835,6
1308859,6
1308892,12
1308909,9
1308926,14
1308951,14
1308954,7
1309058,13
1309104,6
1309131,8
1309166,20
1309182,6
1309224,10
1309242,7
1309245,39
1309247,7
1309271,5
1309284,9
1309289,7
1309300,10
1309310,11
1309322,7
1309337,6
1309338,9
1309371,5
1309373,110
1309398,11
1309438,6
1309481,12
1309486,54
1309499,7
1309568,5
1309607,5
1309633,7
1309673,14
1309762,10
1309772,23
1309791,5
1309814,6
1309824,7
1309825,19
1309866,8
1309929,8
1309939,34
1309973,35
1309987,8
1310117,34
1310168,14
1310191,220
1310199,7
1310211,17
1310239,31
1310279,11
1310284,783
1310342,49
1310431,14
1310440,10
1310456,7
1310544,8
1310660,9
1310664,682
1310665,9
1310686,22
1310692,6
1310719,6
1310736,10
1310777,5
1310874,11
1310902,7
1310933,9
1310952,107
1310956,5
1310981,17
1310993,13
1310994,15
1310996,6
1311006,5
1311012,5
1311018,10
1311033,7
1311039,11
1311065,9
1311079,7
1311089,8230
1311111,11
1311164,7
1311175,6
1311179,14
1311260,11
1311299,8
1311384,6
1311390,14
1311392,10
1311405,7
1311441,1765
1311452,15
1311468,6
1311496,5
1311528,6
1311559,11
1311570,17
1311605,5
1311619,9
1311664,346
1311685,10
1311689,23
1311749,26
1311756,9
1311766,24
1311778,8
1311782,6
1311802,6
1311813,8
1311824,9
1311835,921
1311860,26
1311861,7
1311900,10
1311936,6
1311946,9
1311966,7
1311990,8
1311995,6
1312081,22
1312131,9
1312154,8
1312215,51
1312240,13
1312253,11
1312343,7
1312387,13
1312407,8
1312480,8
1312504,38
1312524,127
1312551,6
1312563,8
1312577,10
1312606,7
1312653,10
1312688,14
1312696,5
1312726,7
1312739,7
1312759,6
1312762,6
1312774,5
1312846,6
1312877,9
1312966,15
1313042,14
1313136,29
1313137,10
1313148,6
1313156,8
1313165,7
1313216,29
1313218,7
1313239,35
1313249,6
1313273,8
1313286,75
1313287,6
1313297,6
1313339,12
1313401,25
1313437,6
1313445,28
1313456,7
1313503,8
1313602,63
1313610,19
1313628,8
1313635,10
1313644,19
1313713,71
1313723,11
1313764,6
1313786,9
1313821,23
1313871,9
1313893,17
1313955,6
1313991,10
1314001,24
1314024,30
1314057,9
1314070,20
1314072,13
1314073,36
1314084,5
1314085,6
1314101,35
1314107,22
1314108,10
1314115,11
1314142,12
1314159,19
1314215,7
1314222,8
1314239,7
1314255,5
1314270,11
1314402,5
1314442,15
1314494,6
1314501,16
1314571,23
1314572,82
1314580,10
1314582,19
1314588,9
1314595,9
1314604,5
1314605,7
1314610,9
1314629,8
1314667,5
1314670,6
1314705,5
1314730,12
1314736,33
1314750,5
1314784,286
1314785,30
1314851,8
1314870,6
1314898,6
1314899,12
1314910,10
1314911,5
1314925,16
1314928,26
1314988,5
1315004,6
1315102,7
1315162,6
1315190,10
1315224,16
1315249,6
1315319,13
1315413,11
1315452,6
1315473,23
1315496,5
1315503,28
1315530,6
1315635,15
1315640,10
1315679,19
1315691,28
1315712,6
1315722,9
1315746,7
1315808,12
1315845,19
1315957,5
1315976,6
1316004,17
1316049,31
1316069,6
1316090,67
1316104,7
1316126,13
1316143,6
1316165,6
1316230,5
1316243,41
1316265,10
1316274,6
1316280,25
1316288,7
1316327,37
1316342,13
1316353,9
1316431,23
1316499,9
1316555,164
1316560,7
1316578,17
1316601,21
1316638,57
1316676,51
1316679,42
1316775,6
1316776,6
1316799,7
1316825,12
1316885,498
1316897,5
1316901,8
1316975,6
1317032,7
1317055,8
1317069,7
1317127,10
1317150,6
1317210,138
1317292,20
1317340,245
1317391,6
1317392,11
1317420,19
1317481,12
1317482,11
1317530,12
1317555,7
1317568,6
1317582,6
1317605,11
1317625,10
1317644,201
1317647,7
1317651,7
1317656,7
1317664,17
1317694,13
1317700,6
1317703,9
1317729,7
1317773,10
1317775,6
1317778,14
1317845,11
1317869,25
1317963,137
1318047,7
1318055,22
1318085,98
1318131,6
1318143,23
1318176,12
1318201,5
1318238,17
1318270,38
1318289,17
1318364,6
1318380,26
1318453,5
1318466,30
1318471,40
1318523,8
1318541,9
1318565,10
1318585,5
1318595,7
1318622,9
1318688,13
1318759,6
1318784,145
1318816,7
1318832,52
1318860,25
1318869,6
1318939,19
1318968,5
1318975,6
1318976,7
1319014,6
1319098,5
1319107,13
1319117,6
1319130,9
1319150,8
1319156,10
1319167,13
1319206,16
1319210,9
1319230,23
1319235,6
1319267,6
1319271,15
1319272,6
1319340,14
1319354,5
1319369,7
1319453,30
1319476,6
1319539,20
1319545,6
1319556,22
1319567,6
1319575,5
1319603,7
1319739,10
1319747,6
1319802,11
1319819,5
1319821,10
1319829,18
1319838,7
1319892,9
1319906,13
1319970,5
1320099,8
1320117,20
1320121,7
1320144,7
1320182,8
1320204,10
1320205,39
1320249,42
1320257,5
1320279,6
1320293,19
1320304,8
1320311,16
1320423,7
1320427,18
1320467,73
1320530,18
1320533,11
1320540,10
1320564,8
1320572,6
1320579,28
1320630,20
1320649,7
1320655,8
1320659,137
1320688,7
1320720,7
1320731,18
1320732,6
1320771,14
1320825,8
1320827,5
1320844,6
1320853,42
1320854,39
1320858,5
1320880,8
1320960,40
1320986,31
1321046,44
1321053,9
1321069,24
1321076,24
1321081,7
1321106,61
1321123,6
1321140,73
1321157,26
1321194,7
1321217,6
1321256,12
1321263,60
1321292,8
1321303,7
1321311,11
1321313,14
1321315,46
1321341,8
1321356,10
1321364,6
1321382,19
1321450,7
1321455,56
1321458,7
1321459,11
1321474,9
1321480,8
1321512,34
1321535,5
1321568,6
1321589,20
1321602,5
1321659,52
1321722,7
1321752,16
1321758,6
1321766,9
1321817,46
1321835,19
1321860,6
1321863,5
1321918,6
1321921,7
1321951,5
1321998,7
1322042,6
1322043,8
1322054,9
1322170,166
1322171,7
1322205,517
1322236,8
1322239,8
1322240,5
1322256,110
1322312,32
1322358,9
1322379,35
1322438,11
1322439,6
1322472,186
1322584,8
1322595,11
1322635,7
1322636,5
1322699,8
1322701,7
1322736,8
1322766,24
1322847,5
1322861,9
1322867,8
1322889,12
1322913,6
1322971,7
1323059,13
1323112,5
1323120,386
1323239,6
1323260,7
1323287,17
1323297,6
1323323,49
1323352,6
1323376,7
1323436,6
1323441,9
1323546,6
1323564,7
1323566,11
1323577,109
1323611,20
1323686,8
1323689,6
1323693,5
1323718,8
1323728,6
1323767,6
1323814,22
1323817,5
1323823,163
1323867,8
1323907,10
1323975,6
1324042,22
1324070,6
1324073,11
1324169,7
1324170,112
1324232,7
1324235,13
1324297,7
1324356,12
1324420,6
1324435,7
1324451,8
1324486,7
1324487,6
1324563,5
1324594,8
1324617,16
1324650,9
1324660,17
1324754,27
1324755,5
1324772,72
1324780,9
1324803,14
1324830,6
1324850,10
1324853,7
1324856,7
1324942,31
1324950,6
1324952,18
1324998,6
1325002,8
1325038,10
1325042,6
1325122,5
1325258,11
1325259,7
1325292,7
1325329,7
1325343,16
1325352,6
1325438,218
1325459,12
1325467,8
1325544,9
1325553,6
1325599,78
1325606,12
1325741,13
1325744,7
1325801,16
1325807,29
1325822,5
1325847,9
1325848,5
1325859,6
1325876,9
1325877,5
1325898,8
1325935,10
1325955,6
1325985,6
1325993,6
1326023,9
1326044,6
1326072,30
1326076,25
1326141,6
1326167,8
1326173,8
1326230,7
1326234,14
1326322,8
1326324,18
1326346,9
1326354,13
1326436,6
1326514,9
1326606,6
1326652,13
1326657,8
1326705,23
1326717,8
1326721,16
1326824,60
1326830,8
1326840,8
1326864,6
1326885,9
1326902,6
1326950,66
1326966,5
1326988,9
1326997,8
1326998,19
1327042,42
1327072,9
1327106,9
1327147,33
1327162,10
1327190,14
1327252,26
1327271,14
1327467,40
1327664,16
1327668,29
1327686,81
1327712,20
1327716,6
1327811,6
1327833,6
1327839,7
1327841,7
1327844,7
1327850,5
1327852,28
1327874,7
1327989,16
1327992,9
1327997,8
1328022,38
1328040,46
1328066,10
1328083,7
1328088,5
1328132,22
1328150,48
1328178,10
1328181,15
1328283,10
1328293,11
1328304,6
1328339,10
1328377,7
1328387,7
1328398,7
1328446,12
1328453,14
1328460,5
1328487,52
1328510,35
1328564,9
1328595,22
1328661,9
1328675,210
1328683,6
1328710,6
1328724,22
1328727,12
1328736,40
1328752,14
1328791,9
1328808,9
1328820,8
1328831,13
1328833,8
1328836,6
1328923,5
1328975,83
1328983,51
1328995,73
1329006,11
1329030,19
1329058,9
1329128,7
1329132,41
1329135,34
1329136,8
1329163,5
1329165,6
1329180,32
1329219,7
1329248,10
1329260,5
1329270,8
1329275,11
1329334,31
1329425,16
1329487,7
1329523,14
1329579,8
1329581,15
1329614,10
1329691,6
1329713,7
1329725,11
1329752,6
1329763,6
1329822,20
1329835,11
1329886,15
1329901,18
1329961,8
1330041,12
1330052,9
1330084,9
1330112,18
1330115,6
1330138,10
1330274,15
1330365,37
1330417,5
1330428,8
1330443,6
1330485,11
1330497,19
1330540,7
1330558,6
1330610,6
1330660,7
1330725,12
1330749,6
1330781,13
1330793,52
1330806,15
1330863,27
1330911,8
1331008,13
1331010,14
1331018,7
1331019,11
1331027,17
1331050,18
1331066,23
1331095,136
1331103,8
1331125,7
1331170,11
1331213,349
1331224,8
1331240,9
1331344,8
1331359,58
1331369,5
1331377,60
1331399,9
1331425,7
1331439,6
1331470,16
1331489,72
1331540,9
1331579,33
1331614,12
1331616,7
1331666,13
1331684,5
1331690,9
1331711,6
1331820,6
1331825,9
1331835,5
1331860,33
1331891,6
1331973,14
1332148,8
1332179,8
1332209,23
1332234,11
1332264,10
1332271,8
1332354,20
1332357,101
1332369,7
1332381,70
1332450,13
1332463,15
1332464,47
1332505,22
1332576,18
1332609,14
1332610,7
1332611,9
1332677,10
1332682,7
1332721,61
1332755,11
1332770,22
1332776,6
1332809,9
1332815,14
1332824,6
1332896,5
1332918,62
1332932,8
1332935,6
1332960,59
1332976,9
1333010,6
1333038,222
1333040,11
1333089,9
1333110,7
1333132,9
1333156,38
1333215,6
1333230,6
1333235,5
1333242,56
1333245,10
1333293,5
1333294,34
1333297,6
1333344,6
1333382,5
1333394,18
1333395,66
1333427,6
1333443,6
1333484,5
1333529,12
1333570,12
1333590,8
1333643,9
1333646,34
1333650,5
1333662,8
1333729,10
1333779,17
1333809,6
1333859,9
1333866,10
1333901,6
1333908,6
1333960,7
1333977,6
1333985,12
1333990,36
1334052,13
1334077,10
1334140,7
1334186,13
1334196,21
1334200,13
1334206,7
1334212,14
1334247,21
1334294,27
1334295,8
1334296,10
1334304,13
1334307,8
1334332,5
1334382,7
1334396,32
1334404,37
1334405,12
1334509,19
1334577,5
1334629,10
1334674,11
1334678,5
1334690,8
1334711,25
1334796,6
1334835,5
1334959,6
1334961,11
1334967,13
1335027,27
1335029,11
1335036,16
1335066,20
1335090,6
1335119,46
1335183,6
1335228,11
1335443,6
1335473,6
1335516,12
1335540,7
1335545,84
1335580,5
1335581,516
1335585,5
1335596,44
1335614,19
1335648,20
1335663,241
1335698,9
1335704,6
1335745,50
1335788,13
1335827,33
1335830,62
1335844,9
1335883,11
1335908,14
1336055,5
1336100,7
1336128,6
1336147,9
1336152,9
1336164,7
1336177,13
1336180,6
1336203,7
1336242,7
1336269,9
1336279,7
1336282,10
1336295,80
1336341,5
1336388,18
1336402,9
1336429,9
1336454,6
1336455,10
1336460,9
1336588,5
1336642,29
1336662,7
1336685,9
1336688,17
1336727,7
1336816,10
1336831,18
1336889,16
1336903,9
1336930,21
1336953,8
1336960,11
1336981,6
1337079,20
1337083,8
1337087,8
1337112,22
1337146,6
1337207,74
1337213,5
1337252,44
1337263,7
1337278,40
1337284,10
1337338,21
1337339,5
1337347,24
1337356,14
1337371,21
1337377,12
1337394,8
1337433,10
1337434,19
1337444,45
1337450,6
1337454,7
1337470,8
1337472,9
1337482,17
1337524,11
1337549,55
1337613,6
1337738,22
1337762,18
1337837,7
1337890,8
1337900,23
1337935,12
1337978,6589
1337988,8
1337995,29
1338005,26
1338034,18
1338064,23
1338091,17
1338120,7
1338180,7
1338192,7
1338237,10
1338240,29
1338252,30
1338259,11
1338331,15
1338366,10
1338367,5
1338376,7
1338391,7
1338400,19
1338450,8
1338470,6
1338496,12
1338511,45
1338572,6
1338583,2621
1338584,11
1338602,23
1338640,6
1338700,130
1338733,8
1338855,9
1338959,8
1339049,8
1339094,27
1339097,8
1339113,7
1339118,34
1339172,6
1339180,37
1339195,15
1339199,6
1339207,173
1339257,11
1339346,20
1339347,12
1339357,11
1339404,7
1339437,12
1339477,7
1339520,5
1339553,9
1339614,15
1339667,10
1339705,13
1339768,18
1339770,6
1339793,24
1339814,41
1339825,6
1339882,7
1339949,10
1339980,5
1339993,6
1340010,6
1340041,56
1340062,13
1340256,7
1340273,14
1340381,7
1340389,9
1340390,8
1340397,10
1340402,5
1340431,7
1340443,6
1340465,423
1340523,7
1340549,12
1340552,16
1340572,7
1340578,6
1340589,9
1340604,948
1340627,21
1340640,6
1340649,6
1340781,13
1340837,7
1340894,13
1340912,8
1340918,6
1340921,7
1340927,7
1340938,15
1340970,28
1341018,6
1341033,9
1341104,21
1341114,16
1341184,12
1341191,902
1341225,5
1341227,131
1341228,12
1341256,73
1341260,112
1341275,5
1341375,7
1341390,6
1341402,17
1341437,46
1341464,8
1341530,33
1341531,14
1341557,7
1341565,29
1341576,7
1341597,22
1341623,2186
1341661,37
1341683,9
1341685,7
1341691,26
1341715,13
1341743,7
1341786,572
1341790,5
1341796,24
1341835,132
1341864,18
1341875,156
1341886,7
1341916,15
1341962,12
1341984,8
1342036,6
1342099,20
1342124,13
1342152,8
1342183,6
1342276,22
1342301,8
1342303,7
1342384,16
1342576,9
1342604,44
1342610,8
1342645,34
1342682,7
1342703,30
1342708,12
1342747,10
1342750,7
1342845,9
1342927,37
1343016,12
1343017,12
1343029,15
1343059,6
1343063,9
1343089,58
1343114,7
1343156,6
1343179,13
1343183,10
1343218,10
1343260,8
1343267,8
1343324,15
1343365,5
1343407,9
1343417,278
1343419,36
1343433,12
1343454,62
1343582,64
1343598,17
1343615,9
1343645,22
1343681,10
1343700,6
1343730,8
1343788,5
1343793,13
1343833,7
1343835,21
1343858,8
1343877,13
1343899,179
1343933,5
1343942,6
1343972,7
1343985,6
1344010,28
1344038,7
1344051,6
1344053,13
1344073,26
1344146,43
1344157,8
1344174,7
1344248,10
1344289,7
1344317,24
1344319,8
1344328,9
1344351,60
1344358,24
1344440,46
1344492,10
1344526,10
1344590,6
1344630,12
1344640,18
1344646,6
1344658,9
1344692,9
1344714,43
1344730,7
1344763,89
1344824,17
1344839,15
1344955,50
1344959,7
1344962,5
1344964,37
1344984,8
1344999,64
1345105,7
1345175,10
1345231,9
1345242,8
1345286,6
1345316,21
1345323,11
1345333,20
1345351,7
1345370,12
1345402,11
1345483,7
1345485,12
1345493,6
1345503,475
1345538,8
1345565,35
1345583,15
1345585,7
1345625,13
1345640,7
1345680,6
1345686,13
1345771,20
1345795,34
1345801,5
1345824,12
1345910,7
1345953,22
1345972,6
1345980,6
1345983,6
1346001,7
1346011,50
1346032,8
1346035,5
1346046,12
1346048,7
1346149,13
1346223,28
1346310,6
1346318,52
1346322,5
1346328,41
1346340,13
1346353,7
1346397,9
1346433,7
1346435,8
1346436,12
1346446,7
1346447,17
1346464,127
1346526,5
1346596,45
1346618,6
1346665,7
1346685,43
1346690,5
1346691,113
1346800,20
1346801,11
1346892,29
1346899,29
1346922,9
1346926,10
1346932,12
1346935,6
1346947,6
1346997,11
1347025,5
1347052,83
1347268,12
1347273,16
1347310,14
1347352,13
1347375,8
1347407,13
1347449,25
1347470,54
1347539,6
1347572,13
1347590,9
1347591,9
1347693,16
1347732,5
1347769,6
1347835,41
1347846,7
1347864,9
1347937,7
1347952,6
1347957,7
1347974,7
1347982,7
1348046,11
1348052,14
1348058,7
1348063,20
1348104,6
1348140,16
1348169,7
1348261,6
1348295,10
1348328,7
1348340,10
1348349,21
1348404,5
1348410,5
1348515,8
1348537,10
1348557,6
1348570,5
1348586,6
1348645,18
1348658,8
1348659,5
1348684,7
1348714,12
1348787,13
1348845,29
1348859,77
1348892,18
1348918,28
1348944,7
1348982,9
1348983,6
1349013,17
1349016,11
1349037,18
1349054,5
1349055,10
1349127,7
1349128,6
1349225,152
1349249,11
1349277,7
1349295,5
1349297,10
1349306,16
1349377,6
1349381,7
1349383,5
1349428,8
1349452,12
1349468,500
1349549,11
1349552,7
1349556,9
1349561,6
1349563,6
1349589,7
1349615,8
1349630,43
1349636,6
1349702,7
1349806,20
1349810,12
1349811,11
1349813,9
1349816,10
1349876,12
1349888,11
1349913,2068
1350001,7
1350009,91
1350023,6
1350039,38
1350050,13
1350057,30
1350071,7
1350079,6
1350086,10
1350093,6
1350133,8
1350154,11
1350230,13
1350256,22
1350286,26
1350287,13
1350327,7
1350402,96
1350407,19
1350416,16
1350440,7
1350462,8
1350532,10
1350587,435
1350621,6
1350685,8
1350743,6
1350760,8
1350768,12
1350891,7
1350905,37
1351019,34
1351047,10
1351086,5
1351088,7
1351123,14
1351145,11
1351207,38
1351226,18
1351271,7
1351314,8
1351352,18
1351384,8
1351397,31
1351411,5
1351475,6
1351476,6
1351538,5
1351555,10
1351574,24
1351707,6
1351717,6
1351802,7
1351828,6
1351844,12
1351852,7
1351853,9
1351880,9
1351915,46
1352012,6
1352014,18
1352030,16
1352116,11
1352186,14
1352200,10
1352299,7
1352304,11
1352329,19
1352343,13
1352367,17
1352376,32
1352411,28
1352434,11
1352439,12
1352450,30
1352519,6
1352536,29
1352564,798
1352570,8
1352581,8
1352582,16
1352596,30
1352612,28
1352692,10
1352706,11
1352734,8
1352791,8
1352832,11
1352845,8
1352853,7
1352861,42
1352885,8
1352891,6
1352910,17
1352968,6
1352988,24
1353002,8
1353091,24
1353097,6
1353110,6
1353134,8
1353147,29
1353183,28
1353209,9
1353242,7
1353244,9
1353270,10
1353276,49
1353322,10
1353328,9
1353338,9
1353355,5
1353362,6
1353380,186
1353395,20
1353434,38
1353439,6
1353502,30
1353558,36
1353621,27
1353651,5
1353674,7
1353676,5
1353691,7
1353712,64
1353715,21
1353742,11
1353768,6
1353778,7
1353787,7
1353804,6
1353817,6
1353890,17
1353934,6
1354063,22
1354101,6
1354124,8
1354145,10
1354147,13
1354159,6
1354241,5
1354242,6
1354276,9
1354344,8
1354350,15
1354351,7
1354406,7
1354450,6
1354504,11
1354517,6
1354530,7
1354537,6
1354539,11
1354560,15
1354574,11
1354576,238
1354586,5
1354707,89
1354709,7
1354774,7
1354805,92
1354820,28
1354909,23
1354929,9
1354985,6
1354991,6
1355008,5
1355091,10
1355184,13
1355195,6
1355206,6
1355268,21
1355287,7824
1355298,9
1355315,13
1355365,24
1355400,7
1355438,5
1355527,7
1355561,6
1355594,9
1355595,10
1355705,7
1355712,12
1355728,7
1355732,10
1355740,21
1355770,7
1355803,6
1355828,6
1355838,9
1355856,22
1355886,16
1355901,14
1355943,1615
1355955,14
1355985,5
1355996,81
1356045,29
1356086,9
1356132,177
1356153,185
1356166,7
1356176,18
1356197,8
1356242,28
1356260,17
1356270,9
1356307,7
1356310,6
1356319,5
1356417,12
1356527,9
1356536,7
1356541,70
1356559,173
1356565,16
1356671,5
1356685,2272
1356767,6
1356776,9
1356799,6
1356808,6
1356821,7
1356831,8
1356835,7
1356860,19
1356874,9
1356884,8
1356908,7
1356962,26
1356969,8
1357045,6
1357053,10
1357061,6
1357122,85
1357126,301
1357134,25
1357236,11
1357247,6
1357276,8
1357294,6
1357323,6
1357400,12
1357452,8
1357480,6
1357563,44
1357566,45
1357660,9
1357663,10
1357694,13
1357774,14
1357776,131
1357808,12
1357811,465
1357828,13
1357866,9
1357874,10
1357899,41
1357935,6
1357967,19
1358002,9
1358036,8
1358046,7
1358049,12
1358075,6
1358086,18
1358101,9
1358108,18
1358115,9
1358159,6
1358230,10
1358245,19
1358246,5
1358254,19
1358298,23
1358311,5
1358312,12
1358323,9
1358341,10
1358360,68
1358364,65
1358455,18
1358465,12
1358503,9
1358516,16
1358520,5
1358605,5
1358610,6
1358624,12
1358628,7
1358639,50
1358649,29
1358709,10
1358757,17
1358796,6
1358838,8
1358853,5
1358874,22
1358983,6
1359024,12
1359056,8
1359057,6
1359100,6
1359144,8
1359147,7
1359182,7
1359194,5
1359253,13
1359265,5
1359317,6
1359354,6
1359426,10
1359431,10
1359533,28
1359536,5
1359572,8
1359582,6
1359615,15
1359641,27
1359664,32
1359679,9
1359705,93
1359787,7
1359797,7
1359867,13
1359895,6
1359900,12
1359909,8
1359925,6
1359929,17
1359932,5
1359960,10
1359972,7
1359978,16
1359995,12
1360034,8
1360073,85
1360082,10
1360093,9
1360116,7
1360132,8
1360176,8
1360193,49
1360208,15
1360217,7
1360280,31
1360293,79
1360370,9
1360377,7
1360474,7
1360485,12
1360558,6
1360570,18
1360581,14
1360638,9
1360639,12
1360678,19
1360687,7
1360696,10
1360710,58
1360725,37
1360758,10
1360760,6
1360777,7
1360800,6
1360818,33
1360833,7
1360904,11
1360921,7
1360948,8
1361012,5
1361018,6
1361051,15
1361053,10
1361054,7
1361089,24
1361141,7
1361145,34
1361190,9
1361202,11
1361227,47
1361260,30
1361271,137
1361280,7
1361287,16
1361359,470
1361450,15
1361454,17
1361461,7
1361492,6
1361516,6
1361547,7
1361588,26
1361631,15
1361693,8
1361701,5
1361758,8
1361769,10
1361795,10
1361808,11
1361826,11
1361856,14
1361860,6
1361899,7
1361966,11
1362039,61
1362043,46
1362077,6
1362098,9
1362118,8
1362129,20
1362135,6
1362161,23
1362180,11
1362208,128
1362215,13
1362218,7
1362273,13
1362292,8
1362319,8
1362337,7
1362366,7
1362376,14
1362412,22
1362433,9
1362434,115
1362479,7
1362504,6
1362531,8
1362543,7
1362553,9
1362556,13
1362631,6
1362633,9
1362663,20
1362665,18
1362720,7
1362787,8
1362802,24
1362803,7
1362804,5
1362857,7
1362876,6
1362884,27
1362945,49
1363004,28
1363008,6
1363036,16
1363039,27
1363047,6
1363070,7
1363071,6
1363088,6
1363091,16
1363147,72
1363153,6
1363178,41
1363204,24
1363227,5
1363233,11
1363286,6
1363378,9
1363399,7
1363496,7
1363501,7
1363579,6
1363597,6
1363618,8
1363625,6
1363636,5
1363680,10
1363706,8
1363724,5
1363769,29
1363771,8
1363800,95
1363815,25
1363817,9
1363850,12
1363858,7
1363861,7
1363879,29
1363880,14
1363894,6
1363906,9
1363947,5
1363971,8
1363977,6
1363981,11
1364018,13
1364052,6
1364065,10
1364096,8
1364100,7
1364117,13
1364176,16
1364212,12
1364214,10
1364221,7
1364245,26
1364344,12
1364371,6
1364374,8
1364406,5
1364467,14
1364524,9
1364526,7
1364528,6
1364577,13
1364615,6
1364659,15
1364660,7
1364683,8
1364694,61
1364703,7
1364718,17
1364748,7
1364749,11
1364756,9
1364766,5
1364792,44
1364843,31
1364909,24
1364949,6
1364971,29
1364990,9
1365025,6
1365085,30
1365141,5
1365172,23
1365173,7
1365185,12
1365289,38
1365341,14
1365342,9
1365347,7
1365373,63
1365394,7
1365396,6
1365414,11
1365449,9
1365469,18
1365552,13
1365564,6
1365566,7
1365585,199
1365667,10
1365749,44
1365755,19
1365764,12
1365765,7
1365799,18
1365825,8
1365842,12
1365847,10
1365866,9
1365880,8
1365897,6
1365898,6
1365900,10
1365975,13
1366055,203
1366069,20
1366085,16
1366120,37
1366170,5
1366179,5
1366201,28
1366236,5
1366275,66
1366314,40
1366322,5
1366351,7
1366448,26
1366527,8
1366530,34
1366535,41
1366555,7
1366576,11
1366613,22
1366615,23
1366631,6
1366748,13
1366761,6
1366774,46
1366792,10
1366802,10
1366813,38
1366815,6
1366855,8
1366891,8
1366894,7
1366927,10
1366974,7
1366977,7
1366996,6
1366998,8
1367015,22
1367029,7
1367036,14
1367052,31
1367084,6
1367108,6
1367116,7
1367117,5
1367156,50
1367199,12
1367204,7
1367221,15
1367236,8
1367241,8
1367245,22
1367257,6
1367293,25
1367299,7
1367335,11
1367346,9
1367357,12
1367358,35
1367394,22
1367402,5
1367412,16
1367421,7
1367430,8
1367469,5
1367521,40
1367567,22
1367641,46
1367669,16
1367677,9
1367734,7
1367739,8
1367749,24
1367772,25
1367774,5
1367809,10
1367817,8
1367864,6
1367866,7
1367870,6
1367908,14
1368032,6
1368053,17
1368067,12
1368109,18
1368123,149
1368132,5
1368157,20
1368278,8
1368306,8
1368351,6
1368367,7
1368394,9
1368432,7
1368440,6
1368441,7
1368463,22
1368495,8
1368519,6
1368533,7
1368540,6
1368591,36
1368617,7
1368620,52
1368630,10
1368631,6
1368635,25
1368637,37
1368648,12
1368674,24
1368709,11
1368725,7
1368748,18
1368752,13
1368814,24
1368826,13
1368855,7
1368859,10
1368912,6
1368922,57
1368941,15
1368977,5
1368980,140
1368989,6
1368991,9
1369001,12
1369005,26
1369008,59
1369040,36
1369053,11
1369058,7
1369113,6
1369130,6
1369131,6
1369140,16
1369143,43
1369201,12
1369213,6
1369244,16
1369253,37
1369261,13
1369262,10
1369268,7
1369275,10
1369295,8
1369309,21
1369321,13
1369330,6
1369376,7
1369377,6
1369404,6
1369408,9
1369413,107
1369422,10
1369469,8
1369470,7
1369571,22
1369619,9
1369666,39
1369728,6
1369772,29
1369773,37
1369797,7
1369821,8
1369897,7
1369965,6
1370034,14
1370048,6
1370070,9
1370078,78
1370102,13
1370125,10
1370126,10
1370210,8
1370212,12
1370213,11
1370234,8
1370241,8
1370286,11
1370291,6
1370315,6
1370343,7
1370361,6
1370363,11
1370375,18
1370389,68
1370455,7
1370468,10
1370510,11
1370521,5
1370536,6
1370548,6
1370679,7
1370711,9
1370804,19
1370810,10
1370948,22
1370985,6
1370986,6
1370998,11
1371011,7
1371023,13
1371054,13
1371082,11
1371093,6
1371096,11
1371111,14
1371161,9
1371167,7
1371168,14
1371176,17
1371199,10
1371331,132
1371340,8
1371368,5
1371427,7
1371429,20
1371466,8
1371551,6
1371574,29
1371623,14
1371638,8
1371656,9
1371675,7
1371730,45
1371731,6
1371733,11
1371734,18
1371758,49
1371819,5
1371840,6
1371854,15
1371855,14
1371862,7
1371871,5
1371923,12
1371964,8
1372020,5
1372139,5
1372161,9
1372224,18
1372292,28
1372304,58
1372407,12
1372408,5
1372433,6
1372434,9
1372435,7
1372488,8
1372512,7
1372591,12
1372600,7
1372671,21
1372689,7
1372709,55
1372727,14
1372764,6
1372792,14
1372805,480
1372826,6
1372904,13
1372920,6
1372937,6
1372978,14
1373062,7
1373075,5
1373088,11
1373116,10
1373126,154
1373159,10
1373162,7
1373175,8
1373177,5
1373192,19
1373193,9
1373208,7
1373214,9
1373229,28
1373247,6
1373276,9
1373314,63
1373340,47
1373350,6
1373351,16
1373358,16
1373363,5
1373368,78
1373470,10
1373471,10
1373475,6
1373507,13
1373521,8
1373603,13
1373622,12
1373625,6
1373629,22
1373688,12
1373696,6
1373700,6
1373704,7
1373712,29
1373734,8
1373740,7
1373824,8
1373869,10
1373888,6
1373890,48
1373938,7
1373981,21
1373998,16
1373999,5
1374030,13
1374037,15
1374066,10
1374112,6
1374149,14
1374184,9
1374211,7
1374277,14
1374285,10
1374304,7
1374308,6
1374324,7
1374373,18
1374376,6
1374415,65
1374428,9
1374525,7
1374613,14
1374620,7
1374648,6
1374683,15
1374721,66
1374740,89
1374887,8
1374965,50
1374966,5
1374976,25
1375006,15
1375132,31
1375170,13
1375192,25
1375204,15
1375246,6
1375283,11
1375308,41
1375334,11
1375336,6
1375480,12
1375540,449
1375554,7
1375588,8
1375591,8
1375614,12
1375629,21
1375673,5
1375684,20
1375753,7
1375755,13
1375773,6
1375886,26
1375887,246
1375900,14
1375986,23
1375995,6
1376003,12
1376026,484
1376115,6
1376245,8
1376270,17
1376277,32
1376382,6
1376385,20
1376398,9
1376403,16
1376527,6
1376556,5
1376587,7
1376597,7
1376605,9
1376614,7
1376630,10
1376637,7
1376655,8
1376694,2326
1376749,11
1376760,7
1376784,21
1376796,5
1376844,74
1376852,24
1376861,6
1376863,5
1376881,6
1376902,15
1376984,7
1376998,6
1377064,12
1377150,6
1377152,35
1377153,22
1377211,6
1377269,18
1377379,5
1377381,12
1377382,8
1377447,8
1377591,9
1377600,10
1377605,8
1377630,7
1377700,7
1377708,73
1377715,7
1377719,16
1377733,13
1377781,11
1377795,6
1377818,13
1377836,7
1377837,8
1377858,7
1377888,5
1377896,21
1377900,8
1377933,26
1378018,16
1378019,5
1378037,11
1378058,39
1378100,6
1378110,6
1378137,6
1378152,7
1378154,30
1378166,8
1378207,6
1378216,5
1378374,5
1378404,16
1378426,7
1378482,6
1378516,58
1378537,10
1378549,7
1378556,6
1378613,14
1378677,81
1378690,10
1378720,21
1378726,14
1378735,10
1378743,17
1378801,8
1378825,20
1378831,6
1378846,6
1378854,12
1378866,6
1378941,5
1378970,8
1378994,8
1379027,26
1379059,6
1379066,24
1379113,7
1379173,12
1379187,10
1379225,16
1379229,11
1379250,46
1379253,6
1379261,10
1379289,6
1379336,8
1379366,6
1379385,9
1379390,13
1379417,23
1379434,10
1379447,8
1379481,7
1379494,1279
1379680,12
1379690,5
1379706,16
1379785,48
1379818,8
1379819,60
1379840,9
1379848,5
1379956,30
1379968,7
1379991,7
1380062,8
1380079,87
1380085,8
1380114,6
1380144,9
1380153,6
1380163,5
1380166,13
1380201,10
1380221,10
1380235,7
1380253,37
1380260,5
1380316,15
1380319,67
1380364,10
1380377,8
1380489,12
1380496,7
1380505,33
1380524,7
1380563,8
1380646,32
1380648,7
1380691,7
1380739,11
1380740,12
1380794,7
1380814,15
1380829,6
1380874,6
1380892,115
1380893,9
1380901,6
1380931,8
1380948,11
1380965,8
1380982,13
1381115,5
1381182,10
1381218,23
1381226,7
1381237,59
1381254,99
1381268,27
1381276,8
1381304,9
1381350,7
1381362,5
1381370,46
1381372,17
1381406,6
1381436,8
1381452,6
1381540,16
1381551,7
1381581,7
1381593,6
1381609,6
1381689,12
1381690,26
1381716,54
1381804,33
1381844,12
1381873,95
1381879,12
1382020,11
1382076,30
1382090,25
1382100,7
1382157,8
1382172,50
1382219,16
1382238,7
1382245,5
1382268,7
1382341,10
1382345,9
1382357,27
1382361,24
1382375,8
1382407,10
1382412,8
1382431,141
1382561,9
1382572,10
1382582,24
1382603,10
1382620,6
1382637,10
1382648,176
1382656,7
1382720,11
1382778,69
1382779,6
1382819,7
1382855,6
1382859,14
1382867,8
1382869,7
1382886,41
1383042,11
1383116,103
1383126,42
1383128,7
1383155,100
1383167,98
1383173,27
1383210,8
1383258,13
1383268,8
1383346,7
1383347,9
1383375,9
1383382,30
1383384,5
1383397,7
1383427,6
1383467,6
1383499,9
1383528,388
1383530,5
1383542,12
1383567,27
1383582,7
1383616,16
1383643,6
1383647,7
1383662,5
1383668,23
1383674,5
1383777,16
1383796,8
1383805,7
1383900,10
1383965,6
1383978,25
1384086,6
1384088,13
1384138,10
1384139,11
1384142,5
1384148,7
1384156,7
1384222,25
1384310,14
1384349,82
1384353,32
1384379,5
1384380,7
1384422,7
1384452,34
1384494,9
1384531,13
1384533,12
1384534,8
1384535,7
1384592,541
1384594,13
1384618,94
1384648,14
1384668,8
1384686,5
1384721,14
1384722,19
1384731,5
1384748,13
1384782,13
1384844,44
1384850,8
1384878,5
1384880,5
1384926,17
1384976,14
1385008,13
1385010,9
1385021,7
1385061,7
1385064,35
1385065,7
1385164,7
1385211,6
1385224,9
1385291,12
1385301,7
1385302,23
1385307,9
1385379,7
1385434,10
1385455,5
1385473,8
1385486,6
1385523,18
1385564,10
1385608,17
1385632,19
1385686,17
1385702,45
1385781,859
1385827,6
1385852,6
1385865,6
1385981,31
1385987,38
1386010,7
1386053,9
1386061,129
1386087,6
1386108,5
1386128,5
1386129,6
1386133,20
1386140,9
1386142,7
1386216,7
1386233,62
1386248,7
1386252,5
1386277,7
1386288,12
1386346,12
1386361,37
1386382,107
1386441,10
1386445,15
1386448,100
1386462,7
1386463,7
1386470,9
1386501,6
1386593,27
1386594,93
1386614,7
1386647,14
1386706,27
1386718,14
1386722,7
1386748,8
1386907,7
1386908,6
1386937,15
1386958,19
1387018,7
1387059,5
1387078,38
1387079,40
1387112,137
1387158,6
1387199,10
1387270,7
1387284,12
1387312,7
1387314,5
1387322,10
1387340,15
1387359,5
1387367,7
1387445,8
1387478,8
1387518,7
1387520,5
1387547,12
1387576,8
1387665,20
1387666,16
1387774,23
1387814,14
1387830,7
1387868,6
1387943,14
1387953,5
1387964,9
1387972,6
1387973,11
1388013,17
1388015,26
1388022,62
1388042,48
1388072,7
1388097,15
1388100,7
1388174,11
1388251,16
1388277,7
1388346,5
1388443,8
1388460,13
1388466,8712
1388468,48
1388483,7
1388566,14
1388604,6
1388608,6
1388690,7
1388692,8
1388700,5
1388747,18
1388802,7
1388856,8
1388860,11
1388952,6
1388980,7
1388991,15
1389045,16
1389069,18
1389072,10
1389150,21
1389188,11
1389191,6
1389206,8
1389211,6
1389249,76
1389262,6
1389291,9
1389298,15
1389329,10
1389342,11
1389421,7
1389449,17
1389455,6
1389484,13
1389488,21
1389522,16
1389523,13
1389524,96
1389550,13
1389600,17
1389616,28
1389643,28
1389646,11
1389655,6
1389661,7
1389727,7
1389740,13
1389761,6
1389766,11
1389767,749
1389776,10
1389781,6
1389789,11
1389825,8
1389828,13
1389830,5
1389899,24
1389933,6
1389935,5
1389960,6
1390042,6
1390081,6
1390084,222
1390114,7
1390120,9
1390121,15
1390125,8
1390154,8
1390171,15
1390197,6
1390211,11
1390233,13
1390267,17
1390390,7
1390470,9
1390522,44
1390547,6
1390557,23
1390659,9
1390732,7
1390822,7
1390852,38
1390937,7
1390950,6
1390957,7
1390961,10
1390971,7
1390974,11
1390981,8
1390998,13
1391061,6
1391092,183
1391123,25
1391219,9
1391231,8
1391283,9
1391343,7
1391352,27
1391363,5
1391406,11
1391470,8
1391499,26
1391520,8
1391589,9
1391594,55
1391617,9
1391661,7
1391672,22
1391706,12
1391728,6
1391789,7
1391796,11
1391801,16
1391806,17
1391859,7
1391901,11
1391923,6
1391965,6
1391980,6
1392089,11
1392100,5
1392142,10
1392151,7
1392152,7
1392176,17
1392214,5
1392258,5
1392284,9
1392407,12
1392413,5
1392458,6
1392473,8
1392505,6
1392506,6
1392549,8
1392550,10
1392576,6
1392579,25
1392643,18
1392647,10
1392654,6
1392687,6
1392738,6
1392772,7
1392795,13
1392832,32
1392851,17
1392917,7
1392957,9
1392970,6
1392973,216
1393028,6
1393070,26
1393083,7
1393094,10
1393162,10
1393163,5
1393250,10
1393287,25
1393289,17
1393313,7
1393334,11
1393358,25
1393417,18
1393453,5
1393507,14
1393525,9
1393532,5
1393533,7
1393577,7
1393597,13
1393613,10
1393660,18
1393669,8
1393683,7
1393696,6
1393738,9
1393739,27
1393748,6
1393758,10
1393818,7
1393828,5
1393884,15
1393888,13
1393891,25
1393923,6
1393926,6
1393928,8
1393932,22
1393956,22
1393999,6
1394031,7
1394055,7
1394065,7
1394109,21
1394144,14
1394157,7
1394163,18
1394164,9
1394203,30
1394262,21
1394430,17
1394506,17
1394594,7
1394595,7
1394605,7
1394611,7
1394625,9
1394627,12
1394639,8
1394643,11
1394663,6
1394671,7
1394682,9
1394710,20
1394714,23
1394735,17
1394785,6
1394964,210
1394971,5
1395041,15
1395082,14
1395083,11
1395149,8
1395237,11
1395270,6
1395286,19
1395287,42
1395302,9
1395311,6
1395346,6
1395353,9
1395392,19
1395412,15
1395442,5
1395454,6
1395495,6
1395503,12
1395576,9
1395579,5
1395614,15
1395635,7
1395639,12
1395653,10
1395735,8
1395756,9
1395770,152
1395803,22
1395844,39
1395871,5
1395892,31
1395919,5
1395927,8
1395985,6
1396018,5
1396062,24
1396093,9
1396183,10
1396200,6
1396212,15
1396248,5
1396256,10
1396296,114
1396368,9
1396456,5
1396457,62
1396477,6
1396485,8
1396495,15
1396509,48
1396537,9
1396564,9
1396604,6
1396627,6
1396649,10
1396696,6
1396728,20
1396751,7
1396768,19
1396793,18
1396794,60
1396812,6
1396835,6
1396838,10
1396892,39
1396924,12
1397040,8
1397127,7
1397129,18
1397149,12
1397154,12
1397163,9
1397226,76
1397245,5
1397298,6
1397370,82
1397392,29
1397480,5
1397490,6
1397526,5
1397602,9
1397626,8
1397713,14
1397740,6
1397809,14
1397821,5
1397879,153
1397893,28
1397938,8
1397953,20
1397967,6
1397969,21
1398029,12
1398031,8
1398141,6
1398145,10
1398151,23
1398209,10
1398211,122
1398235,16
1398269,9
1398375,10
1398465,7
1398495,9
1398542,36
1398565,7
1398578,8
1398605,14
1398617,9
1398637,9
1398669,6
1398803,12
1398812,6
1398847,7
1398877,11
1398894,6
1398932,9
1399074,28
1399077,7
1399109,7
1399146,38
1399153,5
1399164,8
1399181,17
1399191,20
1399212,18
1399227,10
1399263,12
1399279,9
1399376,13
1399466,22
1399584,34
1399624,6
1399657,10
1399662,8
1399690,14
1399715,175
1399718,9
1399734,6
1399735,25
1399743,20
1399744,18
1399748,23
1399804,31
1399812,8
1399869,17
1399907,13
1399920,8
1399948,8
1399956,18
1399975,6
1399983,6
1399999,7
1400002,6
1400003,11
1400030,278
1400149,8
1400151,9
1400154,11
1400164,15
1400191,45
1400255,35
1400295,6
1400330,18
1400428,27
1400439,5
1400499,14
1400549,10
1400619,6
1400627,11
1400628,24
1400631,6
1400727,9
1400729,255
1400773,31
1400791,36
1400792,7
1400810,12
1400817,560
1400835,5
1400863,5
1400920,9
1400926,5
1400985,5
1400997,95
1400999,16
1401068,8
1401077,19
1401078,15
1401150,15
1401209,16
1401215,9
1401244,14
1401262,66
1401309,9
1401345,6
1401373,6
1401374,6
1401399,7
1401400,29
1401452,7
1401517,34
1401572,43
1401616,7
1401626,7
1401633,9
1401684,26
1401727,5
1401739,21
1401748,6
1401763,51
1401843,5
1401854,10
1401893,18
1401958,7
1402034,16
1402039,14
1402171,6
1402206,6
1402209,8
1402249,6
1402263,5
1402295,6
1402314,10
1402331,7
1402343,17
1402356,7
1402382,10
1402400,18
1402407,6
1402418,7
1402443,5
1402473,6
1402482,50
1402536,114
1402539,6
1402548,6
1402581,6
1402591,7
1402630,6
1402633,23
1402635,6
1402662,16
1402703,16
1402734,6
1402758,5
1402766,6
1402773,25
1402802,8
1402818,6
1402828,10
1402838,12
1402869,103
1402924,11
1402979,6
1403028,5
1403125,5
1403134,28
1403172,6
1403178,6
1403294,5
1403358,8
1403377,25
1403396,6
1403418,10
1403479,21
1403500,17
1403505,6
1403528,6
1403530,12
1403550,22
1403596,6
1403613,13
1403658,9
1403682,15
1403693,15
1403740,10
1403773,502
1403791,8
1403798,59
1403823,20
1403894,6
1403951,22
1404019,32
1404049,11
1404094,7
1404174,8
1404210,5
1404218,7
1404227,8
1404244,7
1404301,7
1404342,14
1404380,12
1404398,9
1404427,241
1404434,5
1404496,58
1404575,7
1404629,16
1404648,24
1404703,9
1404712,6
1404716,5
1404729,6
1404756,10
1404785,7
1404832,29
1404929,7
1404970,17
1405027,21
1405079,11
1405102,11
1405111,27
1405124,6
1405149,7
1405150,27
1405182,13
1405204,8
1405221,9
1405245,19
1405267,7
1405284,11
1405377,5
1405390,6
1405400,14
1405413,5
1405422,38
1405453,64
1405464,37
1405477,16
1405484,8
1405540,8
1405564,38
1405579,11
1405583,11
1405599,7
1405603,7
1405650,6
1405651,10
1405687,7
1405722,19
1405726,13
1405739,7
1405741,6
1405743,5
1405745,14
1405765,24
1405790,6
1405819,117
1405831,26
1405843,6
1405941,7
1405973,7
1405990,9
1405992,13
1405993,10
1406094,11
1406104,7
1406141,13
1406145,58
1406199,9
1406212,24
1406365,9
1406372,18
1406455,241
1406467,24
1406471,8
1406484,18
1406538,10
1406557,6
1406569,8
1406571,13
1406603,38
1406637,26
1406692,64
1406693,12
1406714,5
1406719,6
1406721,7
1406788,52
1406849,15
1406941,14
1406988,18
1407043,13
1407092,9
1407125,5
1407126,9
1407193,16
1407199,9
1407207,21
1407212,7
1407241,8
1407251,5
1407276,15
1407308,7
1407314,25
1407351,6
1407512,14
1407551,8
1407701,15
1407708,12
1407873,10
1407882,194
1407897,8
1407904,9
1407973,11
1407993,39
1408032,13
1408043,7
1408087,7
1408104,5
1408174,11
1408252,65
1408280,110
1408312,6
1408361,6
1408384,7
1408390,6
1408411,34
1408531,12
1408536,10
1408596,6
1408652,7
1408671,7
1408676,6
1408742,7
1408802,13
1408823,13
1408912,16
1408947,10
1408968,7
1408977,11
1408988,6
1409060,9
1409124,11
1409150,7
1409162,9
1409172,141
1409205,10
1409206,7
1409216,5
1409244,5
1409296,10
1409356,7
1409403,14
1409429,5
1409471,181
1409552,17
1409553,19
1409572,10
1409619,7
1409624,24
1409685,6
1409701,15
1409718,36
1409753,18
1409780,80
1409787,11
1409804,320
1409827,40
1409889,6
1409902,9
1409912,5
1409930,10
1409968,16
1409982,292
1409989,5
1410005,14
1410047,54
1410081,9
1410082,7
1410086,12
1410129,28
1410160,9
1410168,15
1410171,21
1410172,7
1410190,6
1410213,8
1410222,10
1410235,100
1410237,12
1410257,7
1410274,12
1410287,7
1410288,5
1410343,28
1410377,20
1410379,25
1410447,18
1410500,6
1410510,28
1410547,17
1410552,14
1410575,138
1410609,8
1410649,12
1410677,15
1410684,21
1410685,45
1410745,11
1410750,9
1410763,35
1410773,5
1410836,10
1410863,8
1410886,102
1410922,8
1410973,10
1410989,6
1411016,6
1411021,20
1411064,6
1411099,5
1411115,18
1411160,6
1411161,13
1411190,19
1411219,13
1411248,8
1411275,7
1411341,7
1411465,9
1411503,7
1411576,6
1411582,12
1411587,24
1411644,6
1411661,7
1411671,7
1411673,9
1411684,15
1411723,7
1411729,53
1411764,7
1411813,5
1411820,6
1411873,7
1411890,6
1411892,10
1411947,45
1411991,38
1411996,5
1411998,6
1412039,80
1412045,58
1412094,9
1412133,135
1412160,16
1412202,6
1412206,14
1412228,6
1412229,7
1412236,10
1412305,6
1412313,24
1412343,14
1412397,7
1412422,12
1412482,8
1412496,25
1412518,17
1412549,16
1412565,13
1412729,10
1412805,11
1412812,7
1412866,33
1412874,24
1412952,7
1413002,6
1413013,6
1413059,7
1413153,14
1413164,7
1413195,8
1413243,15
1413278,11
1413290,6
1413295,13
1413328,6
1413332,7
1413343,6
1413362,7
1413403,38
1413489,9
1413492,15
1413559,6
1413584,6
1413591,6
1413665,35
1413717,10
1413742,6
1413782,6
1413786,66
1413913,7
1413959,7
1413982,58
1413984,16
1413998,21
1414005,21
1414015,6
1414026,7
1414067,6
1414108,40
1414223,8
1414228,32
1414285,14
1414303,6
1414304,6
1414360,7
1414378,6
1414382,16
1414453,6
1414499,12
1414503,14
1414618,6
1414634,47
1414700,38
1414779,14
1414803,7
1414831,6
1414865,11
1414869,6
1414936,7
1414979,7
1414981,6
1414984,14
1415027,20
1415041,5
1415081,37
1415150,32
1415170,51
1415232,6
1415307,6
1415310,7
1415346,44
1415382,5
1415429,6
1415459,17
1415505,32
1415521,5
1415533,35
1415539,9
1415571,28
1415608,5
1415649,8
1415685,22
1415712,7
1415741,18
1415801,7
1415843,6
1415855,6
1415856,12
1415861,6
1415873,8
1415911,15
1415932,16
1415938,13
1415954,17
1415967,12
1416089,5
1416090,7
1416128,7
1416133,29
1416137,23
1416150,15
1416196,6
1416219,10
1416277,6
1416288,5
1416319,8
1416338,25
1416364,8
1416378,9
1416413,14
1416415,16
1416446,8
1416470,9
1416482,13
1416488,7
1416506,11
1416533,12
1416551,6
1416612,10
1416734,34
1416759,9
1416765,10
1416781,6
1416798,11
1416823,5
1416878,26
1416924,5
1416958,10
1416961,17
1416964,10
1417007,5
1417022,20
1417094,11
1417106,6
1417107,6
1417114,9
1417171,8
1417193,26
1417272,8
1417297,7
1417333,6
1417345,7
1417349,9
1417365,8
1417384,8
1417573,28
1417579,8
1417601,6
1417621,8
1417631,10
1417639,7
1417768,9
1417787,27
1417790,5
1417824,15
1417856,40
1417909,46
1417927,5
1417950,5
1417956,6
1417963,14
1417968,6
1417986,9
1418103,8
1418120,9
1418164,13
1418224,7
1418240,101
1418251,9
1418264,18
1418390,7
1418408,22
1418417,10
1418443,5
1418506,6
1418523,457
1418613,10
1418628,16
1418679,5
1418692,27
1418743,23
1418770,12
1418780,45
1418792,10
1418794,19
1418805,10
1418865,8
1418887,5
1418888,6
1418924,7
1418932,8
1419019,20
1419030,5
1419143,8
1419150,6
1419173,31
1419188,13
1419191,6
1419221,11
1419251,7
1419347,7
1419357,17
1419396,6
1419404,27
1419496,49
1419526,8
1419555,14
1419581,45
1419606,9
1419629,6
1419647,6
1419656,6
1419689,13
1419788,9
1419789,22
1419799,5
1419851,5
1419865,17
1419867,26
1419894,6
1419934,9
1419998,9
1420088,31
1420142,8
1420182,6
1420183,6
1420185,5
1420193,7
1420218,110
1420279,12
1420295,15
1420310,6
1420311,7
1420324,6
1420332,5
1420380,184
1420430,9
1420444,7
1420467,10
1420468,5
1420488,6
1420492,6
1420588,9
1420617,9
1420619,13
1420620,6
1420626,8
1420629,9
1420634,7
1420674,5
1420746,11
1420754,12
1420769,8
1420784,18
1420790,21
1420828,10
1420837,7
1420838,17
1420845,6
1420869,14
1420897,136
1420949,16
1421001,11
1421010,8
1421037,10
1421043,14
1421087,13
1421113,19
1421304,6
1421306,106
1421361,6
1421436,8
1421507,12
1421509,11
1421535,7
1421560,11
1421574,7
1421604,5
1421607,8
1421608,189
1421620,17
1421629,8
1421659,26
1421695,5
1421706,6
1421719,8
1421760,7
1421771,6
1421799,7
1421803,6
1421824,16
1421870,8
1421904,9
1421914,22
1421950,11
1421990,7
1422012,48
1422026,10
1422038,8
1422106,9
1422108,9
1422110,9
1422211,21
1422250,7
1422253,12
1422258,7
1422282,14
1422407,62
1422409,8
1422452,7
1422494,7
1422504,7
1422513,7
1422557,6
1422600,26
1422613,7
1422630,9
1422631,6
1422636,5
1422663,18
1422716,6
1422866,6
1422879,263
1422937,11
1422960,6
1422962,6
1422981,5
1422996,6
1423025,17
1423043,7
1423060,31
1423087,6
1423098,10
1423114,9
1423138,13
1423149,9
1423153,8
1423184,6
1423228,14
1423291,16
1423301,8
1423314,8
1423334,9
1423371,7
1423435,5
1423439,23
1423442,6
1423524,172
1423610,8
1423612,9
1423620,12
1423621,12
1423624,6
1423678,8
1423685,45
1423699,8
1423707,6
1423709,7
1423713,11
1423716,24
1423718,41
1423773,22
1423786,38
1423794,13
1423854,5
1423925,5
1423935,8
1423955,24
1423983,5
1424039,7
1424072,82
1424111,7
1424124,6
1424132,9
1424142,6
1424192,20
1424305,5
1424347,7
1424358,8
1424359,28
1424407,8
1424463,14
1424577,7
1424663,9
1424731,8
1424799,5
1424803,7
1424919,40
1424923,5
1424928,6
1424973,21
1424974,5
1424979,14
1424995,9
1425051,9
1425089,10
1425090,6
1425091,7
1425117,16
1425122,8
1425154,7
1425156,7
1425193,8
1425203,5
1425222,14
1425235,6
1425308,12
1425326,8
1425332,6
1425370,9
1425441,47
1425451,8
1425497,6
1425535,19
1425584,25
1425597,9
1425613,7
1425623,10
1425637,180
1425641,12
1425669,9
1425732,8
1425750,6
1425811,6
1425879,7
1425880,9
1425888,394
1425893,19
1425904,9
1425914,9
1425918,9
1425923,24
1425975,21
1426007,11
1426025,6
1426084,9
1426088,13
1426120,9
1426171,8
1426226,7
1426242,40
1426283,9
1426291,11
1426292,9
1426322,7
1426347,6
1426369,8
1426392,29
1426424,6
1426462,6
1426466,7
1426511,15
1426515,5
1426532,9
1426561,5
1426567,21
1426608,14
1426611,15
1426613,248
1426659,12
1426662,29
1426686,8
1426716,31
1426727,6
1426728,6
1426780,12
1426794,26
1426800,5
1426802,157
1426815,16
1426854,11
1426862,12
1426863,6
1426899,10
1426909,7
1426912,11
1426945,9
1427042,875
1427112,11
1427138,23
1427238,8
1427262,6
1427275,20
1427288,10
1427291,11
1427371,5
1427393,7
1427398,9
1427482,15
1427483,6
1427531,14
1427545,29
1427563,5
1427579,9
1427638,6
1427665,20
1427677,9
1427682,6
1427694,20
1427696,7
1427707,18
1427724,8
1427746,14
1427779,11
1427782,157
1427793,20
1427858,10
1427879,21
1427889,7
1427897,17
1427899,8
1427900,119
1427921,6
1428020,6
1428047,6
1428067,8
1428068,6
1428174,5
1428181,13
1428186,9
1428205,14
1428275,6
1428319,18
1428326,5
1428346,13
1428357,21
1428415,17
1428443,60
1428452,16
1428578,6
1428644,6
1428645,21
1428683,6
1428696,12
1428697,6
1428715,6
1428765,6
1428833,8
1428887,6
1428906,6
1428917,66
1428925,8
1428974,8
1428985,11
1428999,9
1429065,6
1429082,14
1429121,24
1429140,20
1429163,14
1429179,5
1429212,9
1429271,10
1429283,48
1429332,10
1429407,13
1429429,6
1429451,11
1429453,11
1429478,65
1429479,14
1429500,8
1429525,8
1429544,32
1429548,10
1429586,6
1429589,12
1429706,5
1429707,6
1429713,8
1429783,10
1429794,9
1429804,11
1429810,16
1429840,6
1429958,6
1429959,46
1429976,21
1430025,38
1430031,85
1430097,11
1430110,5
1430199,12
1430208,14
1430212,10
1430318,12
1430362,6
1430496,59
1430498,120
1430527,69
1430566,9
1430579,6
1430599,51
1430604,9
1430617,6
1430659,6
1430675,7
1430685,10
1430694,8
1430732,18
1430803,5
1430827,58
1430897,351
1430927,6
1430929,6
1430930,8
1430937,7
1430954,18
1430960,7
1430973,25
1430976,187
1430999,7
1431018,19
1431025,7
1431069,6
1431216,78
1431223,11
1431259,8
1431366,5
1431403,13
1431443,7
1431451,21
1431461,18
1431497,1621
1431498,25
1431518,7
1431550,12
1431555,5
1431619,8
1431645,16
1431704,7
1431710,5
1431720,18
1431721,7
1431727,7
1431803,22
1431810,7
1431844,9
1431865,369
1431870,21
1431890,5
1431913,10
1432015,63
1432021,6
1432048,13
1432094,6
1432115,6
1432135,16
1432151,8
1432154,132
1432187,7
1432198,21
1432204,6
1432272,30
1432298,6
1432322,10
1432406,6
1432463,13
1432527,243
1432602,7
1432615,8
1432617,7
1432641,7
1432742,5
1432849,5
1432918,6
1432928,10
1432932,11
1432950,11
1432980,20
1433001,39
1433004,15
1433055,75
1433063,40
1433128,33
1433230,6
1433351,176
1433365,5
1433369,22
1433430,45
1433431,19
1433506,6
1433539,7
1433645,11
1433657,36
1433673,15
1433680,11
1433765,6
1433776,104
1433786,28
1433789,38
1433820,10
1433881,8
1433910,7
1433940,11
1433972,13
1434007,6
1434044,37
1434066,6
1434080,7
1434092,22
1434097,109
1434158,13
1434236,12
1434292,165
1434314,14
1434352,6
1434354,30
1434376,10
1434396,5
1434516,10
1434556,7
1434577,20
1434582,8
1434601,7
1434606,8
1434683,223
1434686,6
1434715,23
1434729,6
1434768,15
1434807,341
1434860,9
1434907,5
1434960,6
1434965,9
1435011,11
1435052,11
1435059,5
1435094,16
1435109,16
1435120,27
1435130,6
1435190,34
1435268,7
1435312,74
1435327,24
1435358,6
1435431,6
1435447,6
1435454,7
1435459,13
1435463,8
1435468,214
1435562,11
1435597,6
1435639,30
1435660,12
1435668,9
1435669,9
1435681,5
1435692,16
1435700,901
1435733,5
1435781,6
1435785,14
1435831,400
1435861,5
1435926,6
1436056,102
1436112,6
1436155,76
1436186,76
1436188,5
1436277,32
1436288,8
1436311,6
1436337,7
1436346,22
1436463,6
1436526,6
1436571,19
1436576,7
1436598,5
1436627,6
1436744,17
1436844,16
1436944,6
1436966,6
1436985,8
1437063,9
1437123,59
1437144,14
1437161,6
1437183,8
1437189,7
1437199,17
1437215,6
1437222,6
1437233,9
1437254,13
1437277,6
1437291,8
1437331,7
1437346,8
1437420,6
1437523,13
1437576,8
1437582,10
1437605,9
1437611,20
1437625,20
1437696,12
1437711,6
1437714,16
1437728,17
1437765,6
1437804,9
1437902,14
1437930,6
1437944,10
1437955,8
1437993,8
1438013,10
1438025,16
1438081,6
1438104,7
1438111,6
1438113,6
1438122,10
1438126,6
1438134,14
1438176,6
1438194,5
1438209,13
1438212,7
1438216,12
1438220,43
1438221,8
1438310,43
1438312,101
1438336,12
1438365,8
1438379,10
1438391,6
1438413,24
1438423,8
1438445,6
1438459,6
1438472,7
1438489,7
1438568,33
1438584,50
1438605,12
1438614,9
1438653,12
1438655,11
1438701,5
1438805,23
1438807,13
1438838,22
1438860,7
1438970,23
1438978,8
1439037,13
1439042,17
1439046,13
1439091,332
1439097,9
1439100,6
1439108,10
1439111,16
1439127,9
1439163,87
1439201,26
1439204,5
1439229,10
1439234,51
1439240,21
1439241,11
1439278,6
1439314,21
1439327,6
1439332,43
1439350,26
1439354,5
1439456,7
1439465,6
1439471,7
1439490,5
1439496,574
1439516,9
1439527,11
1439536,20
1439544,68
1439589,8
1439591,9
1439615,53
1439637,8
1439774,6
1439777,103
1439782,12
1439828,12
1439898,7
1439904,13
1439936,9
1439942,9
1439949,9
1439968,55
1439997,7
1440015,26
1440019,35
1440078,29
1440093,18
1440172,10
1440254,48
1440262,6
1440293,7
1440327,9
1440328,8
1440344,26
1440380,16
1440381,458
1440436,12
1440456,9
1440457,5
1440468,5
1440539,6
1440542,11
1440550,32
1440622,7
1440631,10
1440720,33
1440731,5
1440733,5
1440737,5
1440738,12
1440766,67
1440793,290
1440814,7
1440863,17
1440878,14
1440903,11
1440910,14
1440912,7
1440925,7
1440933,13
1440935,27
1440948,21
1440961,5
1441039,8
1441068,14
1441105,12
1441121,5
1441136,11
1441137,7
1441183,57
1441226,7
1441233,22
1441289,8
1441292,25
1441307,15
1441328,7
1441364,7
1441365,9
1441366,9
1441382,13
1441385,11
1441439,6
1441600,25
1441605,12
1441637,10
1441700,32
1441739,11
1441757,5
1441815,7
1441874,11
1441916,6
1441969,9
1442068,23
1442126,7
1442140,225
1442145,8
1442320,6
1442349,5
1442363,7
1442455,5
1442478,36
1442479,79
1442490,5
1442501,6
1442519,7
1442523,11
1442534,6
1442537,9
1442549,9
1442564,9
1442571,158
1442577,12
1442591,6
1442602,12
1442608,6
1442620,5
1442656,7
1442665,7
1442694,10
1442696,6
1442702,14
1442756,6
1442794,6
1442921,8
1442971,8
1442989,9
1443031,7
1443034,10
1443040,6
1443057,12
1443072,6
1443129,18
1443179,7
1443196,7
1443198,8
1443245,6
1443269,9
1443270,38
1443286,10
1443299,7
1443333,11
1443337,31
1443356,18
1443357,7
1443376,6
1443415,5
1443455,5
1443460,48
1443481,6
1443549,11
1443555,11
1443600,15
1443607,6
1443614,13
1443654,9
1443717,61
1443797,8
1443798,8
1443811,14
1443827,7
1443828,28
1443836,27
1443873,15
1443899,7
1443957,34
1443962,37
1443991,18
1444050,20
1444075,6
1444093,5
1444133,30
1444198,6
1444219,22
1444237,14
1444350,5
1444358,7
1444363,8
1444403,25
1444425,10
1444445,39
1444465,16
1444478,13
1444503,16
1444504,14
1444520,16
1444521,6
1444546,8
1444563,57
1444580,8
1444583,5
1444597,6
1444669,54
1444703,19
1444713,6
1444732,7
1444739,6
1444775,9
1444857,21
1444896,7
1444907,9
1444975,6
1445031,8
1445094,8
1445152,16
1445222,8
1445240,6
1445248,5
1445249,5
1445268,8
1445277,7
1445298,21
1445299,13
1445305,7
1445312,5
1445370,50
1445404,9
1445496,8
1445531,8
1445556,28
1445582,10
1445648,9
1445732,44
1445739,15
1445769,16
1445787,17
1445796,11
1445799,6
1445880,6
1445887,10
1445966,8
1445984,11
1445995,13
1445996,15
1445998,16
1446012,7
1446032,11
1446063,6
1446077,12
1446081,18
1446084,8
1446107,5
1446130,12
1446138,15
1446155,12
1446177,7
1446286,22
1446404,11
1446462,8
1446472,14
1446479,97
1446482,7
1446498,12
1446500,16
1446535,23
1446543,7
1446594,17
1446673,6
1446676,6
1446725,7
1446779,17
1446847,56
1446867,10
1446881,131
1446899,7
1446908,5
1446967,5
1446987,14
1447017,39
1447028,19
1447123,22
1447190,8
1447196,8
1447246,6
1447252,6
1447264,6
1447321,13
1447338,9
1447350,12
1447372,8
1447395,6
1447397,7
1447527,7
1447651,21
1447710,7
1447723,26
1447746,31
1447786,5
1447860,22
1447868,10
1447895,15
1447905,22
1448083,38
1448167,7
1448191,23
1448238,30
1448240,5
1448249,19
1448253,8
1448305,183
1448338,5
1448507,26
1448544,9
1448546,7
1448586,7
1448605,6
1448617,12
1448624,15
1448625,8
1448638,25
1448656,8
1448657,11
1448717,6
1448744,22
1448833,6
1448857,22
1448885,9
1448990,6
1449102,10
1449131,12
1449143,9
1449176,11
1449198,9
1449278,19
1449302,6
1449339,6
1449358,21
1449367,6
1449426,10
1449442,7
1449460,13
1449473,19
1449482,6
1449484,10
1449619,10
1449686,9
1449716,7
1449724,15
1449736,10
1449757,8
1449759,5
1449760,8
1449838,15
1449855,6
1449894,16
1449904,22
1449911,6
1449914,8
1449940,14
1449943,49
1449957,60
1449960,24
1450028,14
1450041,8
1450051,493
1450074,7
1450087,7
1450150,10
1450161,5
1450209,9
1450215,24
1450364,12
1450369,5
1450444,6
1450458,6
1450460,6
1450534,44
1450559,20
1450572,8
1450625,29
1450628,7
1450645,12
1450679,8
1450745,32
1450763,32
1450800,23
1450856,6
1450877,5
1450886,55
1450910,3692
1450918,5
1450965,6
1450982,181
1451012,13
1451127,6
1451156,6
1451205,7
1451260,7
1451292,9
1451298,7
1451311,10
1451338,6
1451417,6
1451420,5
1451443,6
1451506,24
1451515,25
1451526,29
1451539,8
1451566,15
1451624,9
1451630,11
1451656,30
1451660,6
1451724,94
1451765,17
1451899,28
1452023,7
1452045,7
1452054,7
1452058,8
1452145,33
1452226,6
1452237,12
1452283,6
1452327,6
1452343,537
1452422,6
1452423,46
1452519,7
1452582,20
1452625,40
1452727,9
1452773,60
1452796,6
1452829,60
1452846,7
1452926,7
1452970,10
1452987,14
1453013,8
1453098,11
1453101,19
1453188,5
1453199,8
1453229,5
1453233,23
1453266,5
1453288,14
1453289,21
1453292,6
1453398,7
1453435,5
1453445,6
1453447,8
1453470,9
1453519,8
1453527,12
1453564,8
1453568,10
1453603,8
1453681,6
1453696,6
1453729,7
1453747,73
1453864,5
1453893,81
1453895,12
1453915,17
1453930,6
1453936,6
1453949,9
1453954,8
1453967,2782
1454009,8
1454034,6
1454035,6
1454097,7
1454111,7
1454163,10
1454227,8
1454234,23
1454236,5
1454342,5
1454389,53
1454402,6
1454427,9
1454467,10
1454530,5
1454555,7
1454579,15
1454658,809
1454667,6
1454698,22
1454710,14
1454807,6
1454816,21
1454825,5
1454849,51
1454864,88
1454919,35
1454939,7
1454947,7
1455042,6
1455046,5
1455186,9
1455296,13
1455318,27
1455329,6
1455361,13
1455416,24
1455448,12
1455454,14
1455466,8
1455471,13
1455501,28
1455518,12
1455545,5
1455589,7
1455612,5
1455645,9
1455680,6
1455681,6
1455721,9
1455788,13
1455795,9
1455812,9
1455823,6
1455883,28
1455891,9
1455960,202
1456040,9
1456108,11
1456148,17
1456157,48
1456243,69
1456314,7
1456348,16
1456354,34
1456357,6
1456359,17
1456370,16
1456405,18
1456430,7
1456454,18
1456500,20
1456535,11
1456541,9
1456552,5
1456558,11
1456596,70
1456610,32
1456645,14
1456658,14
1456698,10
1456724,6
1456743,22
1456744,8
1456804,6
1456880,7
1456886,7
1456897,8
1456912,18
1456938,19
1456940,6
1456966,6
1457005,6
1457049,8
1457050,5
1457064,7
1457076,7
1457130,66
1457148,7
1457197,10
1457257,26
1457273,8
1457330,5
1457363,6
1457501,11
1457517,10
1457518,6
1457537,5
1457582,13
1457611,17
1457626,28
1457666,10
1457687,55
1457693,13
1457697,7
1457717,6
1457761,7
1457765,53
1457901,15
1457911,6
1457945,9
1457947,8
1457968,105
1458030,7
1458135,8
1458153,7
1458226,433
1458234,6
1458260,7
1458272,12
1458278,10
1458360,6
1458573,6
1458606,35
1458618,54
1458645,12
1458652,8
1458657,7
1458677,7
1458688,6
1458716,13
1458727,22
1458747,13
1458771,31
1458779,97
1458812,10
1458824,5
1458840,7
1458845,17
1459030,21
1459079,18
1459108,7
1459125,38
1459127,6
1459134,6
1459136,16
1459148,35
1459189,6
1459215,74
1459281,10
1459295,37
1459302,6
1459304,5
1459332,7
1459370,6
1459378,7
1459387,6
1459389,10
1459417,5
1459458,15
1459462,6
1459480,18
1459524,6
1459621,20
1459623,6
1459667,24
1459668,13
1459676,5
1459680,11
1459732,6
1459751,11
1459765,10
1459776,14
1459789,7
1459815,12
1459828,104
1459831,8
1459834,14
1459887,107
1459892,34
1459894,15
1459920,5
1459989,14
1460008,9
1460011,7
1460028,6
1460037,5
1460082,12
1460087,17
1460091,8
1460096,9
1460097,11
1460181,10
1460207,6
1460215,61
1460235,8
1460261,7
1460269,15
1460393,13
1460409,16
1460438,15
1460460,16
1460516,11
1460527,17
1460536,124
1460538,10
1460546,6
1460552,3831
1460558,8
1460560,11
1460568,5
1460596,9
1460608,5
1460728,18
1460744,9
1460752,16
1460760,6
1460807,6
1460817,30
1460825,7
1460885,9
1460891,73
1460952,13
1460962,14
1460966,12
1460984,5
1460994,14
1461068,23
1461100,13
1461101,5
1461146,7
1461179,8
1461198,22
1461258,5
1461286,206
1461297,62
1461300,6
1461364,8
1461391,11
1461405,5
1461455,88
1461471,6
1461488,37
1461509,29
1461522,5
1461530,19
1461580,12
1461581,6
1461629,7
1461716,7
1461729,6
1461735,6
1461756,95
1461757,18
1461773,6
1461795,14
1461842,18
1461898,6
1461915,6
1461922,7
1461951,6
1461960,6
1461984,8
1461993,5
1462018,5
1462035,5
1462086,10
1462103,15
1462122,11
1462123,13
1462168,26
1462196,6
1462228,12
1462247,6
1462265,8
1462273,24
1462317,8
1462321,23
1462331,6
1462335,6
1462339,5
1462361,46
1462376,8
1462400,17
1462416,32
1462425,43
1462426,12
1462450,65
1462460,52
1462487,7
1462538,170
1462547,10
1462566,23
1462593,7
1462712,7
1462730,6
1462739,6
1462808,5
1462822,24
1462846,8
1462864,18
1462895,8
1462928,10
1462950,12
1462953,8
1462977,471
1462994,26
1463055,37
1463088,15
1463099,18
1463137,5
1463138,13
1463140,6
1463177,23
1463187,9
1463197,18
1463202,12
1463241,33
1463275,22
1463278,10
1463280,6
1463288,6
1463289,10
1463327,6
1463332,18
1463335,8
1463347,6
1463390,26
1463409,6
1463463,8
1463523,5
1463524,8
1463539,11
1463624,6
1463629,17
1463653,9
1463654,7
1463768,31
1463794,9
1463859,10
1463889,8
1463949,8
1463955,8
1464044,27
1464056,13
1464110,5
1464224,31
1464244,6
1464249,14
1464283,12
1464314,28
1464323,8
1464329,7
1464415,6
1464417,18
1464432,3159
1464467,10
1464486,5
1464619,6
1464620,6
1464624,44
1464626,5
1464673,7
1464684,21
1464766,6
1464850,5
1464880,6
1464899,6
1464907,5
1464973,27
1464978,6
1465040,104
1465086,5
1465087,42
1465107,15
1465116,7
1465119,22
1465151,8
1465153,11
1465157,14
1465187,34
1465218,42
1465332,6
1465345,25
1465375,6
1465382,29
1465426,65
1465545,5
1465615,11
1465616,15
1465639,8
1465640,7
1465663,6
1465743,9
1465797,8
1465819,9
1465830,37
1465890,20
1465945,12
1466096,6
1466134,24
1466167,8
1466168,6
1466221,6
1466222,39
1466303,5
1466304,15
1466317,8
1466318,17
1466343,10
1466361,9
1466390,6
1466402,13
1466404,9
1466465,7
1466473,11
1466531,8
1466532,38
1466570,15
1466579,9
1466609,24
1466638,6
1466725,33
1466856,11
1466859,9
1466884,7
1466885,131
1466901,9
1466954,5
1467008,25
1467010,52
1467014,35
1467015,9
1467051,23
1467129,7
1467135,39
1467148,8
1467185,5
1467208,6
1467303,6
1467451,38
1467608,9
1467644,6
1467679,6
1467708,11
1467709,6
1467729,6
1467737,6
1467757,18
1467763,7
1467853,17
1467935,30
1467936,11
1468022,6
1468023,99
1468029,1131
1468175,28
1468210,28
1468214,6
1468223,6
1468233,6
1468237,8
1468303,5
1468313,7
1468316,6
1468329,22
1468369,16
1468382,6
1468406,5
1468431,7
1468451,18
1468475,12
1468479,29
1468569,6
1468616,25
1468655,56
1468667,5
1468671,22
1468718,5
1468778,7
1468814,6
1468839,6
1468873,57
1468884,5
1468907,7
1468967,52
1468979,7
1469046,23
1469048,50
1469064,10
1469065,6
1469066,9
1469077,10
1469116,12
1469133,22
1469211,8
1469212,5
1469234,13
1469353,7
1469356,7
1469421,5
1469431,21
1469551,13
1469579,25
1469595,13
1469599,6
1469658,9
1469702,7
1469747,6
1469790,9
1469794,6
1469841,7
1469857,10
1469943,6
1469960,14
1469964,7
1469995,12
1470030,5
1470032,11
1470033,16
1470076,9
1470091,15
1470103,7
1470265,9
1470292,49
1470318,9
1470393,8
1470407,34
1470417,8
1470461,6
1470507,7
1470540,10
1470591,32
1470603,6
1470673,13
1470681,8
1470794,7
1470861,42
1470947,13
1470955,8
1470963,45
1470972,5
1470977,10
1471016,357
1471036,7
1471117,5
1471121,20
1471229,11
1471329,11
1471350,5
1471356,6
1471368,16
1471410,6
1471466,88
1471523,7
1471572,7
1471617,72
1471623,28
1471625,10
1471627,18
1471630,5
1471633,18
1471645,14
1471684,9
1471687,5
1471760,6
1471769,111
1471804,24
1471828,184
1471831,17
1471885,7
1471926,14
1471929,13
1471950,7
1471978,23
1471979,10
1472027,11
1472047,9
1472057,16
1472063,6
1472072,12
1472113,24
1472128,7
1472143,8
1472170,8
1472225,8
1472260,6
1472264,9
1472275,146
1472311,8
1472319,12
1472323,8
1472327,6
1472328,6
1472384,15
1472441,11
1472479,6
1472492,6
1472516,19
1472558,5
1472573,1146
1472617,93
1472645,6
1472696,12
1472703,7
1472729,6
1472736,14
1472754,6
1472764,8
1472828,6
1472910,12
1472914,9
1472981,8
1473043,6
1473071,6
1473147,13
1473166,103
1473174,12
1473204,5
1473211,14
1473238,9
1473257,6
1473267,27
1473372,5
1473410,6
1473433,39
1473447,6
1473458,5
1473497,11
1473533,10
1473555,11
1473575,5
1473649,6
1473811,5
1473875,6
1473876,7
1473882,8
1473893,16
1473913,13
1473959,20
1474005,10
1474074,7
1474075,5
1474103,16
1474106,9
1474116,8
1474184,7
1474243,13
1474244,6
1474247,6
1474335,6
1474343,5
1474344,8
1474402,54
1474459,5
1474531,75
1474664,7
1474728,5
1474743,11
1474750,91
1474754,7
1474775,74
1474808,11
1474885,8
1474934,8
1475031,885
1475038,46
1475084,22
1475119,7
1475154,23
1475165,15
1475264,5
1475337,16
1475362,21
1475476,7
1475618,9
1475693,5
1475760,6
1475816,5
1475845,8
1475851,5
1475894,38
1476001,11
1476032,18
1476059,10
1476152,12
1476158,5
1476180,41
1476183,8
1476202,26
1476214,69
1476215,6
1476247,7
1476279,6
1476332,10
1476333,24
1476336,11
1476342,14
1476353,6
1476370,5
1476372,8
1476385,7
1476403,6
1476466,9
1476607,11
1476667,9
1476669,7
1476680,47
1476701,5
1476716,34
1476774,9
1476780,13
1476788,27
1476844,14
1476874,9
1476895,5
1476924,21
1476934,9
1476937,21
1476959,6
1477000,7
1477068,17
1477136,25
1477187,8
1477250,11
1477295,6
1477321,5
1477365,11
1477394,7
1477467,6
1477487,19
1477539,5
1477549,27
1477648,54
1477657,8
1477665,10
1477681,5
1477699,9
1477700,5
1477708,13
1477756,15
1477835,166
1477839,37
1477848,6
1477880,7
1477897,6
1477951,6
1477997,5
1477998,6
1478008,6
1478026,6
1478051,50
1478056,33
1478074,14
1478091,8
1478107,7
1478111,6
1478143,19
1478148,2424
1478202,7
1478225,10
1478242,10
1478261,188
1478263,8
1478265,7
1478302,9
1478313,6
1478369,8
1478388,6
1478430,54
1478454,6
1478493,5
1478524,6
1478526,17
1478561,9
1478576,5
1478577,5
1478616,50
1478659,15
1478701,66
1478709,18
1478738,12
1478759,8
1478770,11
1478775,9
1478849,7
1478873,17
1478885,8
1478909,35
1478955,25
1478982,5
1479020,17
1479040,10
1479060,9
1479077,13
1479139,7
1479169,9
1479202,8
1479207,8
1479292,6
1479321,9
1479326,5
1479350,13
1479374,8
1479402,10
1479406,8
1479481,35
1479495,5
1479502,218
1479520,34
1479548,6
1479552,43
1479593,7
1479602,7
1479611,11
1479628,9
1479652,20
1479677,11
1479695,9
1479711,5
1479728,6
1479743,10
1479776,5
1479811,9
1479879,26
1479957,33
1479970,6
1479983,6
1479991,17
1479997,30
1480009,7
1480027,8
1480038,6
1480126,6
1480138,22
1480168,37
1480216,19
1480230,6
1480238,6
1480295,6
1480329,6
1480364,7
1480407,8
1480412,7
1480449,8
1480454,14
1480525,18
1480588,10
1480607,18
1480625,5
1480658,11
1480704,6
1480717,7
1480755,8
1480784,11
1480804,17
1480832,7
1480839,59
1480881,5
1480923,7
1480939,22
1480940,9
1480954,64
1480963,20
1480972,18
1480974,49
1480980,340
1480995,9
1480997,14
1481053,11
1481146,7
1481152,9
1481205,7
1481299,32
1481345,7
1481359,7
1481384,121
1481453,6
1481463,16
1481564,24
1481567,15
1481601,14
1481639,6
1481701,14
1481704,6
1481734,51
1481736,8
1481737,23
1481756,10
1481796,12
1481798,8
1481868,23
1481887,6
1481890,17
1481892,11
1481939,19
1481944,8
1481960,28
1481975,9
1482172,44
1482212,10
1482223,37
1482321,13
1482326,32
1482369,20
1482372,64
1482423,7
1482480,6
1482518,12
1482537,9
1482616,11
1482660,8
1482724,29
1482748,44
1482792,7
1482797,6
1482806,8
1482896,7
1482921,7
1483017,11
1483050,8
1483053,11
1483079,5
1483097,53
1483115,14
1483146,6
1483152,8
1483211,7
1483213,9
1483226,7
1483230,17
1483242,17
1483279,8
1483292,26
1483293,7
1483330,9
1483331,7
1483343,40
1483372,6
1483500,21
1483502,6
1483508,9
1483512,10
1483525,31
1483559,11
1483597,9
1483601,47
1483635,11
1483639,15
1483679,6
1483680,7
1483682,14
1483705,12
1483716,14
1483801,37
1483804,8
1483906,6
1483908,7
1483935,9
1483939,6
1483954,6
1483969,6
1483973,12
1483975,23
1483980,17
1483991,6
1484097,9
1484098,9
1484112,149
1484145,215
1484146,7
1484158,9
1484247,6
1484250,32
1484470,38
1484471,96
1484562,189
1484577,5
1484601,18
1484637,9
1484750,9
1484762,39
1484794,5
1484821,10
1484892,8
1484900,7
1484942,6
1484943,13
1484974,180
1485016,8
1485064,6
1485068,10
1485119,7
1485204,8
1485254,15
1485256,234
1485260,9
1485263,8
1485300,6
1485325,10
1485376,5
1485409,22
1485429,6
1485438,11
1485443,60
1485459,32
1485460,19
1485461,14
1485498,7
1485515,7
1485516,8
1485534,8
1485551,14
1485552,83
1485598,7
1485622,10
1485649,5
1485673,11
1485689,11
1485778,6
1485794,5
1485805,6
1485806,121
1485824,53
1485859,7
1485866,12
1485913,13
1485934,54
1485964,17
1486007,10
1486035,6
1486042,23
1486054,10
1486073,5
1486084,8
1486088,12
1486096,7
1486100,5
1486125,10
1486140,28
1486179,13
1486237,19
1486289,6
1486313,10
1486328,9
1486363,7
1486378,7
1486394,71
1486400,5
1486418,29
1486450,48
1486451,32
1486486,11
1486541,26
1486554,38
1486599,19
1486662,6
1486672,7
1486698,6
1486716,6
1486717,12
1486740,7
1486746,11
1486751,5
1486752,15
1486754,5
1486823,9
1486872,7
1487001,9
1487088,5
1487089,8
1487090,7
1487105,8
1487119,6
1487179,5
1487275,8
1487315,7
1487318,7
1487330,48
1487333,6
1487391,8
1487417,18
1487423,9
1487521,16
1487535,8
1487700,15
1487711,7
1487724,14
1487751,20
1487786,6
1487791,6
1487803,12
1487900,6
1487933,6
1487946,7
1487947,7
1487963,7
1487979,6
1488038,6
1488040,8
1488068,11
1488080,6
1488087,6
1488102,8
1488192,14
1488361,44
1488362,19
1488391,5
1488410,7
1488493,15
1488554,22
1488556,26
1488564,5
1488581,7
1488584,5
1488652,12
1488670,8
1488684,6
1488696,7
1488724,10
1488762,53
1488765,17
1488776,6
1488813,8
1488818,6
1488825,7
1488829,408
1488830,5
1488848,44
1488977,20
1488978,23
1489028,57
1489042,8
1489199,5
1489221,9
1489225,10
1489229,5
1489262,154
1489269,11
1489339,21
1489378,11
1489384,6
1489397,6
1489440,6
1489538,8
1489539,33
1489542,8
1489546,7
1489584,6
1489672,6
1489698,30
1489710,37
1489712,7
1489793,30
1489825,6
1489858,38
1489896,8
1489904,9
1490044,31
1490049,9
1490056,28
1490069,15
1490086,5
1490092,9
1490125,9
1490169,36
1490199,6
1490206,6
1490216,5
1490217,24
1490223,14
1490247,15
1490248,12
1490275,18
1490350,5
1490375,28
1490380,6
1490400,7
1490411,5
1490456,5
1490457,12
1490476,9
1490488,9
1490509,7
1490526,6
1490528,5
1490535,7
1490616,6
1490653,7
1490732,46
1490832,6
1490998,25
1491016,8
1491035,7
1491096,6
1491107,7
1491113,10
1491120,7
1491180,36
1491267,6
1491273,5
1491275,74
1491276,8
1491321,7
1491322,36
1491357,44
1491415,14
1491467,15
1491480,5
1491569,48
1491570,19
1491622,26
1491664,24
1491728,10
1491797,13
1491852,6
1491868,40
1491884,6
1491948,48
1492019,5
1492041,8
1492043,8
1492127,151
1492150,5
1492164,7
1492211,6
1492214,20
1492245,18
1492285,7
1492345,945
1492357,8
1492384,6
1492405,8
1492449,5
1492502,62
1492510,12
1492522,6
1492557,6
1492561,5
1492583,19
1492652,5
1492680,7
1492689,9
1492705,7
1492710,37
1492765,21
1492771,9
1492802,101
1492812,27
1492813,36
1492826,23
1492827,7
1492851,12
1492852,62
1492867,23
1492929,9
1492987,9
1492998,16
1493040,20
1493046,53
1493093,43
1493094,6
1493219,7
1493288,10
1493295,51
1493321,5
1493370,34
1493499,9
1493521,7
1493539,11
1493561,6
1493569,22
1493586,9
1493589,7
1493631,11
1493641,7
1493654,6
1493660,11
1493681,6
1493695,6814
1493728,11
1493746,6
1493769,7
1493798,12
1493816,6
1493822,5
1493850,5
1493871,58
1493957,21
1494142,5
1494155,122
1494221,29
1494310,6
1494342,5
1494409,7
1494418,11
1494440,12
1494448,8
1494562,7
1494602,360
1494629,11
1494639,23
1494669,10
1494676,10
1494692,9
1494722,8
1494723,7
1494730,260
1494896,6
1494900,15
1494950,61
1494953,9
1494975,12
1494976,8
1495048,10
1495114,10
1495130,15
1495138,14
1495139,9
1495141,8
1495153,7
1495159,6
1495190,9
1495196,81
1495239,7
1495250,10
1495251,30
1495254,7
1495309,10
1495341,10
1495368,19
1495378,53
1495429,5
1495437,5
1495440,11
1495462,12
1495508,6
1495580,43
1495582,6
1495642,41
1495678,5
1495804,6
1495838,8
1495857,6
1495860,5
1495898,134
1495981,15
1495993,10
1496032,7
1496036,14
1496086,13
1496107,6
1496122,17
1496139,47
1496153,12
1496158,5
1496161,10
1496162,6
1496202,8
1496214,19
1496229,13
1496241,11
1496258,6
1496279,5
1496281,13
1496288,10
1496289,8
1496296,7
1496316,11
1496337,7
1496356,6
1496362,48
1496370,12
1496375,8
1496430,10
1496477,17
1496489,8
1496527,9
1496539,7
1496643,33
1496723,5
1496744,5
1496761,19
1496769,5
1496797,275
1496825,26
1496829,26
1496853,10
1496862,47
1496863,25
1496895,7
1496914,7
1497002,30
1497034,9
1497072,6
1497076,7
1497097,7
1497135,7
1497172,155
1497185,5
1497201,12
1497213,14
1497423,9
1497475,9
1497483,5
1497503,11
1497584,21
1497689,14
1497691,5
1497701,20
1497735,5
1497765,37
1497815,9
1497830,18
1497860,18
1497919,7
1497932,6
1497951,9
1497994,5
1498038,32
1498079,5
1498088,12
1498145,12
1498167,20
1498190,167
1498192,11
1498204,8
1498209,18
1498215,22
1498231,39
1498255,35
1498368,7
1498377,12
1498396,27
1498541,5
1498545,6
1498554,5
1498582,7
1498599,6
1498616,8
1498625,17
1498666,9
1498697,6
1498725,7
1498751,9
1498766,5
1498775,5
1498839,7
1498842,21
1498861,6
1498952,6
1498957,7
1498962,16
1499020,14
1499067,13
1499108,9
1499169,24
1499197,34
1499318,10
1499329,10
1499373,8
1499495,7
1499565,64
1499582,12
1499619,6
1499708,92
1499739,12
1499815,6
1499836,8
1499872,27
1500000,10
1500002,9
1500081,9
1500106,19
1500116,10
1500118,7
1500148,80
1500168,9
1500202,254
1500212,46
1500245,26
1500252,6
1500281,19
1500298,11
1500324,118
1500331,15
1500354,10
1500356,7
1500366,6
1500372,27
1500388,17
1500401,6
1500464,16
1500469,6
1500536,6
1500559,13
1500591,9
1500597,7
1500665,6
1500673,7
1500687,6
1500697,10
1500704,9
1500752,6
1500758,6
1500772,14
1500774,16
1500856,16
1500937,91
1500963,24
1501065,6
1501070,8
1501108,21
1501139,6
1501184,12
1501250,8
1501307,6
1501320,11
1501326,12
1501352,7
1501358,13
1501384,14
1501406,8
1501489,25
1501607,8
1501612,16
1501651,12
1501695,34
1501736,18
1501781,11
1501820,10
1501826,326
1501828,8
1501839,7
1501857,7
1501926,10
1502030,6
1502034,7
1502072,26
1502111,8
1502149,81
1502205,32
1502295,6
1502383,23
1502388,11
1502500,64
1502540,11
1502621,20
1502644,8
1502670,37
1502695,18
1502698,7
1502714,6
1502732,5
1502761,7
1502805,7
1502810,5
1502812,10
1502816,8
1502890,5
1502908,9
1502937,13
1502940,18
1502944,5
1502946,10
1502947,5
1502956,8
1502970,8
1502975,6
1503018,6
1503056,8
1503057,6
1503076,21
1503099,7
1503102,9
1503118,6
1503124,14
1503165,6
1503180,8
1503181,6
1503220,386
1503237,8
1503294,5
1503318,17
1503320,446
1503378,6
1503386,5
1503391,6
1503394,15
1503426,8
1503483,14
1503500,9
1503520,19
1503532,12
1503534,6
1503539,5
1503556,17
1503578,5
1503652,13
1503697,10
1503710,7
1503756,16
1503808,7
1503828,21
1503829,7
1503878,84
1503884,25
1503903,11
1503904,6
1503921,7
1503977,6
1503982,253
1503994,107
1504000,29
1504011,5
1504021,19
1504067,27
1504132,35
1504166,5
1504170,9
1504176,14
1504208,59
1504213,28
1504254,117
1504296,8
1504319,10
1504362,15
1504376,8
1504394,16
1504413,21
1504414,9
1504441,148
1504459,12
1504470,17
1504494,13
1504495,14
1504503,9
1504518,34
1504562,6
1504622,16
1504627,40
1504634,43
1504646,6
1504677,16
1504682,7
1504703,6
1504727,18
1504773,10
1504781,5
1504804,7
1504902,6
1504980,6
1504983,8
1504997,6
1504998,10
1505045,43
1505079,6
1505082,10
1505087,26
1505109,11
1505110,5
1505124,6
1505134,6
1505207,20
1505208,17
1505276,6
1505322,8
1505327,67
1505358,80
1505380,7
1505399,7
1505405,10
1505416,27
1505417,9
1505463,32
1505516,6
1505521,5
1505537,5
1505546,6
1505560,6
1505570,5
1505576,7
1505598,7
1505612,7
1505726,11
1505810,11
1505836,7
1505910,16
1505916,9
1505917,21
1505925,6
1505930,6
1505965,19
1506005,7
1506024,7
1506040,7
1506052,10
1506301,6
1506307,9
1506327,7
1506330,25
1506352,44
1506382,8
1506414,8
1506424,8
1506457,23
1506476,7
1506492,43
1506554,19
1506594,7
1506649,13
1506652,23
1506676,11
1506717,9
1506727,11
1506827,19
1506844,6
1506886,14
1506978,6
1507015,9
1507066,77
1507114,11
1507159,209
1507376,11
1507383,122
1507391,13
1507435,14
1507447,12
1507459,20
1507510,9
1507519,21
1507528,6
1507564,13
1507566,5
1507599,21
1507634,6
1507637,7
1507665,9
1507705,7
1507716,7
1507743,11
1507751,6
1507769,5
1507776,15
1507868,6
1507869,7
1507889,25
1507909,8
1507925,7
1507954,6
1508004,36
1508010,6
1508018,66
1508078,12
1508079,8
1508147,37
1508176,10
1508202,10
1508275,10
1508302,6
1508331,12
1508366,6
1508396,19
1508430,34
1508441,30
1508474,5
1508516,11
1508556,8
1508621,6
1508649,6
1508719,9
1508732,32
1508733,10
1508781,97
1508950,6
1508975,34
1509035,6
1509045,12
1509056,8
1509063,19
1509146,15
1509196,13
1509263,514
1509276,8
1509362,6
1509418,6
1509445,7
1509468,224
1509510,12
1509519,45
1509524,7
1509541,25
1509572,103
1509597,13
1509599,7
1509609,8
1509617,8
1509625,11
1509641,14
1509689,6
1509692,7
1509697,6
1509764,8
1509850,8
1509942,6
1509981,12
1509987,5
1510008,12
1510056,7
1510079,7
1510151,14
1510213,5
1510214,25
1510237,9
1510288,6
1510387,7
1510391,7
1510397,6
1510398,6
1510400,8
1510403,6
1510422,37
1510443,7
1510553,34
1510572,7
1510609,6
1510675,47
1510710,7
1510733,11
1510739,6
1510759,12
1510856,10
1510867,24
1510944,106
1510954,11
1510958,6
1510996,12
1511020,5
1511044,7
1511072,12
1511101,8
1511111,7
1511142,41
1511213,11
1511239,7
1511244,37
1511253,19
1511254,9
1511260,6
1511273,59
1511324,5
1511329,16
1511446,8
1511470,5
1511471,7
1511512,7
1511514,13
1511556,9
1511571,6
1511607,7
1511648,14
1511665,82
1511672,54
1511687,8
1511693,6
1511697,68
1511706,14
1511717,75
1511737,36
1511749,17
1511781,20
1511799,23
1511837,35
1511910,11
1511947,5
1511951,7
1511968,5
1512023,34
1512029,23
1512057,6
1512061,7
1512096,6
1512100,12
1512120,6
1512123,5
1512131,31
1512134,14
1512161,11
1512228,18
1512284,6
1512353,6
1512363,18
1512402,71
1512490,15
1512524,10
1512566,55
1512620,15
1512626,7
1512637,9
1512712,7
1512715,10
1512721,38
1512728,6
1512745,44
1512767,11
1512768,7
1512796,6
1512834,5
1512867,15
1512876,7
1512912,6
1512980,22
1512985,5
1512986,6
1513040,6
1513074,9
1513086,159
1513137,7
1513140,6
1513143,5
1513155,23
1513259,29
1513261,11
1513265,13
1513288,6
1513298,5
1513309,10
1513355,24
1513365,7
1513369,8
1513377,14
1513391,6
1513445,13
1513520,7
1513596,10
1513666,71
1513677,18
1513681,7
1513731,5
1513742,122
1513821,5
1513854,6
1513879,14
1513901,6
1513902,6
1513955,13
1513960,6
1514006,5
1514010,10
1514040,7
1514060,22
1514068,8
1514118,11
1514124,7
1514151,46
1514208,747
1514212,12
1514222,119
1514271,15
1514297,5
1514298,16
1514338,9
1514425,19
1514441,81
1514491,17
1514602,13
1514613,8
1514641,60
1514644,7
1514647,20
1514653,6
1514655,14
1514661,13
1514693,28
1514696,7
1514720,11
1514724,10
1514747,5
1514770,101
1514771,5
1514779,25
1514783,9
1514846,5
1514857,9
1514902,39
1514932,10
1514954,20
1514957,22
1515022,28
1515035,7
1515115,10
1515172,22
1515227,5
1515266,7
1515308,12
1515312,9
1515329,7
1515333,92
1515367,13
1515378,7
1515382,660
1515428,7
1515429,5
1515441,13
1515447,10
1515519,10
1515560,8
1515617,7
1515659,6
1515669,14
1515680,8
1515700,14
1515748,25
1515782,5
1515783,7
1515788,7
1515792,8
1515797,22
1515834,5
1515853,8
1515878,6
1515882,13
1515908,6
1516008,8
1516032,100
1516047,9
1516053,7
1516073,10
1516127,6
1516135,47
1516138,6
1516205,24
1516216,8
1516218,6
1516271,10
1516288,39
1516400,6
1516412,7
1516445,6
1516469,20
1516506,9
1516548,17
1516551,29
1516582,6
1516586,5
1516659,13
1516675,6
1516696,5
1516736,5
1516812,6
1516867,8
1516901,16
1516927,5
1516956,212
1517005,8
1517065,6
1517067,8
1517081,22
1517114,7
1517135,17
1517146,5
1517214,17
1517221,9
1517228,6
1517247,45
1517278,25
1517313,14
1517335,21
1517372,13
1517450,13
1517451,15
1517454,7
1517469,5
1517530,5
1517567,9
1517612,6
1517613,37
1517661,15
1517681,6
1517690,7
1517696,7
1517716,10
1517773,19
1517793,9
1517808,14
1517812,9
1517825,35
1517847,6
1517856,7
1517898,7
1517907,8
1518130,26
1518146,12
1518167,9
1518235,31
1518246,15
1518264,17
1518278,10
1518294,12
1518299,11
1518322,94
1518342,18
1518369,5
1518378,13
1518393,14
1518394,6
1518404,15
1518465,6
1518466,9
1518468,8
1518470,7
1518522,8
1518551,13
1518559,13
1518594,48
1518621,20
1518673,5
1518674,39
1518682,7
1518689,46
1518696,10
1518770,9
1518787,9
1518856,37
1518885,28
1518889,7
1518948,31
1518971,6
1519015,8
1519045,8
1519056,12
1519070,9
1519086,28
1519108,14
1519115,7
1519116,8
1519134,35
1519135,73
1519160,9
1519178,14
1519182,8
1519223,6
1519274,17
1519278,6
1519339,5
1519423,17
1519445,8
1519450,15
1519520,11
1519549,6
1519580,12
1519581,36
1519598,26
1519654,32
1519679,24
1519690,6
1519715,5
1519733,6
1519734,12
1519742,28
1519773,12
1519776,7
1519780,6
1519798,7
1519806,63
1519820,7
1519822,19
1519823,6
1519831,16
1519843,6
1519886,6
1519887,18
1519905,13
1519911,73
1519944,6
1519959,7
1520015,6
1520060,7
1520063,6
1520076,6
1520081,6
1520153,5
1520171,6
1520185,30
1520194,10
1520236,11
1520270,22
1520333,6
1520386,8
1520449,7
1520479,6
1520486,7
1520505,34
1520507,11
1520606,6
1520631,31
1520677,27
1520682,13
1520715,12
1520766,5
1520787,5
1520797,67
1520799,11
1520803,16
1520817,7
1520846,7
1520860,16
1520869,18
1520884,41
1520912,6
1520916,9
1520993,8
1520998,18
1521002,25
1521032,6
1521054,20
1521111,9
1521114,9
1521209,10
1521212,8
1521272,52
1521294,29
1521319,6
1521353,7
1521363,9
1521373,8
1521386,11
1521405,6
1521413,11
1521473,108
1521488,7
1521497,16
1521498,49
1521504,9
1521589,15
1521646,13
1521701,6
1521755,10
1521766,6
1521784,7
1521883,7
1521908,11
1521912,6
1521995,11
1522000,10
1522015,6
1522051,8
1522059,5
1522072,929
1522084,6
1522256,6
1522298,10
1522314,24
1522316,10
1522326,6
1522331,30
1522353,7
1522360,7
1522362,10
1522387,8
1522396,6
1522420,5
1522443,42
1522489,8
1522505,6
1522510,18
1522516,31
1522525,5
1522554,6
1522564,10
1522578,12
1522593,11
1522601,7
1522618,8
1522648,6
1522650,12
1522659,7
1522701,7
1522709,11
1522726,12
1522734,6
1522746,6
1522757,11
1522768,143
1522842,6
1522944,7
1523044,7
1523091,22
1523092,20
1523116,22
1523117,5
1523127,11
1523168,8
1523169,8
1523171,22
1523183,8
1523254,9
1523270,51
1523287,32
1523313,36
1523352,18
1523382,2511
1523385,7
1523405,31
1523596,7
1523616,22
1523621,6
1523626,8
1523628,53
1523647,27
1523839,25
1523853,5
1523874,22
1523922,64
1523930,5
1523931,10
1523942,6
1523966,12
1523979,15
1523991,7
1524049,6
1524062,6
1524063,47
1524085,65
1524092,6
1524117,20
1524156,12
1524194,7
1524218,5
1524275,65
1524300,6
1524368,8
1524392,5
1524395,18
1524396,9
1524420,22
1524427,7
1524428,6
1524450,6
1524452,6
1524461,10
1524524,19
1524582,12
1524615,6
1524628,7
1524651,5
1524665,9
1524666,10
1524730,8
1524732,13
1524752,8
1524766,5
1524780,7
1524811,9
1524863,18
1524889,5
1524955,5
1525077,7
1525114,5
1525118,9
1525139,6
1525169,19
1525177,7
1525211,18
1525213,16
1525214,7
1525220,7
1525221,9
1525249,28
1525302,6
1525359,5
1525380,7
1525417,7
1525468,6
1525491,6
1525494,7
1525506,6
1525507,54
1525511,15
1525526,6
1525552,246
1525568,7
1525620,12
1525726,18
1525841,6
1525851,5
1525876,36
1525883,6
1525892,7
1525932,5
1525945,8
1525965,5
1525985,34
1526017,6
1526088,5
1526092,6
1526111,5
1526117,596
1526119,7
1526190,10
1526196,10
1526224,16
1526243,11
1526248,6
1526283,12
1526284,29
1526305,6
1526336,26
1526338,7
1526363,6
1526378,290
1526392,7
1526408,93
1526441,27
1526527,131
1526581,133
1526595,6
1526758,12
1526787,17
1526788,30
1526815,5
1526899,71
1526908,8
1526920,27
1527006,5
1527051,9
1527078,7
1527092,9
1527112,9
1527202,23
1527219,19
1527255,6
1527315,159
1527335,22
1527458,7
1527479,8
1527491,8
1527521,542
1527531,18
1527533,6
1527591,7
1527600,11
1527609,7
1527618,6
1527637,35
1527655,24
1527695,5
1527702,11
1527716,6
1527732,9
1527776,6
1527782,15
1527830,53
1527835,5
1527840,7
1527853,12
1527878,5
1527884,6
1527895,7
1527934,8
1527957,6
1527990,25
1528042,7
1528058,20
1528059,14
1528064,22
1528082,14
1528084,53
1528085,6
1528117,8
1528129,27
1528135,22
1528154,5
1528155,13
1528180,6
1528199,8
1528235,7
1528352,9
1528356,5
1528357,7
1528368,5
1528376,14
1528512,13
1528628,5
1528671,9
1528707,17
1528709,14
1528770,6
1528804,15
1528808,128
1528821,12759
1528833,6
1528847,9
1528855,27
1528868,8
1528886,8
1528896,9
1528908,7
1529017,6
1529039,22
1529050,30
1529058,12
1529061,6
1529094,8
1529143,5
1529179,5
1529186,6
1529244,5
1529295,10
1529341,19
1529354,10
1529386,7
1529396,10
1529429,51
1529434,6
1529436,8
1529526,9
1529533,5
1529534,11
1529557,75
1529565,9
1529609,14
1529622,6
1529728,32
1529834,13
1529851,13
1529863,29
1529895,12
1529934,6
1529963,16
1529972,58
1529977,6
1530050,17
1530099,5
1530118,5
1530123,5
1530128,6
1530167,8
1530208,13
1530229,18
1530241,6
1530244,6
1530308,10
1530338,73
1530358,23
1530489,7
1530508,5
1530513,15
1530526,40
1530535,16
1530538,16
1530570,14
1530595,8
1530606,8
1530620,5
1530666,29
1530719,10
1530798,229
1530810,5
1530842,18
1530914,36
1530978,7
1530991,5
1531060,9
1531079,5
1531088,118
1531141,6
1531142,5
1531153,5
1531247,11
1531256,5
1531285,10
1531297,6
1531328,6
1531340,24
1531341,25
1531389,6
1531393,7
1531417,30
1531537,14
1531563,11
1531655,14
1531677,11
1531683,8
1531693,24
1531700,12
1531705,5
1531760,9
1531783,6
1531819,24
1531852,15
1531857,15
1531883,12
1531906,8
1531942,12
1531982,23
1531985,5
1531993,7
1532002,11
1532011,6
1532019,7
1532034,18
1532050,14
1532066,6
1532089,6
1532102,7
1532132,23
1532239,8
1532277,77
1532283,115
1532297,5
1532316,10
1532319,11
1532341,134
1532397,22
1532443,7
1532517,21
1532526,20
1532528,13
1532532,11
1532640,10
1532682,6
1532702,33
1532736,36
1532742,8
1532825,5
1532844,5
1532877,5
1532895,7
1532910,65
1532922,7
1532956,6
1532965,215
1533121,100
1533226,6
1533241,5
1533243,6
1533329,13
1533332,9
1533335,5
1533371,5
1533374,10
1533423,7
1533424,23
1533464,13
1533507,8
1533591,26
1533620,5
1533654,32
1533655,35
1533657,6
1533683,7
1533694,10
1533798,12
1533860,10
1534046,8
1534078,12
1534100,6
1534123,35
1534160,8
1534170,9
1534282,16
1534304,9
1534305,14
1534389,9
1534409,6
1534410,22
1534417,18
1534440,10
1534464,6
1534467,6
1534492,16
1534503,11
1534528,378
1534545,6
1534619,12
1534631,6
1534688,7
1534737,6
1534739,7
1534760,23
1534815,6
1534905,8
1534913,11
1534967,15
1535001,8
1535019,46
1535031,8
1535080,7
1535154,5
1535181,28
1535192,6
1535211,6
1535231,9
1535318,34
1535499,5
1535505,112
1535531,5
1535596,6
1535751,6
1535756,10
1535781,47
1535793,6
1535795,13
1535910,20
1535921,8
1535927,17
1535931,5
1535959,5
1536001,11
1536035,13
1536056,11
1536057,7
1536092,9
1536110,9
1536126,6
1536135,7
1536153,31
1536174,6
1536195,10
1536202,7
1536203,6
1536217,13
1536218,10
1536231,30
1536399,10
1536443,181
1536515,9
1536531,6
1536543,7
1536576,9
1536593,13
1536594,5
1536637,16
1536656,10
1536659,68
1536665,8
1536685,6
1536708,32
1536751,63
1536761,8
1536813,6
1536846,134
1536868,7
1536871,6
1536884,17
1536890,37
1536915,6
1536929,11
1536951,6
1536975,8
1536995,8
1537008,76
1537033,15
1537108,10
1537167,6
1537221,6
1537241,24
1537260,5
1537261,44
1537288,11
1537299,8
1537316,6
1537324,7
1537329,15
1537358,17
1537363,6
1537368,6
1537375,5
1537379,13
1537505,12
1537727,7
1537738,7
1537744,84
1537768,34
1537780,6
1537819,5
1537820,22
1537821,6
1537822,6
1537838,5
1537856,11
1537858,12
1537903,19
1537904,10
1537921,7
1537932,56
1537968,8
1538051,7
1538077,36
1538097,66
1538110,7
1538120,13
1538219,25
1538245,14
1538257,11
1538288,37
1538301,10
1538313,7
1538326,5
1538334,13
1538344,7
1538350,5
1538353,8
1538413,38
1538492,14
1538493,9
1538518,8
1538550,93
1538606,6
1538705,9
1538765,7
1538788,6
1538792,23
1538833,8
1538844,23
1538863,9
1538873,37
1538895,9
1538998,9
1539043,6
1539055,7
1539131,22
1539179,18
1539184,6
1539301,14
1539368,33
1539377,12
1539401,14
1539409,6
1539461,27
1539477,11
1539571,7
1539581,49
1539613,6
1539620,16
1539622,5
1539673,5
1539704,7
1539740,32
1539744,17
1539759,5
1539769,6
1539802,10
1539804,10
1539828,12
1539833,8
1539835,6
1539848,5
1539858,7
1539866,9
1539916,6
1539981,7
1540056,47
1540076,9
1540185,8
1540207,6
1540247,34
1540266,11
1540294,42
1540384,8
1540453,15
1540458,9
1540503,65
1540541,18
1540546,11
1540547,8
1540573,13
1540608,7
1540635,5
1540636,63
1540677,8
1540717,12
1540724,6
1540757,6
1540762,7
1540772,23
1540863,7
1540866,7
1540875,6
1540895,8
1540919,59
1540927,5
1540936,14
1540977,5
1541057,22
1541078,22
1541106,7
1541114,6
1541123,5
1541124,39
1541197,6
1541211,60
1541215,12
1541292,80
1541311,71
1541364,92
1541418,12
1541425,11
1541460,19
1541462,5
1541471,7
1541505,6
1541527,30
1541534,55
1541541,15
1541591,58
1541615,11
1541638,32
1541661,7
1541677,7
1541731,6
1541737,10
1541765,5
1541820,7
1541860,15
1541884,9
1541918,15
1541942,5
1541956,20
1541972,11
1541983,25
1541998,6
1542008,5
1542113,33
1542114,6
1542120,5
1542203,6
1542253,9
1542268,21
1542282,15
1542357,10
1542366,7
1542426,6
1542464,10
1542481,76
1542482,60
1542523,7
1542563,9
1542600,6
1542609,15
1542611,14
1542619,8
1542668,25
1542679,5
1542680,6
1542685,7
1542710,5
1542714,7
1542788,20
1542827,27
1542832,6
1542864,41
1542866,13
1542885,62
1542949,9
1542982,15
1543015,37
1543047,21
1543068,5
1543114,8
1543158,8
1543181,5
1543199,360
1543210,5
1543211,46
1543222,10
1543239,15
1543323,6
1543365,9
1543398,9
1543399,6
1543477,8
1543514,5
1543530,6
1543649,6
1543661,9
1543679,9
1543685,6
1543689,5
1543727,7
1543736,6
1543747,6
1543825,8
1543904,50
1543964,10
1543981,7
1543991,15
1543992,7
1543996,22
1544012,33
1544015,28
1544024,9
1544042,28
1544160,9
1544177,6
1544181,34
1544198,13
1544214,11
1544313,6
1544435,11
1544439,9
1544447,27
1544468,19
1544526,7
1544566,10
1544605,15
1544641,9
1544654,11
1544668,7
1544738,6
1544764,6
1544826,22
1544843,8
1544929,5
1544975,6
1545003,7
1545004,16
1545024,9
1545063,7
1545115,18
1545153,9
1545155,12
1545174,6
1545175,9
1545179,75
1545180,8
1545218,6
1545270,8
1545311,7
1545339,13
1545421,6
1545430,5
1545443,7
1545505,7
1545517,12
1545543,10
1545549,5
1545555,9
1545571,32
1545577,12
1545606,5
1545658,7
1545666,5
1545715,7
1545738,9
1545763,8
1545768,8
1545793,8
1545794,20
1545802,6
1545805,12
1545816,8
1545824,103
1545827,7
1545930,6
1545953,21
1545987,12
1546040,28
1546051,19
1546073,29
1546085,41
1546121,8
1546160,8
1546181,10
1546202,11
1546214,32
1546218,6
1546219,36
1546268,147
1546279,11
1546294,38
1546321,5
1546328,5
1546339,107
1546352,5
1546395,7
1546460,10
1546497,6
1546507,7
1546508,34
1546518,10
1546539,8
1546545,9
1546578,10
1546636,7
1546647,8
1546659,6
1546717,9
1546763,6
1546785,9
1546786,16
1546811,22
1546814,12
1546858,41
1546955,6
1547045,19
1547062,28
1547077,8
1547080,22
1547110,5
1547157,11
1547202,6
1547205,6
1547213,35
1547231,13
1547268,6
1547279,6
1547309,34
1547319,10
1547331,35
1547348,22
1547412,14
1547421,24
1547433,5
1547552,13
1547569,7
1547572,6
1547607,5
1547612,6
1547620,5
1547752,5
1547776,11
1547781,7
1547783,69
1547793,37
1547802,25
1547808,5
1547818,9
1547822,8
1547832,5
1547854,6
1547879,5
1547963,54
1547992,10
1548005,13
1548045,104
1548105,9
1548181,9
1548203,7
1548227,8
1548254,10
1548290,7
1548341,10
1548343,7
1548356,8
1548423,8
1548458,6
1548479,15
1548500,8
1548505,21
1548519,51
1548540,7
1548555,6
1548578,6
1548582,8
1548590,7
1548607,8
1548614,13
1548623,27
1548629,6
1548662,5
1548738,13
1548748,8
1548764,6
1548774,9
1548809,7
1548870,26
1548914,7
1548929,9
1548953,7
1548998,11
1549085,8
1549116,7
1549185,7
1549186,36
1549200,72
1549204,6
1549205,21
1549286,6
1549350,6
1549363,10
1549384,41
1549477,7
1549489,43
1549494,16
1549606,8
1549617,47
1549620,6
1549659,7
1549669,7
1549714,6
1549715,10
1549813,25
1549839,13
1549853,109
1549865,72
1549866,412
1549877,14
1549936,24
1549955,9
1549969,11
1549972,7
1549977,5
1550008,10
1550030,11
1550035,5
1550076,7
1550095,90
1550113,10
1550116,15
1550165,13
1550185,6
1550203,6
1550243,12
1550257,14
1550270,5
1550289,20
1550423,7
1550529,6
1550534,7
1550540,10
1550559,31
1550578,7
1550591,18
1550637,9
1550638,31
1550648,7
1550682,9
1550695,16
1550714,36
1550738,18
1550803,7
1550864,15
1550886,5
1550922,13
1550992,13
1550994,7
1551053,7
1551078,7
1551167,17
1551192,6
1551204,6
1551298,33
1551386,21
1551407,6
1551425,55
1551465,7
1551541,6
1551545,10
1551549,15
1551550,17
1551568,30
1551570,12
1551578,6
1551581,7
1551588,6
1551636,6
1551647,84
1551663,5
1551694,6
1551706,8
1551765,6
1551808,8
1551827,10
1551838,11
1551870,9
1551873,8
1551876,8
1551888,7
1551909,6
1551947,12
1551952,22
1551973,8
1552057,8
1552073,28
1552095,11
1552130,6
1552153,19
1552156,15
1552205,15
1552248,11
1552254,7
1552258,7
1552325,5
1552384,28
1552403,12
1552491,13
1552540,6
1552566,29
1552569,5
1552713,16
1552776,10
1552788,9
1552828,11
1552881,23
1552894,49
1552950,171
1552967,8
1552999,6
1553029,6
1553061,5
1553092,8
1553202,24
1553209,6
1553231,14
1553254,12
1553279,5
1553287,8
1553330,10
1553363,9
1553412,6
1553527,8
1553556,5
1553573,8
1553622,6
1553672,20
1553714,17
1553742,6
1553891,25
1553935,12
1553984,24
1554018,31
1554061,7
1554076,22
1554153,11
1554188,6
1554232,35
1554235,12
1554239,6
1554295,5
1554309,45
1554344,6
1554377,18
1554396,88
1554410,10
1554413,5
1554451,8
1554497,5
1554528,11
1554585,5
1554609,7
1554662,12
1554702,13
1554731,206
1554766,157
1554782,7
1554844,39
1554896,10
1554918,8
1554956,6
1555012,17
1555015,14
1555074,9
1555122,19
1555146,25
1555147,5
1555148,11
1555157,9
1555213,7
1555235,6
1555316,7
1555320,6
1555322,10
1555323,9
1555428,9
1555518,9
1555526,12
1555570,27
1555586,17
1555591,7
1555595,12
1555644,9
1555673,17
1555676,17
1555678,21
1555700,12
1555704,14
1555708,16
1555733,8
1555738,8
1555768,17
1555791,18
1555861,6
1555903,40
1555906,19
1555990,8
1556005,9
1556012,6
1556033,66
1556135,11
1556211,8
1556212,104
1556266,12
1556270,14
1556305,18
1556369,44
1556414,18
1556419,8
1556427,15
1556449,13
1556462,5
1556490,10
1556549,9
1556576,17
1556643,59
1556668,8
1556682,18
1556712,10
1556725,7
1556748,6
1556795,16
1556796,6
1556836,5
1556851,7
1556868,6
1556889,7
1556947,5
1557066,11
1557074,24
1557097,6
1557103,10
1557137,8
1557156,5
1557161,18
1557184,14
1557230,7
1557244,8
1557279,6
1557300,67
1557338,35
1557342,5
1557373,49
1557374,18
1557430,38
1557434,6
1557451,10
1557490,14
1557511,57
1557518,6
1557574,10
1557580,11
1557599,23
1557642,9
1557650,7
1557657,7
1557669,5
1557704,6
1557729,11
1557733,7
1557739,24
1557743,8
1557804,48
1557839,6
1557887,381
1557905,7
1557918,31
1557937,7
1558001,8
1558006,19
1558172,40
1558176,55
1558238,12
1558253,6
1558310,9
1558320,7
1558321,6
1558329,9
1558345,9
1558363,8
1558428,8
1558449,10
1558508,9
1558514,7
1558520,27
1558532,6
1558533,6
1558594,11
1558595,6
1558610,9
1558736,9
1558739,28
1558810,17
1558811,16
1558830,11
1558847,10
1558854,56
1558876,8
1558893,7
1558931,6
1558934,7
1558935,11
1558943,6
1558946,5
1558971,29
1559046,5
1559056,299
1559060,8
1559085,7
1559106,9
1559133,34
1559140,31
1559193,8
1559201,88
1559203,6
1559211,10
1559225,385
1559280,12
1559300,9
1559332,43
1559368,15
1559463,12
1559464,29
1559466,8
1559467,215
1559470,6
1559556,6
1559587,20
1559598,68
1559622,6
1559675,5
1559676,8
1559708,36
1559716,11
1559741,10
1559758,11
1559780,9
1559791,20
1559849,12
1559862,120
1559879,8
1559970,7
1559995,9
1560046,19
1560158,124
1560275,35
1560284,8
1560327,6
1560362,6
1560421,13
1560436,33
1560475,6
1560522,11
1560537,9
1560543,16
1560567,14
1560586,10
1560605,8
1560623,469
1560632,16
1560639,8
1560693,6
1560704,9
1560711,18
1560780,6
1560822,16
1560862,6
1560876,10
1560877,8
1560897,20
1560899,7
1560924,7
1560926,6
1560969,7
1560997,6
1561016,8
1561040,7
1561118,10
1561123,21
1561128,8
1561185,12
1561298,9
1561301,21
1561309,10
1561330,9
1561344,6
1561348,43
1561351,6
1561356,11
1561357,9
1561368,10
1561376,7
1561377,7
1561427,6
1561449,9
1561531,9
1561559,6
1561630,13
1561647,14
1561653,6
1561710,7
1561732,10
1561736,9
1561764,10
1561853,8
1561894,26
1561909,14
1561957,9
1561961,28
1562019,12
1562067,9
1562114,7
1562121,8
1562150,6
1562174,97
1562184,97
1562216,9
1562228,8
1562256,6
1562266,14
1562268,8
1562270,11
1562315,21
1562417,9
1562456,12
1562470,9
1562499,15
1562514,68
1562537,37
1562538,44
1562552,8
1562556,15
1562615,17
1562629,11
1562699,25
1562707,12
1562729,97
1562789,12
1562814,7
1562874,14
1562898,17
1562915,6
1562945,5
1562982,9
1562992,8
1563043,43
1563051,6
1563056,6
1563061,6
1563078,5
1563103,9
1563147,5
1563181,8
1563185,26
1563202,9
1563223,8
1563352,129
1563404,5
1563446,7
1563465,13
1563526,25
1563532,8
1563561,22
1563579,8
1563652,7
1563708,8
1563876,19
1563900,11
1563914,56
1563983,3747
1563992,7
1564037,16
1564044,6
1564056,7
1564096,7
1564097,43
1564130,8
1564201,54
1564230,6
1564252,6
1564326,18
1564331,11
1564349,11
1564415,6
1564427,7
1564485,6
1564490,24
1564491,7
1564495,10
1564513,37
1564536,7
1564539,24
1564542,6
1564548,6
1564549,27
1564605,6
1564642,83
1564696,5
1564702,14
1564730,6
1564754,65
1564799,6
1564806,33
1564826,15
1564869,6
1564883,6
1564905,6
1564906,10
1564967,7
1564975,6
1564995,63
1565022,8
1565023,6
1565056,7
1565118,24
1565133,5
1565143,15
1565146,32
1565219,7
1565252,9
1565284,9
1565321,5
1565341,10
1565346,12
1565422,17
1565464,15
1565469,21
1565488,8
1565517,26
1565530,6
1565549,12
1565553,7
1565578,7
1565640,18
1565732,11
1565779,9
1565796,8
1565809,36
1565810,8
1565811,7
1565823,67
1565838,5
1565844,16
1565858,9
1565888,11
1565895,7
1565906,6
1565907,5
1565913,20
1566017,15
1566018,11
1566061,55
1566078,24
1566128,8
1566145,5
1566161,8
1566200,105
1566208,6
1566213,6
1566214,42
1566333,6
1566343,33
1566386,12
1566406,12
1566413,7
1566446,7
1566447,9
1566513,6
1566523,10
1566572,16
1566597,43
1566600,51
1566606,6
1566611,6
1566612,6
1566630,19
1566667,8
1566669,33
1566670,7
1566677,40
1566721,6
1566760,12
1566761,16
1566831,10
1566866,5
1566881,11
1566916,16
1566990,10
1567141,58
1567158,6
1567159,8
1567196,16
1567197,9
1567232,7
1567258,18
1567291,12
1567317,73
1567338,227
1567340,6
1567365,13
1567374,6
1567400,11
1567435,8
1567438,11
1567474,7
1567510,6
1567526,35
1567581,5
1567612,10
1567620,15
1567652,6
1567658,7
1567661,19
1567688,5
1567714,5
1567804,6
1567841,6
1567873,12
1567877,23
1568020,26
1568028,9
1568044,10
1568047,8
1568065,5
1568067,6
1568073,6
1568094,5
1568138,5
1568163,6
1568219,9
1568244,9
1568356,9
1568371,7
1568375,16
1568506,25
1568518,36
1568593,23
1568610,36
1568641,8
1568646,10
1568687,67
1568710,43
1568726,16
1568757,6
1568776,11
1568799,7
1568838,14
1568925,9
1569046,7
1569100,5
1569147,37
1569149,13
1569158,31
1569191,8
1569196,6
1569217,56
1569222,10
1569225,9
1569269,29
1569300,8
1569330,7
1569338,5
1569346,12
1569347,1505
1569353,12
1569358,6
1569372,20
1569408,15
1569430,10
1569529,61
1569537,37
1569557,7
1569559,9
1569609,7
1569703,19
1569785,156
1569800,8
1569848,6
1569879,9
1569886,12
1569971,6
1570029,14
1570048,19
1570057,5
1570089,47
1570094,6
1570106,8
1570174,12
1570182,6
1570218,7
1570241,96
1570242,24
1570275,5
1570302,309
1570303,7
1570332,14
1570381,19
1570419,22
1570443,18
1570491,52
1570493,8
1570509,7
1570511,5
1570520,6
1570599,19
1570656,17
1570672,7
1570681,27
1570692,5
1570739,10
1570775,11
1570793,18
1570799,14
1570827,37
1570832,8
1570864,6
1570866,651
1570885,7
1570898,6
1570920,19
1570923,71
1570938,8
1570956,6
1570992,7
1571021,7
1571038,16
1571062,6
1571152,24
1571158,33
1571185,6
1571197,15
1571201,9
1571235,9
1571247,86
1571294,17
1571327,11
1571367,10
1571387,6
1571409,19
1571418,6
1571446,6
1571457,21
1571461,10
1571549,15
1571562,11
1571579,7
1571602,5
1571622,8
1571626,9
1571646,8
1571673,8
1571711,7
1571714,13
1571719,12
1571735,7
1571737,7
1571809,6
1571895,20
1571922,10
1571981,6
1571986,7
1572029,22
1572078,8
1572091,11
1572098,7
1572109,27
1572127,7
1572134,7
1572135,63
1572221,8
1572227,7
1572230,6
1572265,6
1572266,20
1572272,11
1572282,12
1572332,43
1572350,8
1572464,12
1572478,26
1572598,49
1572633,48
1572655,10
1572731,7
1572763,7
1572768,5
1572800,7
1572825,7
1572878,9
1572881,7
1572887,7
1572930,9
1572961,6
1572973,9
1573037,13
1573073,6
1573076,8
1573122,78
1573146,94
1573156,17
1573312,7
1573325,14
1573337,14
1573382,135
1573435,11
1573439,125
1573440,5
1573476,23
1573535,10
1573538,39
1573583,6
1573586,9
1573596,24
1573632,5
1573643,14
1573666,12
1573674,6
1573694,7
1573706,12
1573712,8
1573907,5
1573944,195
1574019,37
1574122,8
1574131,24
1574140,6
1574149,7
1574169,6
1574180,25
1574196,9
1574246,26
1574336,10
1574388,8
1574395,14
1574417,6
1574419,13
1574448,12
1574482,18
1574545,16
1574546,20
1574598,7
1574612,7
1574647,17
1574674,6
1574696,10
1574721,6
1574750,9
1574818,5
1574860,12
1574869,10
1574879,11
1574932,11
1574961,7
1574963,5
1574978,7
1575066,8
1575086,7
1575089,6
1575104,8
1575116,10
1575172,304
1575194,6
1575206,5
1575220,8
1575239,9
1575251,7
1575316,7
1575341,8
1575345,7
1575419,15
1575438,10
1575463,5
1575470,9
1575492,243
1575512,8
1575522,6
1575534,7
1575543,7
1575593,13
1575652,5
1575707,18
1575763,7
1575824,9
1575839,27
1575928,6
1575968,40
1575980,11
1576013,6
1576016,30
1576047,58
1576112,6
1576200,14
1576212,6
1576286,7
1576288,8
1576340,5
1576345,16
1576378,17
1576388,6
1576400,117
1576462,7
1576475,18
1576476,11
1576521,10
1576598,9
1576615,6
1576666,11
1576720,9
1576731,8
1576732,8
1576771,6
1576776,11
1576796,26
1576851,6
1576852,14
1576879,7
1576916,58
1576940,19
1576949,29
1576980,12
1576988,180
1576992,52
1577001,7
1577005,36
1577052,13
1577071,12
1577072,42
1577082,5
1577103,12
1577117,62
1577141,9
1577180,11
1577211,31
1577214,7
1577222,6
1577249,7
1577266,7
1577323,7
1577382,60
1577387,13
1577414,5
1577512,62
1577520,8
1577523,8
1577550,103
1577560,13
1577565,7
1577614,14
1577645,6
1577671,5
1577752,9
1577760,6
1577790,62
1577821,6
1577822,5
1577916,6
1577954,38
1578034,11
1578103,8
1578111,6
1578120,9
1578205,26
1578245,21
1578246,11
1578265,7
1578277,8
1578283,18
1578321,10
1578331,39
1578337,8
1578343,7
1578403,22
1578435,9
1578469,37
1578507,152
1578600,7
1578601,9
1578602,33
1578619,37
1578623,15
1578673,9
1578701,15
1578776,28
1578786,6
1578798,6
1578823,7
1578831,8
1578885,6
1578888,6
1578895,6
1578919,7
1578961,10
1579097,8
1579100,29
1579194,8
1579218,64
1579241,5
1579287,7
1579365,31
1579387,7
1579394,8
1579428,14
1579550,9
1579609,29
1579615,13
1579651,5
1579720,12
1579828,48
1579831,194
1579840,7
1579875,6
1579877,9
1579897,14
1579920,10
1579947,66
1579953,351
1579976,8
1579989,36
1580021,14
1580022,24
1580044,9
1580065,6
1580066,7
1580069,12
1580191,6
1580196,52
1580217,39
1580239,6
1580297,6
1580299,22
1580313,10
1580339,19
1580350,6
1580397,14
1580424,26
1580428,49
1580516,7
1580523,8
1580525,13
1580559,6
1580567,11
1580580,5
1580621,15
1580624,11
1580650,7
1580668,31
1580708,15
1580746,8
1580764,7
1580770,13
1580837,11
1580857,11
1580858,5
1580865,12
1580934,10
1580995,119
1581009,10
1581044,9
1581059,100
1581069,14
1581141,13
1581153,6
1581234,9
1581243,11
1581263,8
1581273,25
1581299,6
1581302,7
1581307,21
1581370,26
1581411,7
1581427,7
1581445,6
1581446,8
1581470,22
1581507,10
1581523,10
1581610,6
1581682,32
1581748,11
1581761,6
1581765,9
1581870,7
1581882,7
1581887,110
1581890,6
1581912,9
1581982,14
1581984,14
1582039,19
1582139,10
1582166,16
1582193,36
1582204,32
1582207,18
1582279,25
1582286,9
1582345,6
1582368,12
1582390,7
1582401,7
1582425,10
1582474,6
1582494,20
1582520,17
1582594,12
1582715,6
1582728,14
1582739,10
1582824,63
1582838,24
1582865,20
1582902,24
1583031,7
1583070,8
1583099,7
1583163,7
1583198,7
1583262,9
1583315,41
1583328,25
1583358,17
1583386,16
1583392,10
1583409,8
1583468,38
1583478,11
1583500,100
1583502,10
1583512,9
1583551,7
1583564,8
1583592,10
1583648,14
1583671,40
1583707,10
1583708,5
1583754,5
1583776,21
1583850,15
1583862,12
1583971,18
1584038,16
1584057,5
1584060,11
1584125,12
1584133,5
1584154,11
1584161,9
1584173,8
1584191,22
1584218,82
1584253,10
1584276,17
1584311,11
1584331,368
1584359,8
1584372,5
1584381,20
1584416,23
1584428,9
1584484,16
1584491,10
1584648,14
1584680,14
1584730,9
1584767,7
1584795,15
1584797,6
1584809,6
1584833,6
1584867,16
1585065,20
1585157,53
1585175,5
1585202,28
1585231,17
1585259,6
1585321,5
1585407,10
1585410,9
1585420,25
1585456,41
1585480,6
1585493,81
1585507,7
1585515,6
1585530,22
1585588,6
1585602,9
1585612,6
1585641,10
1585646,19
1585651,24
1585664,27
1585669,13
1585708,20
1585712,9
1585721,79
1585772,6
1585823,8
1585908,10
1585918,8
1585927,7
1585938,5
1585940,18
1585949,18
1585950,12
1585966,18
1585974,8
1586024,8
1586060,8
1586066,9
1586076,6
1586086,10
1586105,14
1586112,304
1586138,6
1586153,9
1586206,6
1586217,8
1586330,14
1586371,7
1586373,6
1586381,6
1586401,24
1586427,27
1586437,11
1586477,8
1586529,6
1586590,5
1586652,8
1586671,14
1586674,37
1586692,5
1586740,5
1586758,6
1586764,112
1586772,8
1586876,5
1586877,6
1586901,43
1586929,7
1586968,21
1586979,50
1586988,6
1587106,7
1587153,9
1587171,8
1587189,6
1587227,9
1587289,15
1587290,6
1587383,12
1587392,30
1587396,13
1587498,6
1587507,17
1587548,10
1587652,37
1587748,12
1587803,9
1587808,9
1587906,5
1587975,21
1587981,10
1587990,7
1588045,5
1588102,27
1588118,102
1588152,23
1588157,21
1588168,5
1588232,16
1588234,8
1588241,6
1588295,6
1588321,5
1588325,9
1588348,8
1588352,46
1588400,18
1588412,5
1588425,8
1588441,6
1588471,64
1588484,7
1588494,14
1588497,65
1588498,7
1588515,42
1588536,7
1588580,10
1588586,15
1588596,8
1588682,5
1588727,11
1588738,8
1588761,5
1588762,9
1588793,10
1588804,9
1588817,6
1588860,3535
1588881,8
1588938,42
1588994,17
1588997,6
1589026,11
1589083,50
1589103,7
1589125,6
1589173,15
1589239,9
1589254,14
1589317,9
1589339,21
1589350,14
1589356,11
1589401,138
1589404,9
1589415,6
1589442,28
1589447,10
1589482,16
1589536,6
1589581,82
1589584,10
1589616,7
1589650,15
1589729,6
1589740,24
1589798,33
1589825,5
1589850,8
1589939,25
1589959,38
1589986,7
1590055,12
1590056,6
1590090,7
1590108,12
1590112,8
1590154,12
1590227,6
1590247,7
1590251,23
1590266,6
1590365,14
1590380,8
1590402,14
1590416,47
1590424,7
1590427,21
1590437,12
1590460,6
1590472,7
1590490,11
1590525,12
1590579,12
1590624,8
1590639,9
1590710,6
1590718,7
1590774,60
1590832,9
1590855,5
1590875,7
1590898,10
1590922,8
1590939,10
1590940,5
1590956,8
1590986,15
1590993,5
1591003,7
1591019,17
1591023,7
1591032,7
1591048,6
1591065,7
1591094,15
1591146,7
1591171,5
1591193,10
1591197,10
1591354,12
1591427,27
1591512,18
1591518,5
1591543,6
1591599,16
1591633,9
1591689,5
1591703,9
1591710,5
1591714,6
1591740,31
1591750,11
1591786,7
1591792,25
1591838,13
1591872,10
1591873,5
1591986,31
1592023,9
1592060,8
1592062,8
1592129,77
1592176,14
1592181,6
1592213,7
1592214,9
1592226,18
1592232,12
1592358,7
1592366,9
1592402,7
1592447,7
1592451,6
1592452,118
1592486,6
1592558,6
1592605,7
1592671,5
1592676,8
1592713,11
1592714,23
1592718,8
1592727,8
1592773,11
1592818,11
1592833,5
1592853,6
1592877,6
1592935,10
1592941,14
1592967,6
1592988,19
1592997,5
1593007,6
1593040,6
1593050,10
1593134,6
1593149,25
1593191,7
1593192,11
1593239,7
1593254,18
1593257,29
1593273,8
1593319,6
1593412,10
1593426,5
1593434,6
1593445,7
1593450,7
1593469,23
1593655,32
1593789,11
1593795,44
1593807,43
1593835,6
1593855,6
1593884,71
1593885,13
1593927,7
1594042,14
1594102,287
1594187,7
1594262,10
1594271,12
1594284,6
1594369,6
1594376,82
1594393,6
1594401,9
1594402,6
1594467,6
1594511,53
1594523,8
1594560,9
1594576,13
1594592,24
1594635,5
1594681,6
1594685,8
1594689,5
1594779,7
1594799,6
1594800,6
1594853,7
1594854,7
1594861,11
1594868,14
1594979,10
1595014,7
1595025,6
1595055,7
1595064,13
1595097,8
1595099,6
1595132,8
1595143,91
1595145,7
1595203,12
1595207,26
1595286,11
1595329,8
1595334,6
1595394,9
1595478,7
1595492,8
1595504,15
1595515,6
1595535,8
1595559,1124
1595576,10
1595584,16
1595618,93
1595663,6
1595679,31
1595680,6
1595835,28
1595956,8
1595962,7
1595965,7
1596036,6
1596253,19
1596297,16
1596310,22
1596350,6
1596361,11
1596396,13
1596459,7
1596495,5
1596505,7
1596512,6
1596548,12
1596551,14
1596552,10
1596553,7
1596559,5
1596599,7
1596673,5
1596708,5
1596713,13
1596779,13
1596783,13
1596811,10
1596852,66
1596867,14
1596897,6
1596917,6
1596922,55
1596923,8
1596992,11
1597007,13
1597008,19
1597059,5
1597087,6
1597134,24
1597144,17
1597157,6
1597170,17
1597175,6
1597190,10
1597195,9
1597209,6
1597246,11
1597301,10
1597308,5
1597348,9
1597360,13
1597373,9
1597380,9
1597415,7
1597433,7
1597467,5
1597499,5
1597536,5
1597541,39
1597543,18
1597640,8
1597646,8
1597649,9
1597672,24
1597704,5
1597773,20
1597774,15
1597822,6
1597842,5
1597850,7
1597871,13
1597888,11
1597890,9
1597891,28
1597982,10
1598001,8
1598023,7
1598025,10
1598040,9
1598064,5
1598092,10
1598096,10
1598112,52
1598259,5
1598331,10
1598332,33
1598365,5
1598380,10
1598394,9
1598411,14
1598413,8
1598419,34
1598473,5
1598586,6
1598587,6
1598589,8
1598594,128
1598599,7
1598634,1174
1598644,6
1598686,6
1598697,7
1598732,7
1598766,8
1598771,10
1598791,5
1598804,6
1598831,32
1598981,60
1599084,11
1599093,8
1599100,8
1599112,17
1599113,20
1599117,16
1599153,5
1599200,61
1599264,6
1599363,15
1599385,10
1599386,6
1599436,13
1599447,6
1599448,134
1599461,14
1599462,8
1599489,7
1599491,13
1599535,8
1599589,19
1599608,22
1599629,13
1599631,12
1599651,37
1599688,12
1599695,39
1599703,6
1599704,5
1599737,17
1599746,5
1599777,18
1599797,8
1599809,9
1599850,8
1599873,6
1599916,7
1599934,39
1599973,13
1599992,10
1600014,664
1600184,17
1600219,33
1600235,24
1600266,15
1600302,9
1600323,6
1600380,100
1600392,6
1600403,16
1600413,6
1600432,9
1600541,12
1600556,7
1600589,32
1600607,5
1600608,8
1600697,7
1600756,6
1600775,12
1600822,8
1600840,12
1600876,8
1600907,7
1600924,996
1600954,29
1600956,6
1600978,9
1600995,12
1601023,30
1601048,17
1601106,8
1601154,12
1601171,19
1601177,6
1601228,6
1601238,11
1601297,5
1601302,7
1601303,7
1601311,15
1601327,23
1601360,7
1601429,20
1601443,6
1601452,16
1601470,7
1601477,6
1601550,15
1601565,7
1601572,35
1601581,48
1601600,8
1601635,9
1601636,8
1601637,18
1601638,19
1601657,6
1601713,6
1601722,10
1601745,6
1601769,415
1601784,12
1601825,12
1601839,20
1601906,12
1601910,7
1602032,13
1602042,5
1602120,5
1602167,119
1602169,5
1602227,27
1602263,112
1602265,6
1602280,5
1602332,17
1602342,17
1602383,12
1602493,8
1602501,8
1602507,6
1602519,126
1602547,13
1602561,37
1602576,9
1602600,5
1602622,22
1602658,37
1602697,17
1602698,12
1602740,5
1602770,14
1602806,33
1602849,19
1602880,53
1602886,6
1602887,39
1602889,21
1602910,6
1602918,20
1602953,6
1602954,9
1602961,8
1602974,7
1603026,11
1603039,22
1603056,7
1603061,31
1603072,10
1603077,353
1603106,7
1603114,9
1603123,12
1603155,6
1603217,5
1603228,6
1603336,7
1603419,9
1603490,17
1603514,119
1603559,20
1603593,17
1603601,6
1603686,17
1603710,8
1603720,9
1603758,28
1603777,7
1603802,395
1603854,6
1603907,13
1603933,10
1603944,124
1604006,13
1604008,7
1604060,11
1604075,8
1604218,8
1604228,49
1604308,77
1604343,25
1604361,6
1604408,5
1604441,6
1604478,13
1604567,791
1604583,6
1604595,7
1604603,21
1604623,14
1604680,7
1604696,6
1604749,10
1604775,6
1604784,8
1604800,7
1604908,16
1604959,14
1605027,6
1605123,5
1605148,16
1605151,9
1605163,9
1605171,16
1605180,7
1605250,43
1605306,19
1605310,56
1605373,6
1605390,7
1605413,13
1605435,5
1605447,8
1605448,57
1605466,20
1605499,6
1605537,6
1605564,9
1605613,7
1605617,6
1605635,30
1605718,19
1605743,16
1605756,8
1605765,110
1605778,8
1605796,7
1605834,6
1605838,8
1605926,8
1605928,39
1605936,6
1605958,7
1605965,13
1606023,9
1606099,7
1606120,10
1606150,13
1606182,56
1606249,17
1606253,10
1606289,6
1606354,7
1606361,9
1606379,6
1606409,55
1606447,55
1606489,25
1606632,5
1606668,10
1606673,41
1606691,8
1606700,24
1606719,8
1606779,60
1606782,7
1606832,13
1606851,7
1606855,7
1606887,11
1606894,21
1606913,8
1607042,8
1607047,7
1607068,10
1607071,19
1607085,8
1607119,5
1607126,8
1607143,9
1607198,8
1607216,5
1607245,11
1607263,7
1607278,27
1607302,6
1607386,7
1607388,7
1607399,11
1607406,10
1607424,7
1607436,12
1607541,11
1607599,7
1607601,54
1607637,12
1607647,6
1607670,6
1607742,63
1607746,6
1607802,10
1607826,7
1607859,9
1607861,34
1607867,5
1607872,6
1607892,10
1607930,7
1607954,15
1608011,8
1608102,6
1608105,6
1608121,7
1608149,19
1608211,9
1608317,9
1608366,7
1608372,31
1608427,12
1608436,13
1608439,266
1608522,7
1608534,7
1608544,45
1608546,67
1608622,36
1608647,5
1608664,12
1608697,6
1608749,7
1608773,28
1608802,7
1608808,5
1609159,5
1609170,6
1609202,12
1609270,11
1609305,13
1609309,64
1609358,6
1609371,10
1609415,7
1609431,25
1609523,16
1609530,11
1609531,11
1609570,9
1609576,6
1609596,13
1609638,14
1609644,5
1609661,27
1609666,5
1609736,23
1609762,5
1609790,44
1609810,10
1609867,5
1609877,6
1609881,9
1609891,10
1609894,12
1609929,5
1609948,26
1609950,6
1609958,10
1610100,5
1610132,7
1610176,15
1610189,8
1610192,8
1610203,45
1610216,8
1610234,19
1610262,13
1610283,16
1610304,6
1610335,6
1610384,8
1610423,6
1610446,10
1610489,8
1610505,10
1610523,18
1610524,5
1610543,9
1610544,10
1610561,246
1610607,34
1610669,13
1610714,21
1610723,6
1610800,6
1610808,5
1610843,6
1610892,28
1610893,6
1610910,43
1610931,5
1611052,16
1611053,7
1611065,26
1611109,5
1611116,8
1611200,6
1611233,11
1611276,57
1611286,6
1611333,6
1611372,12
1611390,26
1611411,24
1611470,120
1611473,6
1611579,8
1611598,26
1611622,10
1611643,32
1611676,6
1611740,25
1611773,5
1611775,8
1611776,6
1611820,5
1611851,16
1611883,16
1611899,25
1611908,7
1611937,6
1611942,7
1611949,9
1611954,6
1611970,7
1611974,12
1612011,25
1612066,11
1612097,12
1612103,14
1612117,9
1612126,7
1612129,6
1612140,7
1612212,6
1612289,7
1612327,10
1612391,43
1612396,16
1612397,21
1612430,15
1612431,24
1612435,6
1612544,14
1612562,6
1612563,5
1612564,5
1612596,9
1612601,11
1612642,13
1612754,15
1612755,6
1612772,8
1612819,96
1612841,6
1612880,40
1612883,19
1612916,6
1612992,8
1613020,7
1613076,6
1613082,17
1613090,7
1613107,5
1613115,8
1613128,20
1613142,13
1613235,99
1613240,6
1613258,5
1613259,16
1613308,11
1613333,6
1613348,43
1613370,42
1613414,5
1613452,6
1613453,9
1613485,7
1613522,64
1613536,6
1613560,8
1613574,7
1613599,7
1613669,26
1613670,6
1613727,27
1613738,7
1613756,10
1613792,19
1613805,8
1613846,6
1613852,11
1613902,6
1613968,6
1613972,13
1614004,7
1614027,7
1614200,7
1614204,5
1614257,8
1614260,15
1614290,18
1614369,13
1614395,6
1614415,38
1614435,10
1614443,29
1614497,30
1614521,6
1614580,30
1614582,8
1614676,17
1614677,6
1614679,12
1614682,5
1614754,8
1614765,12
1614789,9
1614807,5
1614828,7
1614891,346
1614902,7
1614905,26
1614930,6
1614937,39
1614943,11
1614977,6
1614994,29
1615017,13
1615054,6
1615067,122
1615115,17
1615152,6
1615194,6
1615219,12
1615236,15
1615261,6
1615271,7
1615426,8
1615427,30
1615431,56
1615452,6
1615460,8
1615463,19
1615485,8
1615521,7
1615533,5
1615540,6
1615549,6
1615553,11
1615573,6
1615574,8
1615605,12
1615629,12
1615650,30
1615674,11
1615677,9
1615689,6
1615705,17
1615708,7
1615710,7
1615711,8
1615891,11
1615949,16
1615950,14
1615958,14
1615987,59
1616006,8
1616023,50
1616127,7
1616176,14
1616195,9
1616244,6
1616254,13
1616256,9
1616299,134
1616318,12
1616322,7
1616328,144
1616329,11
1616375,6
1616379,22
1616394,7
1616431,7
1616490,6
1616496,10
1616519,12
1616543,7
1616568,8
1616588,13
1616675,9
1616688,15
1616702,6
1616751,5
1616756,44
1616760,16
1616785,6
1616817,8
1616845,7
1616859,10
1616881,5
1616962,15
1616980,14
1617071,12
1617073,262
1617075,5
1617076,7
1617109,6
1617135,6
1617153,6
1617159,7
1617203,5
1617212,7
1617266,6
1617347,15
1617352,23
1617365,7
1617392,59
1617402,7
1617435,77
1617542,24
1617615,14
1617722,6
1617777,9
1617839,9
1617884,7
1617918,14
1617959,46
1617972,8
1617975,7
1617981,7
1618011,6
1618040,22
1618041,8
1618077,25
1618114,7
1618160,6
1618183,7
1618208,24
1618269,7
1618277,9
1618278,31
1618283,6
1618291,24
1618310,11
1618320,6
1618341,6
1618355,5
1618415,63
1618417,7
1618476,6
1618504,7
1618556,5
1618557,8
1618581,6
1618583,13
1618594,40
1618599,8
1618624,164
1618635,5
1618642,11
1618653,59
1618664,5
1618711,6
1618712,25
1618719,10
1618729,6
1618736,5
1618814,6
1618842,309
1618843,13
1618918,9
1618920,24
1618944,12
1618969,10
1619009,6
1619054,6
1619101,9
1619132,11
1619169,8
1619253,6
1619256,18
1619259,16
1619264,7
1619308,9
1619415,10
1619435,14
1619459,23
1619460,77
1619479,5
1619490,11
1619530,8
1619558,52
1619578,13
1619654,26
1619658,9
1619660,13
1619710,8
1619856,51
1619911,8
1619936,12
1619981,11
1619990,10
1620044,6
1620054,11
1620107,12
1620115,6
1620140,7
1620142,5
1620146,6
1620148,11
1620191,7
1620219,6
1620236,84
1620306,6
1620345,19
1620351,18
1620352,33
1620380,7
1620409,7
1620421,6
1620425,56
1620453,6
1620456,27
1620466,49
1620490,5
1620500,9
1620531,6
1620540,5
1620583,7
1620600,9
1620611,28
1620637,16
1620693,6
1620756,6
1620814,29
1620868,6
1620972,14
1621075,12
1621138,10
1621145,12
1621282,22
1621286,5
1621307,7
1621332,11
1621334,29
1621343,18
1621373,12
1621424,7
1621449,15
1621464,15
1621528,7
1621560,9
1621600,11
1621609,8
1621627,7
1621629,133
1621640,10
1621699,28
1621717,7
1621724,7
1621730,10
1621786,7
1621874,7
1621878,7
1621914,17
1621921,7
1621943,8
1621956,6
1622021,7
1622063,24
1622075,6
1622102,16
1622115,6
1622215,6
1622242,11
1622252,12
1622312,12
1622313,15
1622356,8
1622370,8
1622386,122
1622388,10
1622390,9
1622415,10
1622437,129
1622459,5
1622513,6
1622523,7
1622530,8
1622588,9
1622608,7
1622624,7
1622638,6
1622645,7
1622672,21
1622704,6
1622705,5
1622729,12
1622767,5
1622800,88
1622824,58
1622847,7
1622866,43
1622913,9
1622940,33
1622966,12
1622990,5
1623013,10
1623069,11
1623078,13
1623080,9
1623093,9
1623121,14
1623150,14
1623167,6
1623183,6
1623189,6
1623214,11
1623257,6
1623323,32
1623351,10
1623376,14
1623399,7
1623410,21
1623420,17
1623476,6
1623512,9
1623541,13
1623576,6
1623577,9
1623622,22
1623688,7
1623740,23
1623756,8
1623757,5
1623762,7
1623763,15
1623787,8
1623791,6
1623845,6
1623855,9
1623863,10
1623887,14
1623974,7
1623983,8
1624036,917
1624059,29
1624060,6
1624066,59
1624264,6
1624297,10
1624315,76
1624361,49
1624384,185
1624441,8
1624496,5
1624583,8
1624586,18
1624597,18
1624625,5
1624630,15
1624641,18
1624673,28
1624737,13
1624895,5
1624934,15
1624968,11
1624971,12
1624982,12
1624991,6
1625033,25
1625037,8
1625040,8
1625085,12
1625088,12
1625114,6
1625146,17
1625164,6
1625180,20
1625206,9
1625350,6
1625376,8
1625423,8
1625472,36
1625504,19
1625505,28
1625562,7
1625594,12
1625601,9
1625618,6
1625631,11
1625647,9
1625714,6
1625745,6
1625747,5
1625748,11
1625819,16
1625821,5
1625860,11
1625873,10
1625878,13
1625895,8
1625945,5
1625947,7
1625959,5
1626024,7
1626070,7
1626081,8
1626102,84
1626146,7
1626165,5
1626171,6
1626205,17
1626216,19
1626247,14
1626322,7
1626325,6
1626359,30
1626360,7
1626371,110
1626379,5
1626408,7
1626433,8
1626471,57
1626476,34
1626482,6
1626489,11
1626579,7
1626594,6
1626623,8
1626651,5
1626681,7
1626716,8
1626786,17
1626815,39
1626828,35
1626842,11
1626846,13
1626862,12
1626871,5
1626902,9
1626915,16
1626974,12
1627008,6
1627060,7
1627062,26
1627142,12
1627190,10
1627212,10
1627325,15
1627341,36
1627342,67
1627347,5
1627377,10
1627417,5
1627447,12
1627459,6
1627472,7
1627474,6
1627479,1407
1627542,8
1627635,27
1627690,16
1627693,6
1627715,6
1627733,7
1627772,14
1627777,5
1627866,11
1627938,10
1627967,7
1628036,13
1628037,6
1628061,31
1628062,28
1628071,9
1628127,113
1628162,6
1628166,11
1628216,8
1628241,7
1628245,7
1628247,23
1628352,7
1628378,6
1628382,14
1628404,11
1628413,7
1628420,140
1628472,7
1628488,7
1628489,7
1628503,10
1628520,7
1628531,10
1628548,17
1628569,9
1628597,6
1628633,10
1628643,6
1628672,45
1628724,6
1628768,11
1628769,15
1628781,7
1628833,73
1628890,8
1628902,32
1628921,54
1628962,6
1628980,9
1628992,11
1629046,9
1629057,6
1629108,6
1629147,5
1629192,23
1629200,6
1629217,136
1629223,8
1629224,5
1629226,5
1629270,18
1629284,15
1629323,19
1629362,32
1629381,8
1629396,8
1629418,12
1629462,17
1629480,10
1629483,9
1629530,4219
1629661,27
1629712,5
1629736,14
1629769,8
1629781,6
1629853,7
1629874,6
1629898,7
1629912,17
1629913,9
1629925,32
1629934,14
1629944,11
1629945,25
1629960,6
1629991,11
1630017,25
1630024,9
1630029,12
1630082,5
1630108,81
1630122,6
1630179,15
1630215,5
1630221,9
1630227,17
1630233,6
1630353,11
1630391,8
1630427,7
1630481,10
1630491,5
1630540,7
1630588,5
1630597,8
1630623,201
1630634,50
1630677,5
1630724,9
1630752,5
1630753,7
1630770,7
1630771,5
1630815,7
1630837,6
1630855,8
1630955,8
1631038,6
1631091,12
1631093,18
1631109,6
1631125,7
1631126,7
1631132,5
1631181,6
1631183,13
1631201,28
1631219,15
1631220,8
1631272,6
1631278,6
1631294,6
1631327,6
1631339,14
1631346,7
1631359,5
1631375,5
1631398,14
1631431,17
1631451,8
1631470,14
1631660,10
1631661,7
1631680,31
1631681,7
1631685,6
1631715,21
1631742,8
1631754,6
1631794,7
1631842,6
1631877,14
1631911,6
1631916,19
1631941,15
1631958,6
1631975,21
1631981,10
1632042,6
1632047,34
1632048,8
1632062,12
1632081,9
1632113,25
1632140,7
1632151,5
1632195,11
1632212,25
1632222,1085
1632255,24
1632286,8
1632316,6
1632320,6
1632323,8
1632324,23
1632325,21
1632328,6
1632363,14
1632392,64
1632515,6
1632558,14
1632560,17
1632569,5
1632586,15
1632675,9
1632724,9
1632779,5
1632808,10
1632820,13
1632835,10
1632898,18
1632902,86
1632946,17
1632949,6
1633065,16
1633085,14
1633129,8
1633200,10
1633268,8
1633280,8
1633313,6
1633375,14
1633405,102
1633562,9
1633586,6
1633667,12
1633747,7
1633753,9
1633777,10
1633812,6
1633872,182
1633952,11
1634001,12
1634060,5
1634106,7
1634111,10
1634129,12
1634150,34
1634239,25
1634241,10
1634248,7
1634379,8
1634396,8
1634419,13
1634429,8
1634432,32
1634437,7
1634448,6
1634481,11
1634484,8
1634493,8
1634528,6
1634583,459
1634623,103
1634694,56
1634737,1683
1634831,12
1634849,92
1634900,13
1634969,7
1635022,38
1635024,8
1635028,24
1635132,7
1635133,7
1635151,13
1635174,11
1635206,12
1635228,12
1635234,13
1635244,15
1635248,8
1635283,14
1635304,5
1635352,26
1635353,7
1635383,11
1635384,8
1635389,12
1635399,9
1635464,10
1635521,8
1635578,5
1635579,11
1635592,14
1635598,9
1635672,95
1635813,6
1635862,16
1635973,7
1636003,5
1636064,12
1636080,10
1636083,8
1636103,8
1636107,20
1636108,14
1636185,37
1636253,20
1636268,20
1636291,103
1636317,21
1636349,32
1636353,9
1636370,9
1636393,6
1636396,5
1636425,8
1636595,42
1636633,16
1636667,11
1636669,8
1636735,1446
1636770,17
1636777,9
1636922,18
1636960,9
1636961,9
1636979,10
1637011,6
1637012,14
1637017,7
1637023,7
1637026,8
1637068,8
1637087,6
1637103,6
1637105,6
1637158,243
1637167,33
1637187,7
1637190,8
1637233,10
1637243,6
1637253,7
1637272,5
1637367,6
1637368,17
1637388,18
1637467,8
1637505,14
1637528,8
1637566,57
1637593,142
1637681,45
1637685,16
1637701,23
1637707,12
1637736,5
1637738,9
1637779,6
1637780,11
1637889,6
1637915,28
1637925,15
1637938,31
1637976,13
1637995,7
1638007,11
1638024,11
1638047,15
1638059,10
1638092,19
1638125,11
1638140,17
1638152,130
1638163,5
1638185,16
1638207,7
1638256,22
1638265,6
1638335,42
1638345,6
1638348,5
1638407,5
1638450,8
1638460,17
1638463,13
1638477,6
1638552,8
1638554,5
1638560,11
1638651,7
1638664,10
1638728,5
1638737,6
1638741,8
1638752,13
1638771,29
1638780,6
1638807,19
1638878,20
1638980,10
1639003,6
1639016,49
1639019,26
1639059,6
1639086,14
1639142,10
1639239,8
1639260,6
1639351,15
1639371,17
1639372,65
1639375,12
1639442,9
1639454,15
1639534,7
1639553,35
1639565,7
1639590,9
1639596,6
1639604,6
1639691,25
1639710,6
1639750,9
1639752,16
1639753,7
1639763,6
1639814,11
1639887,11
1639917,15
1639923,8
1639956,7
1639973,9
1640022,7
1640024,8
1640050,54
1640053,26
1640072,22
1640073,16
1640260,10
1640271,23
1640285,7
1640302,7
1640303,7
1640334,41
1640381,31
1640390,6
1640435,12
1640473,7
1640543,11
1640567,13
1640571,17
1640581,6
1640596,13
1640711,9
1640718,10
1640722,10
1640730,10
1640736,14
1640821,5
1640873,6
1640890,292
1640896,12
1640900,5
1640987,5
1641044,8
1641055,18
1641091,60
1641103,7
1641104,14
1641142,6
1641151,10
1641155,12
1641203,17
1641226,6
1641235,11
1641302,6
1641348,14
1641355,8
1641373,18
1641418,8
1641531,7
1641624,20
1641646,12
1641661,7
1641678,7
1641690,346
1641695,6
1641718,6
1641728,11
1641734,6
1641777,6
1641791,9
1641804,14
1641822,6
1642000,15
1642045,26
1642051,16
1642140,15
1642143,31
1642159,13
1642204,19
1642215,118
1642227,19
1642298,8
1642302,8
1642310,17
1642314,9
1642372,85
1642415,8
1642429,13
1642452,29
1642500,6
1642501,8
1642515,11
1642537,7
1642574,27
1642583,193
1642609,24
1642719,8
1642728,18
1642731,10
1642777,5
1642783,5
1642820,8
1642831,6
1642832,16
1642852,7
1642905,8
1642922,11
1642962,12
1643013,7
1643040,41
1643042,17
1643047,8
1643061,11
1643068,7
1643072,211
1643076,16
1643089,8
1643097,80
1643121,9
1643176,14
1643208,6
1643241,26
1643277,6
1643278,8
1643294,6
1643312,13
1643315,8
1643430,6
1643503,6
1643522,17
1643523,5
1643533,8
1643549,32
1643638,34
1643680,5
1643715,11
1643750,8
1643758,8
1643777,8
1643800,11
1643808,11
1643833,8
1643861,6
1643920,8
1643948,11
1643953,7
1643970,19
1643984,26
1644019,5
1644166,7
1644191,6
1644238,66
1644245,40
1644354,9
1644369,7
1644371,25
1644392,7
1644395,26
1644462,7
1644479,18
1644484,12
1644500,137
1644512,27
1644530,6
1644685,6
1644696,7
1644712,6
1644726,5
1644754,9
1644769,6
1644797,15
1644805,10
1644846,8
1644896,5
1644924,20
1644944,9
1644972,8
1645102,46
1645153,53
1645222,13
1645223,10
1645237,7
1645288,21
1645325,6
1645330,180
1645365,6
1645376,13
1645389,11
1645397,12
1645468,9
1645483,9
1645505,7
1645574,6
1645584,6
1645654,12
1645750,5
1645795,11
1645811,10
1646012,6
1646015,9
1646034,12
1646101,6
1646175,9
1646184,7
1646189,6
1646239,6
1646262,10
1646267,6
1646284,5
1646306,6
1646406,6
1646424,15
1646434,5
1646444,44
1646536,5
1646559,14
1646580,13
1646624,5
1646628,6
1646665,7
1646675,7
1646688,5
1646692,6
1646716,6
1646776,5
1646797,8
1646810,6
1646811,6
1646852,14
1646868,5
1646876,156
1646944,18
1646951,8
1646973,7
1647022,8
1647026,8
1647034,107
1647037,11
1647096,6
1647123,7
1647154,8
1647170,13
1647173,7
1647189,14
1647239,7
1647244,6
1647341,7
1647365,6
1647390,9
1647430,23
1647436,7
1647450,8
1647475,17
1647499,10
1647500,7
1647501,155
1647571,23
1647722,7
1647725,12
1647754,6
1647804,6
1647824,7
1647839,21
1648045,46
1648136,31
1648219,23
1648227,8
1648289,13
1648322,7
1648411,12
1648412,7
1648427,5
1648463,6
1648510,16
1648513,19
1648601,6
1648612,6
1648632,6
1648640,5
1648665,11
1648690,10
1648772,9
1648773,6
1648792,26
1648840,26
1648867,6
1648910,6
1648955,7
1648982,6
1648994,6
1649006,13
1649009,13
1649010,8
1649127,5
1649141,7
1649143,10
1649151,8
1649154,5
1649189,18
1649214,5
1649260,8
1649278,8
1649321,11
1649340,5
1649350,13
1649357,6
1649402,9
1649438,7
1649451,7
1649536,5
1649603,18
1649604,22
1649645,7
1649669,13
1649672,25
1649720,1558
1649745,29
1649799,10
1649808,9
1649855,6
1649861,9
1649899,5
1649957,5
1649985,18
1650013,6
1650022,8
1650036,12
1650039,5
1650062,11
1650076,10
1650087,7
1650090,17
1650092,18
1650093,7
1650109,32
1650228,9
1650286,9
1650325,23
1650331,6
1650390,6
1650392,19
1650400,11
1650509,10
1650562,9
1650594,21
1650599,9
1650606,30
1650620,8
1650622,12
1650623,201
1650630,12
1650631,15
1650651,8
1650663,7
1650730,5
1650738,35
1650809,8
1650810,13
1650818,11
1650882,179
1650901,8
1650929,44
1650964,7
1651010,8
1651040,7
1651111,12
1651126,10
1651137,8
1651172,17
1651188,38
1651218,6
1651237,9
1651281,24
1651301,6
1651303,7
1651312,28
1651313,6
1651314,11
1651332,7
1651355,39
1651371,6
1651388,19
1651483,5
1651506,48
1651516,7
1651522,6
1651619,5
1651655,10
1651720,18
1651736,26
1651781,25
1651782,6
1651811,6
1651821,43
1651847,14
1651862,6
1651968,6
1651969,6
1652013,24
1652082,6
1652091,11
1652160,7
1652161,30
1652170,7
1652229,5
1652257,5
1652261,6
1652344,22
1652461,16
1652509,6
1652550,12
1652552,8
1652557,9
1652564,7
1652566,7
1652583,9
1652625,13
1652633,8
1652645,16
1652657,41
1652680,21
1652686,19
1652694,24
1652748,7
1652758,19
1652818,6
1652825,21
1652850,32
1652890,7
1652917,14
1652927,6
1652930,9
1652945,6
1652985,5
1652998,6
1653064,11
1653107,6
1653108,7
1653133,6
1653154,14
1653179,5
1653204,8
1653207,6
1653219,6
1653223,5
1653253,6
1653319,13
1653400,8
1653403,7
1653482,9
1653500,15
1653519,21
1653567,9
1653570,14
1653572,434
1653594,5
1653633,6
1653645,11
1653756,9
1653785,8
1653824,14
1653834,10
1653858,14
1653859,56
1653866,7
1653876,19
1653949,37
1653960,6
1654069,8
1654099,7
1654120,6
1654134,9
1654159,7
1654199,10
1654206,12
1654209,40
1654223,15
1654250,11
1654278,9
1654282,9
1654289,6
1654332,11
1654441,41
1654449,6
1654457,9
1654540,19
1654565,14
1654594,7
1654619,23
1654673,6
1654708,48
1654858,8
1654918,5
1654945,14
1654997,15
1655028,6
1655054,8
1655065,10
1655096,26
1655140,18
1655155,26
1655168,7
1655190,23
1655206,27
1655213,18
1655227,5
1655244,12
1655265,13
1655308,44
1655346,6
1655361,8
1655381,10
1655383,5
1655386,2767
1655397,6
1655403,5
1655430,13
1655460,5
1655479,6
1655484,40
1655510,8
1655530,9
1655533,6
1655574,5
1655577,5
1655580,6
1655626,7
1655679,71
1655717,6
1655737,11
1655744,6
1655766,8
1655767,7
1655823,6
1655845,10
1655867,13
1655871,5
1655887,33
1655889,17
1655914,37
1655954,104
1656141,17
1656181,6
1656241,18
1656253,13
1656282,43
1656288,6
1656289,313
1656302,41
1656311,18
1656333,10
1656343,36
1656406,126
1656430,98
1656431,6
1656461,9
1656553,167
1656577,8
1656636,6
1656684,7
1656700,92
1656707,24
1656728,9
1656757,10
1656771,7
1656776,14
1656849,14
1656852,10
1656994,8
1657073,7
1657129,9
1657172,5
1657218,7
1657221,18
1657225,191
1657238,8
1657245,11
1657270,7
1657276,6
1657300,10
1657310,12
1657387,6
1657407,7
1657431,21
1657432,9
1657465,6
1657519,76
1657554,10
1657559,6
1657573,8
1657652,36
1657684,11
1657717,10
1657721,9
1657732,42
1657752,10
1657796,10
1657821,8
1657859,15
1657896,7
1657931,9
1657990,10
1658094,6
1658113,5
1658138,6
1658178,7
1658182,6
1658269,6
1658283,13
1658308,20
1658383,18
1658435,191
1658469,13
1658482,5
1658498,6
1658507,7
1658526,16
1658537,8
1658627,9
1658635,10
1658640,12
1658644,7
1658647,10
1658673,8
1658676,7
1658734,6
1658757,7
1658779,7
1658785,6
1658796,6
1658847,16
1658899,5
1658909,13
1658961,8
1658966,7
1658967,9
1658995,9
1659031,11
1659049,10
1659077,30
1659121,6
1659146,6
1659147,7
1659165,13
1659174,32
1659180,6
1659236,33
1659263,21
1659266,5
1659298,17
1659300,10
1659320,42
1659326,15
1659347,32
1659384,23
1659446,102
1659471,6
1659479,25
1659485,82
1659498,7
1659513,8
1659519,37
1659535,19
1659560,7
1659568,6
1659577,8
1659612,7
1659652,10
1659662,17
1659667,44
1659701,6
1659702,8
1659787,20
1659826,12
1659854,5
1659864,12
1659941,6
1659962,22
1659980,10
1659991,13
1660024,359
1660055,11
1660066,15
1660115,18
1660127,6
1660131,64
1660155,6
1660189,6
1660290,24
1660303,56
1660340,6
1660379,8
1660410,5
1660451,9
1660471,5
1660521,11
1660557,19
1660611,17
1660634,268
1660643,23
1660659,7
1660724,14
1660764,14
1660766,16
1660767,9
1660793,6
1660822,6
1660857,14
1660861,9
1660880,23
1660891,48
1660894,6
1660899,15
1660915,9
1660919,5
1660930,13
1660932,41
1660944,40
1661016,15
1661050,22
1661072,7
1661079,7
1661128,16
1661136,13
1661141,21
1661163,7
1661165,9
1661204,11
1661237,6
1661248,17
1661294,8
1661304,19
1661329,8
1661331,13
1661354,7
1661483,11
1661484,6
1661551,23
1661566,7
1661657,24
1661673,16
1661796,13
1661805,9
1661844,9
1661855,11
1661884,7
1662021,13
1662045,8
1662116,10
1662134,26
1662135,7
1662149,7
1662169,6
1662223,24
1662271,5
1662354,23
1662358,10
1662359,18
1662389,17
1662396,32
1662419,10
1662436,51
1662438,12
1662439,19
1662469,34
1662487,6
1662509,6
1662526,5
1662569,46
1662580,14
1662583,18
1662670,96
1662673,9
1662702,6
1662723,11
1662731,6
1662767,9
1662770,8
1662771,6
1662820,8
1662912,7
1662934,72
1662943,9
1663003,12
1663023,11
1663025,9
1663039,16
1663044,25
1663133,7
1663170,9
1663195,9
1663275,29
1663303,7
1663304,26
1663358,45
1663371,76
1663381,9
1663390,51
1663409,12
1663422,14
1663450,23
1663471,9
1663475,6
1663492,13
1663498,12
1663513,20
1663530,69
1663606,14
1663647,7
1663660,7
1663676,5
1663709,13
1663710,70
1663723,10
1663724,17
1663748,7
1663832,23
1663848,12
1663911,22
1663919,6
1663970,9
1663985,14
1664010,6
1664020,9
1664040,7
1664122,6
1664152,14
1664155,9
1664197,6
1664244,6
1664249,6
1664278,6
1664325,35
1664385,5
1664389,9
1664393,6
1664421,7
1664468,7
1664615,43
1664648,71
1664683,12
1664688,5
1664721,6
1664749,39
1664789,8
1664994,15
1665017,17
1665063,53
1665100,11
1665102,7
1665103,7
1665116,6
1665119,17
1665121,8
1665180,60
1665201,8
1665232,26
1665259,6
1665269,7
1665278,498
1665285,9
1665311,9
1665327,7
1665400,107
1665406,37
1665551,34
1665552,22
1665591,72
1665619,120
1665657,6
1665662,6
1665675,6
1665680,6
1665749,7
1665834,8
1665873,8
1665958,7
1666082,14
1666096,5
1666126,8
1666215,10
1666217,6
1666218,20
1666246,23
1666267,6
1666293,9
1666305,6
1666309,11
1666323,8
1666346,7
1666371,6
1666374,6
1666383,17
1666414,5
1666420,8
1666441,14
1666465,12
1666467,24
1666487,12
1666536,9
1666539,7
1666639,42
1666645,24
1666648,16
1666652,53
1666663,100
1666675,8
1666702,22
1666722,6
1666764,6
1666781,6
1666799,10
1666807,5
1666911,8
1666927,11
1666990,22
1667019,26
1667059,17
1667134,9
1667216,6
1667217,5
1667259,6
1667267,26
1667360,12
1667389,46
1667391,10
1667403,6
1667442,8
1667504,27
1667568,52
1667593,8
1667614,62
1667624,5
1667626,19
1667658,10
1667709,10
1667717,9
1667725,10
1667798,6
1667812,13
1667814,48
1667822,5
1667850,99
1667904,8
1667923,18
1667961,6
1667987,8
1667991,7
1668076,6
1668121,15
1668178,7
1668189,13
1668199,11
1668203,7
1668209,5
1668230,6
1668252,12
1668300,9
1668309,6
1668331,8
1668351,19
1668390,15
1668391,7
1668409,10
1668445,57
1668470,8
1668485,6
1668564,16
1668571,5
1668593,12
1668608,5
1668609,33
1668629,6
1668652,14
1668684,14
1668689,7
1668740,7
1668788,8
1668794,10
1668875,8
1668879,14
1668905,10
1669019,8
1669023,5
1669034,116
1669058,5
1669076,11
1669173,6
1669226,6
1669244,31
1669253,12
1669400,24
1669418,5
1669446,17
1669453,5
1669454,7
1669467,14
1669483,9
1669486,6
1669567,54
1669591,131
1669594,9
1669603,6
1669604,12
1669613,6
1669620,6
1669684,8
1669769,89
1669771,6
1669785,6
1669807,19
1669829,11
1669832,23
1669856,6
1669874,43
1669975,6
1669977,5
1669986,6
1670017,10
1670043,11
1670133,8
1670232,13
1670259,7
1670292,6
1670417,27
1670431,8
1670442,9
1670475,6
1670491,15
1670495,5
1670543,13
1670544,15
1670563,5
1670576,9
1670608,11
1670622,5
1670623,65
1670640,5
1670651,11
1670654,6
1670702,5
1670713,5
1670805,37
1670834,8
1670850,11
1670856,87
1670918,33
1670964,10
1670971,5
1670998,15
1671037,7
1671066,9
1671073,10
1671085,6
1671106,5
1671107,9
1671142,126
1671143,6
1671182,5
1671305,16
1671308,7
1671311,5
1671327,12
1671361,5
1671399,5
1671411,7
1671442,6
1671489,5
1671505,13
1671540,15
1671552,81
1671628,7
1671690,12
1671746,5
1671773,12
1671811,23
1671816,5
1671832,99
1671853,7
1671876,7
1671892,6
1671901,27
1671903,8
1671913,21
1671961,26
1672025,9
1672042,13
1672045,9
1672046,15
1672115,63
1672165,8
1672168,39
1672179,21
1672196,7
1672253,12
1672264,7
1672282,9
1672291,14
1672315,15
1672417,7
1672467,8
1672487,7
1672492,12
1672507,18
1672535,15
1672544,9
1672658,9
1672812,11
1672815,5
1672901,8
1672921,5
1672954,31
1672997,12
1673009,7
1673112,8
1673155,9
1673222,10
1673229,9
1673299,39
1673345,7
1673356,112
1673434,14
1673440,19
1673463,6
1673482,6
1673487,18
1673490,29
1673515,8
1673563,7
1673578,8
1673600,7
1673614,145
1673668,6
1673677,21
1673804,13
1673805,5
1673817,66
1673822,10
1673834,6
1673857,10
1673890,8
1673904,5
1673998,8
1674065,6
1674172,6
1674197,404
1674289,22
1674342,63
1674361,14
1674364,8
1674412,11
1674416,9
1674498,16
1674501,8
1674505,6
1674510,11
1674524,7
1674579,236
1674583,7
1674584,5
1674659,8
1674664,12
1674673,10
1674712,16
1674759,7
1674849,10
1674854,56
1674889,17
1674907,9
1674914,6
1674960,8
1674966,6
1674970,207
1674971,16
1674995,20
1675013,7
1675079,6
1675110,5
1675130,33
1675131,79
1675133,13
1675209,9
1675212,8
1675266,6
1675297,11
1675305,14
1675323,7
1675379,6
1675384,9
1675502,7
1675532,6
1675561,6
1675619,11
1675620,7
1675633,8
1675663,10
1675673,6
1675692,7
1675702,10
1675713,9
1675765,8
1675766,10
1675792,8
1675823,33
1675914,9
1675924,8
1675935,11
1676010,13
1676011,14
1676028,26
1676029,6
1676051,7
1676073,23
1676075,10
1676085,9
1676087,11
1676114,7
1676124,5
1676130,6
1676150,5
1676199,24
1676235,9
1676303,32
1676448,11
1676514,16
1676525,46
1676528,36
1676608,25
1676619,6
1676620,8
1676627,6
1676730,8
1676738,9
1676769,8
1676832,13
1676847,122
1676857,6
1676858,14
1676873,6
1676915,6
1676934,5
1676951,6
1677031,13
1677093,11
1677131,34
1677134,18
1677150,9
1677198,7
1677201,10
1677221,9
1677224,62
1677229,7
1677265,15
1677363,7
1677364,20
1677400,6
1677413,8
1677427,64
1677429,16
1677503,7
1677511,23
1677521,8
1677529,26
1677540,11
1677547,5
1677585,5
1677612,6
1677652,17
1677719,15
1677721,36
1677754,131
1677757,7
1677787,19
1677808,8
1677838,6
1677850,32
1677912,6
1677951,18
1677966,23
1678006,7
1678038,62
1678039,16
1678050,12
1678092,21
1678095,77
1678126,7
1678211,8
1678260,6
1678330,14
1678370,5
1678399,9
1678434,22
1678454,6
1678511,11
1678526,8
1678530,6
1678536,8
1678543,7
1678555,98
1678581,9
1678617,22
1678677,33
1678714,6
1678727,6
1678729,66
1678758,5
1678822,14
1678840,10
1678867,14
1678878,10
1678904,12
1678946,7
1678962,12
1679007,8
1679023,9
1679077,6
1679136,37
1679141,34
1679151,43
1679155,14
1679189,7
1679203,14
1679220,6
1679298,6
1679306,12
1679339,5
1679344,8
1679375,11
1679408,12
1679413,15
1679421,10
1679547,14
1679572,18
1679596,8
1679604,7
1679615,10
1679685,60
1679717,6
1679733,20
1679769,19
1679788,7
1679790,17
1679851,6
1679861,10
1679869,5
1679889,5
1679933,5
1680037,12
1680096,7
1680104,6
1680172,7
1680188,7
1680224,6
1680258,7
1680270,7
1680285,43
1680290,10
1680367,7
1680397,5
1680446,8
1680458,29
1680467,7
1680468,44
1680513,6
1680540,5
1680542,15
1680588,6
1680637,43
1680651,161
1680694,196
1680709,6
1680710,6
1680786,29
1680800,23
1680804,6
1680814,12
1680838,40
1680861,6
1680866,6
1680910,8
1680935,9
1680970,6
1680981,6
1681030,5
1681047,9
1681060,6
1681061,5
1681078,15
1681081,27
1681147,6
1681186,34
1681191,23
1681199,19
1681209,9
1681218,10
1681220,38
1681264,52
1681321,20
1681337,13
1681446,11
1681473,5
1681559,6
1681563,14
1681579,7
1681632,14
1681663,12
1681673,6
1681765,7
1681776,14
1681780,8
1681830,231
1681843,46
1681846,9
1682000,17
1682045,5
1682083,6
1682088,25
1682101,5
1682105,5
1682107,10
1682118,13
1682119,5
1682136,21
1682154,30
1682170,5
1682172,17
1682174,53
1682186,13
1682206,27
1682271,15
1682296,8
1682322,13
1682387,5
1682393,5
1682417,7
1682418,6
1682423,72
1682479,6
1682515,8
1682558,36
1682565,7
1682607,7
1682687,6
1682737,10
1682777,6
1682795,12
1682812,6
1682834,6
1682851,7
1682886,6
1683018,24
1683074,6
1683151,16
1683169,27
1683171,6
1683188,71
1683207,8
1683212,11
1683233,17
1683267,6
1683305,6
1683316,5
1683355,15
1683356,7
1683396,8
1683446,10
1683457,5
1683473,13
1683525,7
1683549,9
1683552,10
1683619,7
1683632,57
1683654,11
1683697,6
1683747,11
1683790,15
1683819,18
1683887,5
1683900,34
1683906,32
1683909,22
1683962,7
1683974,9
1684015,6
1684055,64
1684071,22
1684073,17
1684126,11
1684127,6
1684140,6
1684209,6
1684220,7
1684239,6
1684278,7
1684313,7
1684315,21
1684320,6
1684321,13
1684367,19
1684389,6
1684475,13
1684483,51
1684500,6
1684552,6
1684580,16
1684630,11
1684668,11
1684710,6
1684752,13
1684758,12
1684792,6
1684794,28
1684802,7
1684813,17
1684822,7
1684843,7
1684865,20
1684900,5
1684941,10
1684948,9
1684967,6
1685018,8
1685038,7
1685075,18
1685121,5
1685206,11
1685241,11
1685243,6
1685304,7
1685346,6
1685435,6
1685441,185
1685444,9
1685477,14
1685519,30
1685566,8
1685605,7
1685683,6
1685687,9
1685705,24
1685707,76
1685779,5
1685861,8
1685870,19
1685881,41
1685922,5
1685941,7
1685999,5
1686027,18
1686030,7
1686123,38
1686163,6
1686189,8
1686241,18
1686274,11
1686351,7
1686375,8
1686424,9
1686487,56
1686543,13
1686615,7
1686677,7
1686738,219
1686744,6
1686822,8
1686827,6
1686857,6
1686917,54
1686928,101
1687041,7
1687054,8
1687158,19
1687189,26
1687215,7
1687303,6
1687329,27
1687351,19
1687497,6
1687509,29
1687536,10
1687545,11
1687546,6
1687644,12
1687844,6
1688004,6
1688033,13
1688077,12
1688157,7
1688176,9
1688202,22
1688245,33
1688257,8
1688267,8
1688268,7
1688383,64
1688440,5
1688483,6
1688508,7
1688516,16
1688572,15
1688591,6
1688635,6
1688636,11
1688735,9
1688744,14
1688782,28
1688821,19
1688828,26
1688852,7
1688876,71
1688904,9
1688925,5
1688961,13
1688980,6
1689003,8
1689072,8
1689077,6
1689097,7
1689115,20
1689117,6
1689120,17
1689139,7
1689144,14
1689147,7
1689197,7
1689246,25
1689267,6
1689304,6
1689322,6
1689327,15
1689328,15
1689332,149
1689343,582
1689451,34
1689490,12
1689501,8
1689534,8
1689572,5
1689575,16
1689589,10
1689598,6
1689611,6
1689674,7
1689691,10
1689695,6
1689704,7
1689721,207
1689724,8
1689761,9
1689802,7
1689821,8
1689828,17
1689927,12
1689958,11
1689977,6
1689994,11
1690013,26
1690066,6
1690104,6
1690163,64
1690195,9
1690213,5
1690227,14
1690237,6
1690265,32
1690285,6
1690331,6
1690355,6
1690411,92
1690452,32
1690470,17
1690578,30
1690607,17
1690626,13
1690661,19
1690700,5
1690796,7
1690797,6
1690803,18
1690831,10
1690849,9
1690877,12
1690912,22
1690931,11
1690966,32
1690981,16
1691024,10
1691032,62
1691076,8
1691089,11
1691095,58
1691143,7
1691147,6
1691158,9
1691186,47
1691207,13
1691229,6
1691248,6
1691264,6
1691287,7
1691301,7
1691312,35
1691313,10
1691333,7
1691341,95
1691346,19
1691358,9
1691417,11
1691476,5
1691502,6
1691535,9
1691545,8
1691551,8
1691597,5
1691619,17
1691630,83
1691639,9
1691652,7
1691710,21
1691717,15
1691777,18
1691784,52
1691785,5
1691807,6
1691827,6
1691839,6
1691851,9
1691853,6
1691858,8
1691913,6
1691995,9
1692138,6
1692157,13
1692191,6
1692227,8
1692288,7
1692327,10
1692380,15
1692394,9
1692395,20
1692398,7
1692450,7
1692458,6
1692474,6
1692529,10
1692533,187
1692560,12
1692577,6
1692589,24
1692632,7
1692646,6
1692661,13
1692662,18
1692705,15
1692734,12
1692768,5
1692790,9
1692944,16
1693039,23
1693064,7
1693127,5
1693179,7
1693225,135
1693281,7
1693320,28
1693372,5
1693380,24
1693394,136
1693424,6
1693433,5
1693470,13
1693505,23
1693542,13
1693548,69
1693581,10
1693663,5
1693669,17
1693690,6
1693695,8
1693735,5
1693840,20
1693843,5
1693846,21
1693885,8
1693931,10
1693942,30
1693960,15
1693994,41
1694014,7
1694043,25
1694048,7
1694055,6
1694056,13
1694075,5
1694108,13
1694112,11
1694127,351
1694132,7
1694135,13
1694164,11
1694210,7
1694271,7
1694291,105
1694327,5
1694328,10
1694399,6
1694415,13
1694422,12
1694441,48
1694466,20
1694511,24
1694636,7
1694648,9
1694659,8
1694678,58
1694700,7
1694703,8
1694732,13
1694763,7
1694822,6
1694832,8
1694839,5
1694842,7
1694857,19
1694859,10
1694871,8
1694872,12
1694898,6
1694907,7
1694927,5
1694941,11
1694950,5
1694958,42
1694967,6
1695012,5
1695038,5
1695053,5
1695104,20
1695185,9
1695186,11
1695187,10
1695190,15
1695305,7
1695315,5
1695354,7
1695418,12
1695427,19
1695477,9
1695478,14
1695543,6
1695544,14
1695590,9
1695613,12
1695790,8
1695793,8
1695813,57
1695945,8
1695946,7
1696021,10
1696023,8
1696054,53
1696079,10
1696112,9
1696153,7
1696188,5
1696189,6
1696193,6
1696353,229
1696355,8
1696365,6
1696376,5
1696384,42
1696414,8
1696452,6
1696460,81
1696488,6
1696493,1081
1696501,8
1696578,6
1696579,6
1696721,5
1696728,6
1696745,10
1696760,6
1696762,17
1696786,21
1696828,10
1696829,11
1696860,6
1696865,11
1696889,23
1696925,5
1696948,6
1697002,254
1697021,9
1697030,14
1697103,6
1697127,6
1697178,7
1697200,5
1697280,15
1697281,6
1697315,6
1697371,6
1697382,12
1697387,6
1697400,9
1697410,9
1697445,30
1697457,12
1697467,79
1697548,15
1697559,16
1697579,6
1697649,11
1697697,10
1697701,145
1697704,54
1697705,35
1697712,11
1697722,7
1697727,9
1697791,7
1697822,12
1697840,10
1697887,7
1697898,8
1697986,15
1698079,7
1698115,10
1698166,10
1698247,16
1698341,5
1698374,10
1698393,5
1698406,116
1698426,564
1698511,9
1698539,8
1698556,35
1698579,12
1698585,11
1698589,58
1698603,20
1698615,7
1698660,47
1698664,7
1698728,8
1698751,15
1698756,6
1698818,22
1698855,72
1698937,20
1698966,9
1698993,9
1699010,5
1699016,11
1699025,8
1699069,7
1699073,30
1699074,411
1699086,5
1699158,7
1699185,82
1699240,7
1699297,7
1699298,79
1699398,12
1699515,9
1699516,15
1699566,7
1699603,89
1699690,7
1699699,6
1699701,14
1699736,20
1699762,6
1699788,21
1699817,10
1699818,6
1699820,71
1699824,435
1699839,17
1699844,10
1699880,7
1699887,241
1699895,6
1699911,8
1699944,5
1699963,7
1700002,7
1700005,19
1700052,12
1700084,9
1700092,13
1700099,6
1700150,7
1700155,6
1700157,37
1700160,6
1700161,12
1700173,10
1700228,6
1700242,13
1700260,11
1700279,200
1700293,32
1700330,6
1700337,10
1700348,6
1700353,6
1700364,5
1700478,6
1700488,7
1700523,5
1700553,9
1700600,6
1700680,20
1700689,6
1700732,7
1700741,10
1700748,7
1700770,11
1700797,8
1700824,7
1700848,19
1700850,5
1700861,6
1700881,7
1700938,7
1700955,6
1700961,8
1701023,8
1701042,14
1701046,6
1701068,29
1701120,27
1701136,10
1701196,11
1701201,13
1701204,13
1701234,104
1701309,7
1701407,46
1701408,16
1701449,5
1701494,40
1701509,28
1701621,10
1701639,13
1701649,5
1701732,10
1701742,58
1701761,156
1701764,7
1701770,11
1701779,5
1701798,6
1701811,195
1701832,214
1701835,8
1701870,174
1701925,23
1701965,8
1701968,24
1702030,10
1702042,10
1702045,12
1702046,6
1702068,6
1702165,7
1702166,6
1702183,7
1702189,5
1702196,35
1702203,7
1702271,6
1702286,6
1702291,15
1702293,13
1702326,6
1702330,108
1702455,22
1702460,11
1702463,28
1702491,6
1702553,7
1702559,17
1702566,11
1702579,6
1702718,41
1702753,12
1702832,6
1702844,9
1702855,12
1702916,17
1702932,6
1702944,7
1702973,11
1703077,12
1703097,6
1703108,6
1703118,6
1703164,19
1703194,7
1703252,7
1703294,9
1703347,6
1703384,6
1703426,72
1703453,7
1703483,8
1703492,10
1703499,8
1703520,7
1703531,7
1703564,52
1703566,6
1703612,18
1703637,15
1703644,52
1703679,7
1703681,7
1703692,78
1703740,13
1703742,54
1703836,62
1703901,6
1703906,8
1703955,8
1703997,6
1703998,6
1704005,14
1704059,9
1704060,11
1704108,8
1704238,6
1704297,24
1704301,21
1704365,6
1704391,10
1704422,20
1704453,6
1704455,6
1704463,9
1704498,9
1704555,7
1704568,8
1704596,10
1704620,11
1704624,19
1704650,22
1704659,243
1704698,13
1704766,10
1704784,8
1704786,6
1704787,5
1704794,19
1704837,11
1704843,32
1704880,8
1704927,8
1704987,7
1704998,31
1705000,6
1705015,8
1705017,7
1705080,7
1705131,30
1705136,287
1705167,6
1705174,5
1705190,9
1705203,5
1705222,7
1705228,540
1705239,10
1705250,12
1705256,10
1705278,17
1705312,14
1705385,30
1705492,11
1705555,9
1705558,18
1705581,7
1705582,69
1705597,15
1705654,6
1705658,8
1705707,10
1705757,5
1705767,27
1705781,5
1705797,19
1705831,5
1705840,6
1705859,15
1705941,6
1705948,3801
1705966,8
1705970,7
1706006,6
1706058,8
1706097,6
1706117,6
1706208,15
1706271,19
1706352,5
1706468,5
1706484,204
1706521,6
1706524,7
1706525,116
1706566,6
1706570,5
1706597,8
1706626,7
1706754,5
1706769,6
1706784,6
1706815,11
1706817,6
1706831,10
1706839,8
1706845,76
1706877,21
1706879,6
1706886,5
1706932,7
1706950,6
1706953,7
1706972,5
1706974,8
1707008,7
1707013,13
1707065,6
1707090,7
1707131,29
1707167,6
1707222,6
1707263,28
1707340,506
1707349,6
1707358,11
1707369,18
1707402,13
1707424,5
1707454,6
1707462,51
1707475,8
1707535,6
1707537,12
1707666,6
1707698,11
1707705,16
1707719,5
1707766,6
1707818,8
1707838,9
1707850,5
1707994,7
1708021,6
1708027,17
1708037,22
1708147,6
1708190,5
1708214,12
1708257,6
1708345,12
1708359,7
1708430,39
1708438,44
1708459,79
1708465,24
1708487,19
1708515,15
1708560,950
1708620,18
1708691,7
1708714,9
1708721,23
1708770,9
1708780,7
1708816,7
1708841,18
1708853,8
1709015,6
1709048,6
1709050,8
1709086,5
1709112,12
1709147,69
1709167,7
1709184,16
1709195,6
1709198,7
1709210,25
1709273,64
1709412,10
1709438,8
1709443,12
1709447,6
1709449,5
1709450,11
1709463,5
1709477,10
1709491,17
1709507,13
1709511,61
1709555,8
1709645,5
1709673,417
1709702,6
1709720,6
1709728,5
1709731,14
1709742,22
1709778,15
1709783,37
1709797,6
1709804,5
1709840,69
1709927,17
1709957,62
1710019,6
1710029,9
1710082,17
1710109,6
1710121,6
1710200,7
1710201,10
1710207,9
1710220,41
1710224,6
1710232,9
1710266,29
1710330,7
1710403,10
1710413,13
1710430,12
1710491,26
1710495,36
1710518,11
1710528,10
1710559,8
1710572,35
1710573,52
1710577,6
1710603,6
1710610,7
1710688,6
1710715,11
1710717,12
1710741,118
1710778,24
1710787,43
1710802,5
1710815,91
1710835,6
1710873,7
1710906,13
1710942,11
1711047,8
1711073,16
1711085,7
1711185,6
1711290,11
1711332,6
1711335,6
1711387,33
1711410,6
1711453,5
1711513,7
1711517,13
1711563,20
1711579,6
1711581,7
1711629,33
1711639,6
1711666,6
1711688,7
1711689,5
1711768,6
1711826,6
1711827,5
1711835,6
1711838,9
1711843,16
1711874,6
1711881,13
1711916,6
1711945,8
1711972,6
1711976,12
1712010,27
1712095,109
1712169,9
1712188,6
1712200,10
1712222,9
1712223,8
1712265,7
1712324,18
1712327,24
1712372,14
1712382,6
1712389,7
1712435,14
1712440,9
1712465,5
1712479,9
1712501,6
1712534,7
1712539,1056
1712542,8
1712613,67
1712695,12
1712696,6
1712754,6
1712776,10
1712809,14
1712817,9
1712818,14
1712862,6
1712874,17
1712875,11
1712907,14
1712925,12
1712947,43
1712994,8
1713024,6
1713123,235
1713180,35
1713191,19
1713267,6
1713394,29
1713399,6
1713431,122
1713456,8
1713471,21
1713491,6
1713527,8
1713534,40
1713560,9
1713635,25
1713639,20
1713679,6
1713785,8
1713814,20
1713854,8
1713871,6
1713880,12
1713908,7
1713923,10
1713935,16
1714130,15
1714161,13
1714174,5
1714205,6
1714208,12
1714290,9
1714315,5
1714334,7
1714335,38
1714369,35
1714371,12
1714422,6
1714425,5
1714455,192
1714484,6
1714494,22
1714615,71
1714712,18
1714781,11
1714797,14
1714802,10
1714817,6
1714861,5
1714872,10
1714951,24
1714984,9
1714990,10
1715084,18
1715121,17
1715156,7
1715170,6
1715205,7
1715210,9
1715228,8
1715287,13
1715288,413
1715321,7
1715380,93
1715406,16
1715484,5
1715486,23
1715513,39
1715531,5
1715581,14
1715685,21
1715722,6
1715724,17
1715725,6
1715726,8
1715764,12
1715792,24
1715862,5
1715865,6
1715879,14
1715907,6
1715925,7
1715954,42
1715968,24
1716075,13
1716220,32
1716240,8
1716400,6
1716407,8
1716412,7
1716425,13
1716448,49
1716460,13
1716502,13
1716596,8
1716605,27
1716620,6
1716670,56
1716709,7
1716769,9
1716788,56
1716836,8
1716896,28
1716952,5
1717040,6
1717050,6
1717071,41
1717093,12
1717129,9
1717138,21
1717157,36
1717163,19
1717197,24
1717258,6
1717263,78
1717324,11
1717356,13
1717401,6
1717406,6
1717413,40
1717424,6
1717464,41
1717465,7
1717540,151
1717544,8
1717612,7
1717653,34
1717654,7
1717668,6
1717688,6
1717695,13
1717826,18
1717832,55
1717834,7
1717838,12
1717849,23
1717857,8
1717885,867
1717888,8
1717894,27
1717913,6
1717919,19
1717934,13
1717938,14
1717945,17
1717991,8
1717993,140
1717996,56
1718030,19
1718067,23
1718086,9
1718093,25
1718134,7
1718212,6
1718258,17
1718281,11
1718301,15
1718329,8
1718330,14
1718354,7
1718362,17
1718425,8
1718460,6
1718474,6
1718475,7
1718527,11
1718597,10
1718638,5
1718648,418
1718658,9
1718705,7
1718715,25
1718730,10
1718762,12
1718781,11
1718786,11
1718802,7
1718823,552
1718869,6
1718878,59
1718879,8
1718892,8
1719006,6
1719039,5
1719047,9
1719076,7
1719083,129
1719091,13
1719095,6
1719106,7
1719134,9
1719140,8
1719196,9
1719242,6
1719262,70
1719423,8
1719440,5
1719504,42
1719539,8
1719549,11
1719603,7
1719610,10
1719714,8
1719736,16
1719757,5
1719771,6
1719776,39
1719789,20
1719799,22
1719814,5
1719840,20
1719895,11
1719904,49
1719906,9
1720001,5
1720012,12
1720063,53
1720135,9
1720189,43
1720207,7
1720226,15
1720236,13
1720242,30
1720288,73
1720303,8
1720360,7
1720371,13
1720381,10
1720398,12
1720433,16
1720501,11
1720505,5
1720511,10
1720544,12
1720573,5
1720590,10
1720593,11
1720618,22
1720642,5
1720649,7
1720706,65
1720754,6
1720766,7
1720794,5
1720825,6
1720842,6
1720911,12
1720947,90
1721090,12
1721112,5
1721194,12
1721220,10
1721250,15
1721256,12
1721313,165
1721323,6
1721383,6
1721394,12
1721412,5
1721462,62
1721479,104
1721480,6
1721504,9
1721568,7
1721569,7
1721605,10
1721622,18
1721623,16
1721682,10
1721778,7
1721837,5
1721850,9
1721873,6
1721938,6
1722024,11
1722034,9
1722061,25
1722111,8
1722114,16
1722116,5
1722122,5
1722134,7
1722143,57
1722179,7
1722181,14
1722207,10
1722289,58
1722341,6
1722342,344
1722508,68
1722528,6
1722548,6
1722567,11
1722584,27
1722626,8
1722775,19
1722787,6
1722881,19
1722944,38
1723003,6
1723030,6
1723047,11
1723074,5
1723130,11
1723177,8
1723264,8
1723287,6
1723311,29
1723360,9
1723372,230
1723386,5
1723389,29
1723414,172
1723421,5
1723461,35
1723535,20
1723554,8
1723555,10
1723588,16
1723601,6
1723604,11
1723657,6
1723663,9
1723666,13
1723766,18
1723803,6
1723807,7
1723880,10
1723898,12
1723922,9
1723931,10
1723957,5
1723981,5
1724033,15
1724069,25
1724105,15
1724114,9
1724148,10
1724214,9
1724224,130
1724231,9
1724302,7
1724350,45
1724376,12
1724377,28
1724378,7
1724395,6
1724402,11
1724477,22
1724543,7
1724600,7
1724628,9
1724629,7
1724707,7
1724725,19
1724754,23
1724812,7
1724814,7
1724870,11
1724893,6
1724903,10
1724961,9
1724970,9
1724999,9
1725110,7
1725143,45
1725149,49
1725191,12
1725266,14
1725309,38
1725320,12
1725324,8
1725327,12
1725344,35
1725373,14
1725383,12
1725415,45
1725423,33
1725427,14
1725453,176
1725456,85
1725477,7
1725538,7
1725613,32
1725642,6
1725669,9
1725673,11
1725684,65
1725771,62
1725780,73
1725785,11
1725812,12
1725862,10
1725869,37
1725880,7
1725896,6
1726094,14
1726096,6
1726124,5
1726174,11
1726176,5
1726179,30
1726189,8
1726230,24
1726242,16
1726255,8
1726260,9
1726304,6
1726305,37
1726365,110
1726381,9
1726443,5
1726468,8
1726528,15
1726532,12
1726533,6
1726547,19
1726657,7
1726660,17
1726670,71
1726688,7
1726701,7
1726737,6
1726786,9
1726807,14
1726816,5
1726903,37
1726918,8
1726936,18
1726937,8
1726941,6
1726998,8
1727063,6
1727102,8
1727155,5
1727219,18
1727236,7
1727245,12
1727332,45
1727340,5
1727372,5
1727374,6
1727388,13
1727401,7
1727437,21
1727453,7
1727515,7
1727544,7
1727558,6
1727649,25
1727741,6
1727759,18
1727772,112
1727802,7
1727832,6
1727850,57
1727858,17
1727874,10
1727920,13
1727929,26
1727938,5
1727947,8
1727953,85
1727972,5
1727993,12
1727996,19
1728007,15
1728019,5
1728038,6
1728045,11
1728060,13
1728062,14
1728097,14
1728098,43
1728150,6
1728254,17
1728291,20
1728293,55
1728335,7
1728348,7
1728358,11
1728370,11
1728383,19
1728388,14
1728399,13
1728401,6
1728419,23
1728433,6
1728463,11
1728471,5
1728479,25
1728501,10
1728532,10
1728558,6
1728564,6
1728602,6
1728612,10
1728628,17
1728707,7
1728744,8
1728801,7
1728805,6
1728812,6
1728848,8
1728884,30
1728895,28
1728901,7
1728904,28
1728938,7
1729070,150
1729085,7
1729138,5
1729204,8
1729217,5
1729231,9
1729276,8
1729309,45
1729333,49
1729350,24
1729394,8
1729400,5
1729515,66
1729536,7
1729607,13
1729610,7
1729718,29
1729719,6
1729725,8
1729727,22
1729763,6
1729772,6
1729873,39
1729879,27
1729889,6
1729926,7
1729979,8
1729993,57
1730081,7
1730167,7
1730169,19
1730184,16
1730219,13
1730220,26
1730240,16
1730285,23
1730310,10
1730311,9
1730332,12
1730333,17
1730339,23
1730343,11
1730347,6
1730396,7
1730438,15
1730455,12
1730533,11
1730539,15
1730547,17
1730572,20
1730596,145
1730601,7
1730611,8
1730617,11
1730626,7
1730639,8
1730647,16
1730650,8
1730656,12
1730660,515
1730699,8
1730731,9
1730769,6
1730817,10
1730818,56
1730848,8
1730924,6
1730961,6
1730964,10
1730995,8
1731015,20
1731109,6
1731274,6
1731286,5
1731335,35
1731363,12
1731383,21
1731385,16
1731398,12
1731446,19
1731471,8
1731532,34
1731537,7
1731708,6
1731747,12
1731763,46
1731774,6
1731786,9
1731856,7
1731861,8
1731990,6
1731994,81
1732006,6
1732029,84
1732051,11
1732084,12
1732094,169
1732102,17
1732117,36
1732119,9
1732135,23
1732243,12
1732286,16
1732313,6
1732323,5
1732329,11
1732338,7
1732341,16
1732355,8
1732396,13
1732417,9
1732420,9
1732437,9
1732444,10
1732483,9
1732491,13
1732513,39
1732525,22
1732526,40
1732557,6
1732558,11
1732577,7
1732590,10
1732660,7
1732663,6
1732697,6
1732731,6
1732746,50
1732764,10
1732797,10
1732834,10
1732835,9
1732903,10
1732931,14
1732940,11
1732967,6
1732992,5
1733010,17
1733011,22
1733019,10
1733042,8
1733059,5
1733062,7
1733068,6
1733094,6
1733134,9
1733140,7
1733159,9
1733183,6
1733202,7
1733300,7
1733334,75
1733342,13
1733380,5
1733383,164
1733445,10
1733450,6
1733451,17
1733463,5
1733493,13
1733522,11
1733523,35
1733524,17
1733548,6
1733552,152
1733567,8
1733583,5
1733601,5
1733632,8
1733654,12
1733738,64
1733746,13
1733835,10
1733863,13
1733895,11
1733902,20
1733949,7
1734037,8
1734116,5
1734126,7
1734164,22
1734188,13
1734193,110
1734251,5
1734297,6
1734316,7
1734324,9
1734356,8
1734357,5
1734400,9
1734438,23
1734462,7
1734531,45
1734548,6
1734555,8
1734595,10
1734596,5
1734610,6
1734616,8
1734623,7
1734635,6
1734655,15
1734670,6
1734691,7
1734750,64
1734869,5
1734911,5
1734937,10
1734945,9
1734955,10
1735047,52
1735072,86
1735113,15
1735140,9
1735150,6
1735153,16
1735196,117
1735200,27
1735240,6
1735241,7
1735247,206
1735311,15
1735332,13
1735354,32
1735459,33
1735488,5
1735489,5
1735490,17
1735506,45
1735543,18
1735586,8
1735750,7
1735784,8
1735790,5
1735793,15
1735801,29
1735846,7
1735848,8
1735893,11
1735902,11
1735923,58
1735948,7
1735964,6
1736025,7
1736084,10
1736090,16
1736150,6
1736151,11
1736204,9
1736228,9
1736259,10
1736282,7
1736286,10
1736289,14
1736303,8
1736318,15
1736353,20
1736369,15
1736416,8
1736435,6
1736503,12
1736532,37
1736579,12
1736594,37
1736595,30
1736609,8
1736647,10
1736650,293
1736682,7
1736686,36
1736699,5
1736702,122
1736731,6
1736736,16
1736750,11
1736772,25
1736782,26
1736802,16
1736820,6
1736839,6
1736869,7
1736900,6
1736929,6
1736976,5
1737016,6
1737050,88
1737067,10
1737069,5
1737077,7
1737172,8
1737177,6
1737191,6
1737198,27
1737232,6
1737233,18
1737253,7
1737283,8
1737298,7
1737311,6
1737336,5
1737375,6
1737397,6
1737403,7
1737420,13
1737436,40
1737494,10
1737521,6
1737556,6
1737575,5
1737582,10
1737640,22
1737684,38
1737685,6
1737713,29
1737722,8
1737823,19
1737868,12
1737874,12
1737924,6
1737926,6
1737947,24
1737948,6
1737952,5
1737968,5
1737984,6
1737993,8
1738033,25
1738105,7
1738119,8
1738156,7
1738157,12
1738177,7
1738192,23
1738216,13
1738244,21
1738269,31
1738316,16
1738327,10
1738366,71
1738452,15
1738502,9
1738561,10
1738567,8
1738570,6
1738601,7
1738637,46
1738647,26
1738671,11
1738754,14
1738780,6
1738796,11
1738806,6
1738810,211
1738831,9
1738888,12
1738909,7
1738950,10
1738998,28
1739111,6
1739121,14
1739123,12
1739158,5
1739161,12
1739202,7
1739211,26
1739217,15
1739253,6
1739302,10
1739304,90
1739305,8
1739350,23
1739511,28
1739583,26
1739604,6
1739706,8
1739716,12
1739717,10
1739725,5
1739770,5
1739793,6
1739804,30
1739808,33
1739832,6
1740065,6
1740075,18
1740087,15
1740119,9
1740143,7
1740179,7
1740217,6
1740282,7
1740283,7
1740322,35
1740357,14
1740370,7
1740398,7
1740404,10
1740411,5
1740427,9
1740460,7
1740471,6
1740480,8
1740530,72
1740531,10
1740535,7
1740554,6
1740618,5
1740627,7
1740661,6
1740666,6
1740693,41
1740783,16
1740788,7
1740790,7
1740808,7
1740809,26
1740813,6
1740855,9
1740955,5
1741011,13
1741051,9
1741073,14
1741087,35
1741090,10
1741110,5
1741189,18
1741293,6
1741328,8
1741332,13
1741338,12
1741372,7
1741383,9
1741423,31
1741450,5
1741451,8
1741452,8
1741470,6
1741471,146
1741476,25
1741495,6
1741508,27
1741541,20
1741606,5
1741610,11
1741615,7
1741670,22
1741813,8
1741881,27
1741916,13
1741948,21
1741957,6
1741960,63
1741963,6
1742038,11
1742097,10
1742104,18
1742107,12
1742150,8
1742194,9
1742210,38
1742255,21
1742264,8
1742304,7
1742326,7
1742363,8
1742381,9
1742420,19
1742453,6
1742460,7
1742473,15
1742486,6
1742499,11
1742609,7
1742625,7
1742655,6
1742667,12
1742684,96
1742709,8
1742745,28
1742771,7
1742821,192
1742827,8
1742853,28
1742859,8
1742869,7
1742872,6
1742974,8
1743001,19
1743029,6
1743051,26
1743061,8
1743081,6
1743091,7
1743113,16
1743130,17
1743166,22
1743185,7
1743252,25
1743284,9
1743420,5
1743427,7
1743435,19
1743469,27
1743508,8
1743543,7
1743574,71
1743598,10
1743602,8
1743654,8
1743716,7
1743801,45
1743837,10
1743844,7
1744014,10
1744062,42
1744152,5
1744234,7
1744236,16
1744253,7
1744264,5
1744301,6
1744310,10
1744318,5
1744337,39
1744344,5
1744346,6
1744353,6
1744377,8
1744379,6
1744406,16
1744430,6
1744489,386
1744505,6
1744526,11
1744582,5
1744592,49
1744616,9
1744654,10
1744718,6
1744726,9
1744737,8
1744764,6
1744783,52
1744784,12
1744832,6
1744853,33
1744866,12
1744867,9
1744908,24
1744954,45
1744960,32
1745027,24
1745125,11
1745147,10
1745237,5
1745241,8
1745278,9
1745297,13
1745302,6
1745306,8
1745313,15
1745328,8
1745374,10
1745399,13
1745431,8
1745461,6
1745471,6
1745488,5
1745489,10
1745503,6
1745524,20
1745528,171
1745585,13
1745636,6
1745713,27
1745862,16
1745889,48
1745897,8
1745923,5
1745980,9
1745987,26
1746061,6
1746071,7
1746082,8
1746083,7
1746089,18
1746092,6
1746150,41
1746199,10
1746215,6
1746219,22
1746231,5
1746268,6
1746269,12
1746286,6
1746383,7
1746390,6
1746392,6
1746395,6
1746411,9
1746436,7
1746474,5
1746508,10
1746547,8
1746565,5
1746616,17
1746651,13
1746845,6
1746871,63
1746885,6
1746914,14
1746919,8
1746971,15
1746982,5
1747018,14
1747051,11
1747073,14
1747091,6
1747110,9
1747197,25
1747255,5
1747263,9
1747281,5
1747285,64
1747321,26
1747406,11
1747428,9
1747488,6
1747531,17
1747605,10
1747617,63
1747672,39
1747673,6
1747739,9
1747756,7
1747808,6
1747862,6
1747893,9
1747900,8
1747909,5
1747913,1649
1747929,6
1747935,65
1747961,15
1747962,5
1748079,11
1748102,6
1748176,21
1748205,5
1748315,16
1748349,8
1748375,6
1748415,24
1748473,14
1748545,7
1748589,27
1748632,6
1748639,6
1748658,5
1748665,6
1748700,11
1748825,6
1748920,25
1748977,6
1748986,98
1749055,44
1749092,9
1749123,13
1749130,7
1749149,6
1749179,11
1749316,5
1749322,6
1749426,13
1749441,22
1749464,9
1749507,10
1749509,8
1749569,7
1749576,12
1749592,14
1749629,7
1749693,8
1749699,57
1749713,9
1749779,22
1749780,5
1749788,58
1749853,31
1749898,16
1749966,6
1750018,8
1750022,22
1750023,12
1750026,12
1750049,14
1750069,17
1750099,9
1750113,6
1750197,25
1750286,9
1750313,16
1750345,7
1750365,6
1750462,6
1750473,9
1750493,11
1750522,13
1750587,9
1750594,6
1750655,5
1750729,6
1750766,17
1750776,5
1750778,7
1750833,6
1750848,7
1750850,6
1750870,7
1750873,14
1750961,19
1750980,25
1750996,6
1751009,921
1751028,6
1751066,12
1751071,5
1751141,14
1751167,5
1751183,13
1751222,11
1751224,16
1751229,7
1751240,36
1751263,64
1751358,8
1751386,11
1751388,30
1751407,9
1751429,18
1751432,25
1751437,6
1751438,33
1751441,43
1751510,7
1751557,5
1751574,19
1751576,13
1751586,5
1751636,24
1751643,5
1751673,21
1751676,12
1751692,42
1751699,8
1751702,6
1751717,90
1751770,6
1751782,7
1751824,8
1751836,5
1751877,6
1751878,6
1751934,11
1751971,11
1752010,33
1752065,7
1752079,5
1752172,6
1752182,7
1752191,8
1752219,127
1752314,9
1752369,9
1752404,10
1752462,5
1752491,6
1752510,10
1752535,19
1752552,5
1752593,6
1752597,15
1752678,8
1752774,7
1752781,9
1752811,36
1753008,22
1753036,9
1753048,12
1753055,59
1753180,47
1753186,9
1753216,18
1753224,9
1753235,5
1753243,13
1753273,6
1753362,5
1753398,13
1753411,9
1753464,16
1753516,8
1753517,54
1753576,27
1753577,14
1753627,6
1753684,6
1753691,8
1753711,10
1753715,8
1753725,164
1753801,26
1753837,6
1753841,68
1753853,10
1753855,7
1753887,6
1753919,24
1753927,32
1753938,6
1753945,105
1753990,6
1754038,8
1754104,21
1754117,14
1754118,8
1754142,6
1754150,11
1754153,44
1754155,5
1754188,7
1754201,8
1754222,7
1754231,13
1754245,16
1754250,7
1754254,8
1754346,31
1754370,9
1754379,9
1754405,7
1754440,7
1754489,6
1754612,7
1754652,6
1754661,9
1754666,12
1754714,35
1754727,6
1754746,6
1754807,13
1754841,25
1754873,23
1754943,9
1754962,7
1754992,6
1754993,7
1755003,5
1755012,20
1755024,27
1755074,21
1755097,29
1755103,18
1755111,11
1755228,8
1755259,6
1755358,6
1755373,22
1755437,6
1755490,12
1755518,64
1755520,14
1755529,6
1755534,15
1755549,7
1755554,5
1755574,7
1755624,19
1755626,19
1755658,16
1755672,10
1755680,101
1755682,17
1755719,6
1755726,6
1755756,7
1755764,14
1755821,7
1755827,6
1755828,5
1755864,16
1755870,293
1755874,12
1755921,13
1755932,6
1755950,13
1755983,13
1756002,6
1756022,16
1756117,16
1756118,8
1756136,64
1756160,23
1756168,7
1756219,70
1756232,34
1756240,11
1756271,42
1756334,7
1756344,20
1756345,5
1756355,19
1756361,7
1756507,93
1756511,69
1756520,9
1756532,6
1756631,6
1756685,7
1756686,28
1756724,6
1756728,8
1756734,9
1756739,10
1756760,62
1756782,6
1756800,16
1756841,17
1756891,6
1756896,6
1756910,6
1756912,19
1756957,6
1756977,7
1756994,9
1757027,101
1757032,8
1757078,11
1757090,35
1757103,8
1757111,12
1757122,15
1757204,384
1757273,13
1757365,6
1757458,10
1757463,6
1757478,17
1757489,16
1757498,35
1757499,8
1757509,74
1757537,6
1757557,12
1757592,12
1757636,21
1757668,12
1757692,24
1757700,7
1757711,10
1757750,12
1757804,28
1757873,25
1757879,8
1757891,16
1757938,6
1757970,8
1757982,12
1758038,6
1758054,29
1758107,6
1758141,185
1758219,6
1758224,5
1758254,5
1758263,12
1758307,7
1758461,11
1758494,7
1758516,7
1758583,52
1758613,12
1758615,5
1758654,24
1758658,9
1758660,17
1758704,141
1758719,20
1758767,6
1758811,81
1758874,30
1758901,44
1758907,21
1758928,10
1758943,6
1758951,11
1758969,9
1758973,23
1758994,19
1759031,40
1759099,28
1759122,16
1759123,27
1759139,51
1759166,13
1759181,19
1759227,26
1759317,13
1759325,7
1759360,6
1759445,16
1759479,6
1759488,17
1759565,5
1759631,8
1759664,10982
1759684,9
1759771,7
1759776,30
1759827,7
1759828,17
1759848,11
1759864,62
1759883,12
1759931,10
1759944,6
1759955,6
1760028,6
1760122,8
1760139,9
1760167,6
1760245,9
1760255,9
1760303,5
1760381,22
1760394,6
1760396,6
1760397,9
1760433,14
1760464,13
1760482,67
1760518,12
1760531,12
1760564,13
1760618,12
1760674,45
1760675,10
1760757,6
1760803,11
1760815,11
1760853,5
1760877,6
1760894,25
1760908,11
1760914,6
1760915,10
1761039,6
1761073,10
1761192,19
1761225,12
1761239,11
1761289,8
1761326,17
1761356,6
1761390,54
1761392,41
1761456,31
1761476,6
1761492,69
1761495,22
1761547,20
1761557,29
1761562,12
1761567,6
1761638,6
1761642,8
1761655,13
1761675,5
1761715,47
1761726,101
1761746,17
1761753,10
1761769,5
1761792,14
1761927,55
1761935,5
1762004,8
1762018,14
1762045,7
1762092,6
1762114,7
1762117,13
1762140,17
1762232,9
1762248,10
1762250,8
1762252,10
1762293,10
1762337,22
1762338,55
1762369,6
1762389,10
1762459,6
1762479,13
1762531,12
1762538,6
1762564,6
1762604,6
1762610,51
1762639,13
1762641,89
1762708,5
1762719,5
1762733,27
1762736,15
1762859,18
1762902,6
1762951,5
1762982,15
1763029,5
1763030,5
1763069,5
1763101,7
1763153,6
1763223,17
1763226,6
1763242,17
1763326,27
1763370,7
1763400,9
1763408,7
1763435,23
1763461,184
1763487,34
1763489,7
1763510,34
1763512,60
1763587,28
1763598,6
1763627,8
1763671,7
1763672,22
1763705,8
1763717,21
1763719,342
1763742,8
1763772,6
1763783,5
1763821,7
1763849,19
1763879,33
1763881,5
1763930,11
1763932,11
1763936,40
1763940,5
1763952,20
1764170,12
1764186,910
1764294,9
1764317,19
1764406,8
1764408,5
1764493,13
1764533,6
1764545,7
1764559,11
1764638,5
1764668,7
1764698,18
1764707,7
1764727,24
1764735,9
1764767,83
1764828,16
1764881,28
1765017,5
1765064,194
1765075,65
1765097,9
1765101,10
1765107,8
1765115,13
1765136,7
1765164,5
1765183,5
1765197,20
1765201,5
1765220,6
1765236,12
1765275,7
1765299,25
1765323,43
1765329,17
1765388,26
1765398,36
1765413,25
1765448,9
1765449,8
1765560,9
1765597,7
1765604,25
1765646,10
1765709,6
1765720,6
1765753,8
1765768,12
1765861,16
1765866,6
1765870,42
1765883,7
1765929,6
1765930,8
1765934,14
1766008,44
1766018,12
1766068,9
1766075,5
1766086,6
1766131,11
1766133,24
1766194,77
1766237,21
1766256,10
1766284,13
1766298,6
1766324,6
1766387,8
1766393,2152
1766411,13
1766421,5
1766423,20
1766468,11
1766499,232
1766567,23
1766585,7
1766593,21
1766605,6
1766609,6
1766617,8
1766623,5
1766668,6
1766669,7
1766688,52
1766737,6
1766771,7
1766790,7
1766796,7
1766824,6
1766840,6
1766858,17
1766868,10
1766923,7
1766964,78
1766984,18
1767045,14
1767184,8
1767189,6
1767247,44
1767267,10
1767289,9
1767298,7
1767308,7
1767311,7
1767312,14
1767373,62
1767387,6
1767398,6
1767448,7
1767457,19
1767486,12
1767529,6
1767542,6
1767548,6
1767551,5
1767810,7
1767874,19
1767899,342
1767929,6
1767937,5
1767944,5
1767967,30
1767975,16
1767981,9
1767991,32
1768062,6
1768102,11
1768156,23
1768161,5
1768172,5
1768182,7
1768292,10
1768325,7
1768347,5
1768360,9
1768380,10
1768398,10
1768430,14
1768431,8
1768459,11
1768463,6
1768466,16
1768512,9
1768532,10
1768536,36
1768618,7
1768623,7
1768636,5
1768654,8
1768715,7
1768787,50
1768805,15
1768842,11
1768854,51
1768863,9
1768898,11
1768932,7
1768951,27
1768957,17
1768975,6
1768982,539
1768984,11
1769011,6
1769015,5
1769072,6
1769089,7
1769091,22
1769098,213
1769120,7
1769121,23
1769122,7
1769148,6
1769178,24
1769189,13
1769301,7
1769312,6
1769318,72
1769329,6
1769371,28
1769405,11
1769432,7
1769475,5
1769504,76
1769543,42
1769549,9
1769552,19
1769670,10
1769724,6
1769762,16
1769816,13
1769836,6
1769849,26
1769879,6
1769900,43
1769922,6
1769964,11
1769992,6
1770003,5
1770009,7
1770046,22
1770049,8
1770136,7
1770152,19
1770153,12
1770158,9
1770163,6
1770193,11
1770200,8
1770210,15
1770212,21
1770260,7
1770269,8
1770297,12
1770313,7
1770322,8
1770327,5
1770333,53
1770397,26
1770437,7
1770463,21
1770471,7
1770480,8
1770532,11
1770567,8
1770568,12
1770570,12
1770670,13
1770672,6
1770710,6
1770713,44
1770723,6
1770756,15
1770914,11
1770957,5
1770975,5
1771029,16
1771038,10
1771046,20
1771118,7
1771156,10
1771199,8
1771228,9
1771240,23
1771417,8
1771483,17
1771487,20
1771507,6
1771527,6
1771584,6
1771629,5
1771642,7
1771643,24
1771658,7
1771680,12
1771726,9
1771810,7
1771903,17
1771913,9
1771994,11
1772018,6
1772019,31
1772035,7
1772041,19
1772042,179
1772050,8
1772060,14
1772079,21
1772082,6
1772134,6
1772160,10
1772195,7
1772235,15
1772246,30
1772250,8
1772263,13
1772283,9
1772284,6
1772295,9
1772319,68
1772326,11
1772329,8
1772380,9
1772391,9
1772416,5
1772439,6
1772462,9
1772505,333
1772517,5
1772575,59
1772600,6
1772607,6
1772618,6
1772651,6
1772670,11
1772730,11
1772762,17
1772773,6
1772872,8
1772917,5
1772941,28
1772958,28
1772992,6
1773027,6
1773029,9
1773117,7
1773133,8
1773277,11
1773316,15
1773318,14
1773323,9
1773342,13
1773343,7
1773362,6
1773390,5
1773398,34
1773406,6
1773446,72
1773476,6
1773514,12
1773594,13
1773598,21
1773646,7
1773716,6
1773837,13
1773847,11
1773896,16
1773934,14
1774006,19
1774067,9
1774078,6
1774081,6
1774100,13
1774214,6
1774239,15
1774240,37
1774272,11
1774285,15
1774316,23
1774324,8
1774365,6
1774399,154
1774429,14
1774441,10
1774469,5
1774478,22
1774522,7
1774545,18
1774557,2705
1774560,5
1774580,16
1774583,8
1774612,6
1774634,16
1774694,7
1774826,32
1774857,7
1774910,6
1774928,36
1774964,5
1774991,6
1775005,8
1775010,6
1775054,13
1775067,6
1775077,73
1775095,11
1775122,21
1775160,6
1775167,6
1775216,6
1775243,6
1775336,7
1775344,11
1775353,45
1775359,17
1775386,8
1775397,8
1775444,6
1775499,14
1775548,5
1775571,22
1775595,18
1775597,7
1775678,8
1775679,8
1775683,44
1775780,734
1775784,14
1775804,6
1775816,7
1775819,15
1775858,8
1775862,13
1775890,11
1775902,8
1775936,7
1776001,9
1776002,117
1776023,11
1776036,44
1776060,15
1776156,5
1776174,20
1776176,7
1776235,8
1776257,7
1776260,28
1776290,5
1776415,6
1776416,12
1776432,6
1776454,8
1776458,22
1776529,6
1776558,8
1776578,7
1776587,13
1776617,8
1776626,5
1776643,6
1776646,8
1776669,14
1776776,10
1776799,12
1776909,84
1776910,89
1776933,7
1776937,6
1776942,7
1777055,10
1777062,52
1777092,6
1777114,38
1777122,12
1777132,5
1777231,6
1777244,13
1777281,11
1777285,6
1777392,8
1777400,6
1777405,6
1777474,9
1777573,27
1777609,7
1777676,8
1777701,14
1777736,6
1777861,10
1777865,16
1777927,6
1777963,6
1778011,8
1778018,6
1778099,12
1778159,8
1778205,6
1778215,6
1778228,18
1778244,6
1778274,13
1778301,32
1778315,6
1778316,7
1778319,7803
1778331,11
1778332,5
1778333,6
1778334,6
1778346,7
1778354,7
1778400,8
1778411,13
1778414,685
1778472,13
1778483,9
1778490,10
1778517,6
1778555,6
1778595,7
1778600,6
1778731,7
1778736,7
1778739,8
1778758,7
1778797,71
1778817,13
1778849,6
1778893,13
1778992,7
1779005,33
1779053,53
1779109,7
1779129,6
1779195,5
1779231,9
1779245,7
1779342,7
1779348,6
1779406,10
1779421,8
1779451,13
1779463,12
1779552,23
1779554,8
1779580,11
1779582,8
1779626,6
1779686,8
1779693,8
1779703,25
1779712,14
1779736,9
1779818,16
1779819,9
1779826,9
1779855,17
1779869,17
1779893,29
1779899,6
1779925,9
1780005,21
1780090,12
1780132,7
1780151,6
1780173,8
1780227,9
1780229,6
1780322,75
1780343,12
1780391,46
1780455,6
1780487,7
1780523,7
1780534,7
1780629,5
1780642,6
1780671,7
1780674,19
1780711,32
1780834,6
1780849,30
1780855,9
1780870,20
1780881,18
1780901,11
1780904,8
1780989,22
1781072,21
1781157,12
1781170,28
1781174,14
1781227,7
1781231,138
1781238,15
1781326,8
1781355,8
1781378,13
1781383,5
1781433,9
1781523,9
1781535,10
1781586,11
1781637,6
1781672,7
1781680,6
1781687,17
1781711,8
1781714,17
1781719,9
1781753,16
1781805,13
1781819,9
1781829,7
1781989,8
1781994,9
1782000,5
1782034,6
1782065,11
1782071,93
1782139,13
1782207,35
1782257,14
1782335,14
1782358,6
1782406,12
1782407,639
1782480,6
1782492,16
1782512,6
1782542,6
1782562,8
1782578,51
1782583,10
1782595,7
1782654,2334
1782690,6
1782698,9
1782752,7
1782754,13
1782789,18
1782815,20
1782832,13
1782839,23
1782859,17
1782886,12
1783016,5
1783031,24
1783089,7
1783111,12
1783140,22
1783141,6
1783193,11
1783194,10
1783201,13
1783209,89
1783230,12
1783248,13
1783322,6
1783338,7
1783343,7
1783365,5
1783421,5
1783425,5
1783464,6
1783469,6
1783534,48
1783607,10
1783636,135
1783721,13
1783728,5
1783754,453
1783758,20
1783813,10
1783832,9
1783851,14
1783914,16
1783923,74
1783932,5
1784104,6
1784105,6
1784133,24
1784177,10
1784202,6
1784209,8
1784211,9
1784224,6
1784247,37
1784253,11
1784261,6
1784272,12
1784273,7
1784286,9
1784329,8
1784342,6
1784364,7
1784377,5
1784387,7
1784396,10
1784411,7
1784416,18
1784464,12
1784532,5
1784550,27
1784651,9
1784693,7
1784721,7
1784764,34
1784776,33
1784794,6
1784824,19
1784848,7
1784858,8
1784869,5
1784880,9
1784898,11
1784911,6
1784927,14
1784938,7
1784962,5
1784987,9
1785001,84
1785017,21
1785054,10
1785060,6
1785076,8
1785092,9
1785108,19
1785130,9
1785134,16
1785201,19
1785248,7
1785260,10
1785319,5
1785320,6
1785333,7
1785348,31
1785398,18
1785421,11
1785422,22
1785461,9
1785463,10
1785465,6
1785478,41
1785487,6
1785524,24
1785529,6
1785541,28
1785674,8
1785680,6
1785683,20
1785688,7
1785709,15
1785737,112
1785752,22
1785762,8
1785792,7
1785831,12
1785838,7
1785853,6
1785968,9
1785986,35
1786036,12
1786107,514
1786121,7
1786154,17
1786170,11
1786239,9
1786247,5
1786279,7
1786304,7
1786320,7
1786327,6
1786337,9
1786340,59
1786345,16
1786367,35
1786433,12
1786438,11
1786475,6
1786521,6
1786562,12
1786669,7
1786714,18
1786730,6
1786750,24
1786779,9
1786871,12
1786893,10
1786918,13
1787046,28
1787047,6
1787109,6
1787129,7
1787142,6
1787149,34
1787154,6
1787156,9
1787194,20
1787240,15
1787251,18
1787270,7
1787321,9
1787327,19
1787345,13
1787425,14
1787433,61
1787468,6
1787480,5
1787484,498
1787486,6
1787488,11
1787493,6
1787510,6
1787552,7
1787605,9
1787617,8
1787661,9
1787704,8
1787742,7
1787745,13
1787753,13
1787759,9
1787873,11
1787891,8
1787902,7
1787958,7
1787965,7
1787992,23
1788037,6
1788071,15
1788135,11
1788216,6
1788223,21
1788295,7
1788303,9
1788413,11
1788422,286
1788423,9
1788430,10
1788433,15
1788437,6
1788477,18
1788480,16
1788494,6
1788529,6
1788551,8
1788562,6
1788566,6
1788593,7
1788618,12
1788641,6
1788644,28
1788673,6
1788693,12
1788699,8
1788715,9
1788716,5
1788749,8
1788770,9
1788777,12
1788827,29
1788866,10
1788873,10
1788933,8
1788945,12
1788949,88
1789010,8
1789011,21
1789057,5
1789076,13
1789080,7
1789119,8
1789138,8
1789140,13
1789144,11
1789151,6
1789212,25
1789250,8
1789322,7
1789370,6
1789381,98
1789407,9
1789468,13
1789478,6
1789511,6
1789540,7
1789543,14
1789567,793
1789568,12
1789638,7
1789648,12
1789649,7
1789658,15
1789687,38
1789754,38
1789760,10
1789778,223
1789781,6
1789799,21
1789840,8
1789893,6
1790016,13
1790063,24
1790066,8
1790071,13
1790082,9
1790153,20
1790157,7
1790158,14
1790224,119
1790225,18
1790244,77
1790264,9
1790311,5
1790348,15
1790387,5
1790405,6
1790429,19
1790436,6
1790450,52
1790476,8
1790502,17
1790513,9
1790582,5
1790611,11
1790622,9
1790644,6
1790645,6
1790657,211
1790676,7
1790694,5
1790720,12
1790724,7
1790745,9
1790751,71
1790763,7
1790777,8
1790782,7
1790808,6
1790819,7
1790820,7
1790828,9
1790859,7
1790881,7
1790909,35
1790916,10
1790942,27
1790943,8
1790996,33
1791007,11
1791039,7
1791050,9
1791054,7
1791081,20
1791082,93
1791092,7
1791115,5
1791144,12
1791151,15
1791166,8
1791167,18
1791184,17
1791191,8
1791204,28
1791234,18
1791258,7
1791268,21
1791337,15
1791347,7
1791356,6
1791396,18
1791405,5
1791474,8
1791491,5
1791579,6
1791624,6
1791643,43
1791654,37
1791675,6
1791721,22
1791731,96
1791742,26
1791812,8
1791839,8
1791973,12
1791999,7
1792042,55
1792059,9
1792064,8
1792067,8
1792082,6
1792115,9
1792117,12
1792122,14
1792128,17
1792175,11
1792188,16
1792199,11
1792213,13
1792231,8
1792277,5
1792285,7
1792308,6
1792337,30
1792342,16
1792369,5
1792387,9
1792442,40
1792445,8
1792505,8
1792571,164
1792577,14
1792630,6
1792687,5
1792699,60
1792710,6
1792722,6
1792750,13
1792754,7
1792755,13
1792817,5
1792868,994
1792961,6
1792993,5
1793048,7
1793092,20
1793127,8
1793128,7
1793173,17
1793190,5
1793218,10
1793240,60
1793267,38
1793277,6
1793291,6
1793325,17
1793375,5
1793398,12
1793416,12
1793425,180
1793438,7
1793502,6
1793503,17
1793521,11
1793524,27
1793548,15
1793586,7
1793601,8
1793616,26
1793654,44
1793680,63
1793693,17
1793710,9
1793812,23
1793835,9
1793846,6
1793893,13
1794008,6
1794022,10
1794114,6
1794144,18
1794154,14
1794204,23
1794225,6
1794252,10
1794266,12
1794274,6
1794307,71
1794312,8
1794326,6
1794334,16
1794339,80
1794350,13
1794387,8
1794398,17
1794405,9
1794426,7
1794507,353
1794598,6
1794665,5
1794667,10
1794724,7
1794728,7
1794735,7
1794764,16
1794769,233
1794802,16
1794857,169
1794876,110
1794885,6
1794970,9
1795026,12
1795103,29
1795104,8
1795118,6
1795120,7
1795143,8
1795161,9
1795201,7
1795246,7
1795256,10
1795262,8
1795280,2127
1795282,6
1795305,9
1795308,8
1795361,13
1795411,12
1795429,8
1795506,5
1795529,9
1795536,6
1795543,28
1795563,12
1795584,27
1795646,5
1795647,46
1795678,10
1795685,5
1795744,176
1795746,6
1795758,6
1795790,7
1795866,9
1795869,58
1795882,26
1795934,207
1795943,5
1795964,6
1796040,11
1796059,5
1796092,8
1796142,12
1796177,278
1796180,7
1796222,52
1796254,10
1796289,13
1796308,7
1796327,6
1796345,8
1796374,15
1796389,6
1796447,36
1796450,12
1796456,5
1796474,6
1796529,7
1796535,8
1796586,7
1796611,7
1796620,6
1796638,50
1796694,59
1796723,8
1796764,6
1796768,15
1796781,18
1796799,5
1796801,8
1796860,5
1796868,8
1796874,18
1796951,10
1797008,6
1797020,8
1797051,6
1797068,7
1797097,7
1797127,10
1797129,12
1797162,11
1797229,9
1797257,6
1797266,6
1797396,9
1797414,8
1797425,10
1797450,8
1797528,9
1797537,7
1797630,6
1797724,5
1797729,91
1797751,5
1797790,19
1797824,6
1797842,93
1797879,23
1797924,10
1797937,50
1797959,26
1797975,14
1797990,6
1798005,14
1798069,8
1798104,6
1798159,18
1798168,12
1798225,7
1798248,11
1798249,17
1798272,6
1798294,8
1798366,12
1798376,41
1798420,5
1798424,31
1798431,15
1798437,5
1798454,7
1798496,7
1798498,119
1798529,12
1798547,7
1798571,39
1798583,25
1798642,16
1798659,23
1798664,6
1798668,7
1798708,10
1798719,8
1798738,7
1798742,32
1798765,11
1798803,28
1798816,6
1798818,7
1798878,6
1798892,10
1798893,9
1798930,6
1798958,10
1799044,17
1799152,15
1799183,49
1799225,8
1799242,16
1799340,6
1799386,6
1799406,1488
1799409,6
1799413,7
1799458,9
1799476,7
1799488,17
1799542,14
1799567,5
1799581,32
1799664,18
1799699,10
1799722,215
1799727,17
1799847,7
1799865,16
1799905,5
1799937,6
1799980,9
1800010,5
1800068,5
1800083,5
1800094,8
1800116,10
1800117,6
1800126,8
1800133,8
1800149,7
1800251,24
1800273,67
1800277,34
1800327,7
1800360,33
1800362,7
1800366,56
1800384,16
1800415,8
1800422,5
1800428,9
1800435,7
1800467,6
1800569,7
1800594,6
1800616,57
1800619,6
1800668,8
1800676,18
1800690,13
1800709,8
1800733,7
1800735,12
1800769,6
1800777,7
1800786,6
1800787,44
1800810,7
1800813,6
1800852,5
1800854,18
1800890,7
1800923,6
1800963,27
1800980,11
1800992,7
1801014,6
1801072,9
1801110,13
1801146,17
1801185,8
1801215,17
1801218,9
1801219,16
1801225,7
1801227,9
1801242,7
1801268,7
1801269,8
1801321,8
1801347,40
1801348,14
1801380,144
1801477,5
1801488,6
1801493,124
1801506,10
1801515,33
1801547,8
1801569,6
1801588,12
1801668,22
1801678,8
1801694,9
1801711,7
1801717,9
1801731,17
1801737,6
1801806,24
1801873,9
1801920,9
1801977,35
1801978,16
1802063,23
1802099,6
1802146,7
1802149,9
1802175,7
1802228,10
1802244,9
1802251,11
1802252,9
1802489,25
1802531,26
1802541,28
1802542,10
1802553,6
1802649,65
1802670,6
1802674,21
1802675,47
1802677,30
1802715,8
1802786,5
1802809,5
1802829,43
1802843,5
1802852,5
1802978,10
1802979,5
1802988,25
1803005,6
1803136,6
1803137,22
1803184,6
1803199,7
1803200,6
1803226,44
1803241,6
1803250,5
1803266,10
1803287,5
1803295,7
1803319,9
1803373,11
1803471,5
1803476,6
1803482,15
1803523,25
1803530,14
1803537,44
1803626,6
1803642,13
1803723,10
1803764,10
1803776,6
1803781,5
1803807,10
1803815,6
1803858,5
1803878,902
1803885,5
1803956,6
1803961,11
1803968,15
1804007,7
1804085,95
1804086,28
1804112,16
1804135,10
1804148,10
1804203,44
1804205,5
1804224,16
1804240,19
1804258,11
1804326,8
1804454,7
1804457,60
1804477,7
1804482,13
1804535,9
1804537,30
1804561,9
1804634,8
1804644,12
1804682,552
1804721,6
1804816,16
1804817,7
1804831,8
1804833,35
1804868,76
1804958,5
1805058,8
1805072,7
1805086,9
1805185,9
1805213,29
1805306,28
1805323,6
1805344,5
1805427,7
1805434,7
1805440,9
1805472,6
1805513,5
1805645,6
1805661,10
1805675,9
1805686,6
1805706,25
1805712,6
1805730,12
1805781,13
1805804,14
1805822,5
1805833,8
1805940,15
1805969,5
1805971,9
1805980,36
1806004,5
1806034,11
1806036,365
1806042,16
1806066,10
1806090,63
1806106,11
1806156,7
1806162,12
1806220,20
1806221,22
1806322,7
1806323,5
1806336,7
1806358,14
1806406,83
1806439,6
1806515,5
1806520,6
1806595,6
1806599,8
1806604,26
1806700,21
1806714,6
1806754,33
1806789,11
1806818,6
1806836,7
1806861,9
1806938,7
1806956,62
1806957,18
1806984,8
1806999,6
1807006,7
1807044,42
1807051,6
1807089,22
1807131,7
1807142,5
1807148,29
1807182,5
1807197,12
1807250,13
1807291,6
1807345,7
1807359,5
1807417,11
1807500,13
1807513,9
1807533,5
1807620,13
1807638,13
1807641,21
1807642,6
1807686,7
1807760,13
1807766,10
1807808,12
1807891,6
1807924,6
1807926,29
1807928,12
1807950,65
1807993,23
1808035,7
1808065,12
1808090,6
1808165,84
1808168,140
1808175,7
1808250,7
1808263,8
1808306,6
1808307,5
1808324,12
1808405,26
1808411,6
1808431,11
1808448,6
1808449,36
1808468,6
1808528,9
1808599,39
1808613,8
1808641,15
1808664,10
1808750,41
1808762,6
1808792,12
1808846,34
1808847,7
1808893,6
1808909,18
1808951,6
1809014,7
1809091,6
1809236,5
1809253,8
1809268,6
1809316,208
1809355,5
1809364,9
1809388,9
1809389,5
1809474,54
1809649,8
1809682,131
1809706,37
1809722,15
1809736,6
1809768,7
1809784,5
1809850,13
1809935,9
1809940,7
1809943,18
1809980,5
1809984,13
1810053,15
1810103,15
1810269,10
1810278,12
1810325,7
1810355,11
1810362,7
1810382,6
1810414,7
1810437,7
1810452,7
1810457,8
1810555,18
1810556,21
1810573,9
1810593,6
1810605,10
1810674,7
1810730,23
1810750,5
1810756,6
1810779,5
1810794,7
1810845,70
1810888,7
1810906,7
1811129,5
1811161,10
1811267,9
1811351,10
1811448,10
1811528,5
1811533,16
1811557,5
1811645,6
1811653,15
1811660,10
1811693,9
1811705,6
1811779,7
1811841,19
1811899,14
1811902,27
1811926,5
1811997,6
1812009,8
1812027,40
1812047,8
1812079,5
1812089,5
1812110,8
1812142,6
1812154,6
1812155,14
1812167,9
1812173,11
1812175,10
1812233,9
1812302,32
1812303,10
1812310,7
1812333,6
1812350,9
1812358,7
1812436,22
1812468,19
1812521,38
1812579,9
1812580,20
1812657,5
1812693,10
1812699,13
1812706,8
1812742,9
1812791,6
1812795,5
1812813,6
1812825,21
1812847,9
1812914,5
1812915,37
1812920,7
1812932,6
1812954,6
1812973,6
1812990,33
1813020,35
1813049,29
1813167,7
1813186,6
1813200,20
1813232,6
1813235,22
1813239,6
1813243,7
1813256,8
1813267,127
1813309,21
1813322,9
1813366,21
1813396,5
1813411,13
1813464,8
1813466,7
1813525,45
1813548,7
1813573,10
1813590,8
1813710,28
1813712,11
1813741,15
1813769,46
1813793,6
1813838,8
1813849,6
1813860,11
1813980,7
1813990,6
1814058,12
1814083,23
1814150,5
1814181,9
1814196,7
1814254,8
1814269,7
1814301,8
1814318,27
1814360,12
1814368,8
1814391,6
1814401,5
1814402,6
1814425,6
1814448,59
1814497,6
1814505,25
1814531,7
1814541,6
1814558,14
1814571,6
1814612,75
1814633,6
1814637,15
1814680,5
1814718,10
1814740,19
1814752,12
1814765,7
1814775,5
1814783,6
1814795,5
1814832,7
1814859,11
1814970,19
1814999,6
1815153,7
1815156,11
1815201,11
1815311,75
1815324,12
1815382,13
1815496,10
1815576,6
1815592,8
1815602,6
1815620,36
1815632,5
1815653,5
1815677,77
1815693,21
1815731,22
1815764,5
1815797,8
1815823,5
1815825,12
1815835,7
1815845,15
1815846,8
1815869,7
1815939,12
1816028,9
1816038,6
1816045,23
1816051,17
1816073,5
1816080,7
1816085,7
1816099,6
1816107,8
1816110,9
1816116,30
1816141,8
1816175,10
1816176,16
1816180,5
1816184,14
1816219,6
1816221,8
1816226,9
1816240,8
1816244,14
1816292,6
1816309,6
1816384,23
1816388,9
1816401,29
1816411,7
1816422,36
1816445,89
1816447,7
1816452,12
1816501,5
1816519,13
1816636,10
1816645,219
1816695,6
1816740,47
1816790,14
1816808,14
1816887,15
1816909,6
1816926,38
1816931,7
1816955,6
1817009,5
1817149,6
1817155,41
1817181,6
1817182,33
1817187,8
1817199,5
1817243,7
1817259,9
1817291,18
1817299,6
1817302,8
1817311,10
1817318,5
1817330,10
1817387,14
1817404,5
1817497,6
1817520,13
1817527,6
1817537,6
1817679,7
1817685,8
1817715,7
1817755,22
1817832,32
1817841,7
1817847,7
1817852,7
1817884,6
1817904,8
1817935,17
1818087,11
1818091,18
1818104,270
1818132,6
1818189,10
1818190,9
1818244,12
1818263,8
1818324,10
1818336,52
1818368,6
1818371,6
1818378,7
1818385,12
1818405,5
1818448,9
1818522,5
1818580,7
1818673,5
1818676,19
1818677,8
1818692,6
1818702,14
1818707,25
1818759,46
1818779,7
1818821,8
1818837,11
1818896,8
1818920,10
1818935,7
1819033,31
1819095,15
1819127,9
1819137,13
1819138,2211
1819148,9
1819155,9
1819160,7
1819164,14
1819189,5
1819192,14
1819264,6
1819267,6
1819279,5
1819341,28
1819356,6
1819485,13
1819517,23
1819519,42
1819523,12
1819529,6
1819579,6
1819671,6
1819684,19
1819709,8
1819729,9
1819775,6
1819836,7
1819838,7
1819850,32
1819882,19
1819885,8
1819887,8
1819888,6
1819961,9
1819997,6
1820014,16
1820022,11
1820028,10
1820055,27
1820071,9
1820090,22
1820108,1441
1820134,10
1820161,22
1820235,6
1820269,6
1820270,63
1820312,6
1820339,5
1820411,15
1820416,10
1820423,5
1820434,6
1820450,18
1820471,12
1820476,683
1820537,6
1820555,11
1820575,6
1820680,7
1820810,7
1820856,5
1820857,236
1820924,6
1820986,11
1821002,31
1821033,7
1821062,15
1821154,8
1821157,35
1821178,8
1821197,6
1821203,5
1821219,14
1821234,5
1821238,14
1821244,74
1821259,7
1821333,16
1821359,5
1821360,24
1821379,7
1821381,8
1821392,14
1821471,9
1821481,32
1821487,15
1821500,14
1821572,11
1821591,15
1821604,10
1821656,7
1821710,28
1821752,10
1821756,6
1821763,6
1821819,11
1821829,6
1821851,18
1821852,11
1821873,6
1821887,13
1821895,7
1821912,18
1821942,6
1822021,6
1822049,17
1822157,7
1822165,9
1822235,8
1822264,72
1822353,25
1822372,7
1822402,164
1822435,10
1822452,13
1822461,6
1822463,5
1822478,8
1822575,14
1822700,24
1822728,15
1822758,21
1822802,7
1822803,6
1822820,7
1822897,10
1822899,48
1822932,23
1822948,9
1822964,8
1823122,8
1823144,13
1823172,7
1823181,26
1823205,8
1823249,6
1823260,6
1823286,12
1823311,17
1823313,9
1823345,10
1823373,16
1823379,5
1823382,150
1823391,6
1823413,7
1823434,25
1823448,7
1823484,10
1823494,6
1823508,6
1823514,6
1823555,21
1823567,19
1823633,6
1823741,5
1823771,7
1823780,5
1823784,6
1823793,7
1823796,6
1823809,22
1823937,6
1823950,17
1823967,30
1823969,7
1823996,77
1824004,7
1824016,13
1824150,72
1824180,9
1824250,8
1824262,10
1824277,6
1824313,9
1824337,8
1824402,5
1824431,9
1824476,7
1824482,57
1824494,11
1824519,41
1824527,7
1824561,14
1824569,6
1824602,9
1824660,14
1824869,34
1824887,7
1824904,6
1824929,6
1824934,15
1824953,5
1824967,6
1824993,195
1825011,8
1825134,13
1825162,12
1825163,8
1825170,37
1825180,8
1825247,9
1825250,6
1825262,5
1825311,31
1825327,6
1825328,8
1825363,9
1825405,5
1825414,14
1825429,19
1825458,8
1825524,6
1825553,6
1825554,9
1825606,26
1825623,8
1825641,5
1825667,5
1825682,9
1825744,6
1825772,8
1825773,145
1825798,8
1825948,7
1825953,8
1825968,10
1825973,6
1826012,14
1826020,22
1826086,6
1826103,7
1826158,9
1826196,37
1826229,11
1826248,5
1826272,28
1826278,12
1826288,13
1826405,22
1826423,24
1826489,13
1826505,16
1826514,6
1826527,49
1826563,6
1826612,47
1826629,6
1826632,15
1826659,11
1826726,7
1826749,5
1826779,198
1826792,9
1826831,64
1826844,5
1826852,10
1826945,61
1826975,23
1827017,8
1827052,1036
1827112,548
1827147,5
1827155,8
1827164,6
1827169,8
1827172,12
1827186,24
1827260,7
1827261,8
1827271,167
1827292,13
1827320,12
1827407,7
1827425,8
1827444,12
1827467,10
1827479,14
1827485,15
1827490,10
1827505,7
1827518,11
1827528,7
1827534,11
1827547,7
1827578,6
1827604,14
1827635,72
1827708,20
1827725,47
1827848,13
1827849,12
1827865,8
1827868,28
1827886,7
1827923,5
1827935,6
1827954,163
1827969,22
1827982,8
1828052,23
1828053,6
1828056,11
1828075,5
1828078,11
1828120,5
1828153,6
1828176,6
1828184,5
1828193,6
1828211,54
1828215,13
1828244,17
1828292,6
1828321,6
1828404,58
1828405,38
1828486,5
1828489,5
1828513,6
1828530,15
1828540,280
1828551,6
1828570,87
1828581,20
1828618,24
1828638,26
1828643,8
1828654,42
1828687,8
1828730,24
1828785,8
1828787,12
1828855,21
1828861,450
1828874,6
1828919,8
1828975,18
1828979,14
1828992,48
1829020,5
1829063,16
1829069,15
1829099,32
1829123,22
1829136,11
1829162,7
1829170,12
1829203,8
1829250,5
1829263,20
1829373,12
1829389,10
1829398,6
1829431,8
1829444,20
1829448,9
1829466,6
1829475,168
1829487,11
1829506,7
1829536,11
1829555,68
1829565,12
1829572,5
1829579,9
1829583,8
1829647,14
1829675,16
1829741,13
1829794,8
1829800,8
1829817,7
1829915,109
1830091,7
1830127,17
1830207,15
1830226,7
1830267,744
1830297,15
1830302,14
1830313,33
1830322,489
1830396,849
1830401,7
1830504,7
1830509,10
1830556,8
1830557,20
1830610,30
1830622,23
1830629,6
1830654,57
1830659,6
1830683,23
1830795,22
1830821,25
1830853,13
1830907,17
1830939,8
1831031,54
1831103,29
1831104,88
1831105,7
1831166,13
1831179,19
1831184,15
1831214,26
1831237,9
1831288,11
1831316,5
1831401,6
1831452,7
1831457,15
1831503,5
1831523,9
1831533,65
1831545,37
1831558,8
1831603,7
1831646,7
1831678,7
1831680,58
1831700,8
1831710,10
1831751,8
1831766,15
1831768,9
1831824,6
1831859,76
1831966,23
1831969,5
1831989,10
1831993,6
1832010,7
1832013,6
1832057,9
1832062,40
1832089,6
1832104,16
1832154,8
1832190,42
1832220,6
1832233,16
1832244,5
1832308,7
1832330,6
1832337,8
1832372,15
1832376,7
1832387,5
1832426,15
1832442,6
1832460,7
1832471,10
1832480,8
1832496,14
1832529,10
1832530,18
1832563,9
1832573,5
1832617,7
1832668,6
1832725,7
1832771,12
1832841,14
1832866,7
1832897,7
1833040,5
1833048,7
1833060,17
1833141,55
1833171,7
1833195,6
1833220,17
1833381,68
1833501,7
1833522,24
1833523,27
1833524,6
1833534,9
1833612,24
1833682,12
1833735,6
1833758,57
1833778,7
1833811,9
1833821,7
1833825,5
1833848,7
1833856,9
1833862,14
1833921,7
1833939,14
1833961,5
1833979,14
1834005,6
1834026,9
1834027,6
1834100,6
1834124,7
1834175,6
1834179,5
1834229,9
1834244,72
1834248,10
1834286,21
1834363,36
1834393,6
1834407,7
1834410,11
1834537,88
1834553,6
1834670,8
1834773,18
1834782,10
1834791,5
1834852,23
1834977,7
1834980,35
1835020,47
1835106,15
1835107,34
1835120,132
1835140,5
1835192,18
1835193,8
1835207,5
1835245,6
1835288,6
1835291,12
1835306,6
1835370,9
1835397,12
1835407,8
1835423,21
1835468,11
1835504,38
1835512,15
1835539,19
1835549,29
1835610,11
1835627,42
1835680,7
1835705,7
1835707,44
1835717,16
1835819,6
1835900,21
1835992,27
1836012,6
1836040,8
1836053,11
1836093,8
1836121,11
1836122,5
1836126,5
1836147,6
1836198,6
1836233,8
1836254,7
1836322,9
1836338,11
1836378,7
1836397,13
1836491,12
1836534,6
1836612,6
1836651,16
1836652,6
1836679,21
1836680,9
1836751,7
1836772,8
1836776,6
1836801,11
1836802,12
1836834,17
1836835,17
1836840,7
1836854,7
1836886,11
1836899,6
1836984,13
1837007,9
1837011,5
1837026,5
1837063,6
1837074,6
1837081,6
1837195,8
1837197,12
1837273,145
1837333,10
1837353,6
1837366,10
1837371,10
1837401,6
1837443,47
1837527,32
1837533,11
1837546,40
1837594,10
1837607,33
1837625,38
1837630,15
1837656,6
1837665,9
1837690,21
1837722,11
1837745,5
1837762,9
1837768,23
1837774,43
1837855,5
1837896,25
1837899,16
1837963,6
1837972,8
1837985,17
1837988,6
1838010,7
1838071,8
1838076,7
1838080,8
1838126,15
1838129,10
1838153,7
1838195,13
1838226,11
1838250,8
1838268,24
1838328,7
1838454,5
1838515,9
1838573,7
1838653,8
1838668,8
1838697,11
1838701,9
1838726,10
1838813,8
1838831,11
1838882,6
1838891,8
1838907,9
1838929,14
1838947,9
1838965,10
1838977,5
1839009,61
1839040,266
1839055,9
1839126,6
1839151,9
1839184,20
1839191,11
1839216,18
1839219,19
1839235,10
1839271,25
1839275,6
1839312,5
1839334,45
1839360,7
1839395,7
1839408,47
1839438,12
1839456,8
1839464,5
1839494,11
1839541,6
1839548,6
1839605,6
1839640,78
1839667,6
1839711,6
1839738,7
1839795,6
1839823,10
1839844,9
1839873,7
1839885,14
1839886,546
1839915,6
1839918,19
1839943,12
1839947,7
1839987,113
1839992,6
1840005,11
1840042,21
1840051,31
1840053,6
1840091,8
1840104,60
1840107,9
1840121,7
1840128,25
1840232,10
1840254,10
1840255,11
1840275,5
1840281,19
1840284,7
1840285,25
1840299,63
1840300,8
1840366,9
1840387,12
1840398,7
1840403,7
1840418,12
1840507,13
1840515,8
1840518,7
1840535,6
1840548,34
1840586,6
1840594,8
1840595,26
1840654,64
1840732,7
1840735,5
1840760,6
1840802,7
1840811,35
1840848,6
1840852,6
1840895,6
1840942,23
1841011,5
1841044,12
1841131,11
1841154,6
1841192,7
1841257,18
1841275,10
1841290,5
1841306,20
1841331,11
1841333,9
1841452,10
1841461,14
1841464,11
1841475,8
1841476,12
1841514,102
1841531,6
1841534,5
1841544,91
1841687,10
1841692,68
1841722,7
1841738,7
1841754,9
1841757,7
1841769,12
1841774,21
1841799,7
1841851,8
1841889,9
1841917,6
1841958,47
1841962,17
1841980,17
1842061,9
1842066,7
1842082,17
1842105,7
1842126,10
1842156,25
1842349,6
1842376,28
1842457,6
1842459,15
1842470,15
1842502,7
1842517,28
1842563,12
1842570,7
1842605,6
1842608,15
1842609,8
1842615,5
1842618,6
1842636,12
1842642,6
1842687,28
1842788,7
1842794,11
1842834,14
1842848,13
1842868,27
1842922,37
1842959,345
1843016,6
1843035,24
1843042,9
1843048,14
1843068,13
1843069,6
1843114,25
1843128,7
1843147,11
1843155,7
1843157,8
1843194,10
1843262,23
1843292,6
1843297,8
1843299,12
1843302,11
1843314,78
1843399,20
1843436,10
1843449,9
1843469,18
1843472,20
1843476,24
1843503,7
1843516,9
1843530,7
1843547,6
1843550,18
1843603,7
1843620,85
1843630,13
1843656,6
1843740,5
1843779,7
1843790,62
1843856,6
1843860,9
1843867,11
1843952,143
1844054,9
1844108,6
1844119,264
1844144,38
1844155,7
1844207,7
1844219,16
1844247,12
1844262,6
1844319,10
1844352,18
1844361,6
1844371,18
1844372,6
1844535,8
1844561,7
1844563,10
1844624,6
1844652,9
1844776,46
1844827,31
1844833,11
1844884,12
1844887,10
1844897,6
1844909,24
1844933,6
1844934,11
1844937,5
1844939,6
1844943,7
1845075,41
1845133,5
1845135,13
1845202,6
1845217,6
1845263,16
1845265,7
1845276,18
1845329,8
1845336,5
1845341,17
1845345,18
1845367,8
1845390,7
1845419,17
1845453,14
1845472,12
1845483,8
1845490,82
1845534,21
1845623,17
1845667,9
1845683,62
1845720,7
1845865,17
1845953,7
1846004,7
1846071,6
1846076,9
1846077,51
1846079,17
1846091,6
1846097,10
1846140,8
1846180,6
1846181,6
1846256,7
1846283,8
1846364,43
1846382,2349
1846421,14
1846452,7
1846491,11
1846504,18
1846512,42
1846515,5
1846518,8
1846535,7
1846538,14
1846586,10
1846624,64
1846675,6
1846692,7
1846704,5
1846707,19
1846720,24
1846730,7
1846841,7
1846865,6
1846866,8
1846876,7
1846900,7
1846988,11
1847003,8
1847037,6
1847043,5
1847044,5
1847049,8
1847183,5
1847184,6
1847187,70
1847196,7
1847204,7
1847235,14
1847243,10
1847257,13
1847290,14
1847325,12
1847385,41
1847419,18
1847445,114
1847458,8
1847474,6
1847498,14
1847531,12
1847817,7
1847848,6
1847852,7
1847857,15
1847909,8
1847936,8
1847949,9
1848032,35
1848042,6
1848045,28
1848070,5
1848114,8
1848126,23
1848182,5
1848245,9
1848293,220
1848304,6
1848316,6
1848319,8
1848340,11
1848345,147
1848425,13
1848433,19
1848522,12
1848544,33
1848558,12
1848567,5
1848580,15
1848632,330
1848642,19
1848683,47
1848689,6
1848747,20
1848819,11
1848828,33
1848852,6
1848895,105
1848919,9
1848984,6
1849044,9
1849061,17
1849076,30
1849104,8
1849148,6
1849219,6
1849253,862
1849334,36
1849355,6
1849438,6
1849486,6
1849487,13
1849518,6
1849567,6
1849591,6
1849597,10
1849616,8
1849648,15
1849650,7
1849669,6
1849700,5
1849716,37
1849723,7
1849736,5
1849777,6
1849799,6
1849872,20
1849873,20
1849881,6
1849948,6
1849949,18
1849956,111
1849995,14
1850002,8
1850046,7
1850057,23
1850076,8
1850077,5
1850096,6
1850107,61
1850109,8
1850145,5
1850178,6
1850191,21
1850205,29
1850207,11
1850255,9
1850265,8
1850294,13
1850341,8
1850357,5
1850384,9
1850406,6
1850448,6
1850468,7
1850470,6
1850541,36
1850554,6
1850560,7
1850569,8
1850614,5
1850715,9
1850722,6
1850731,7
1850744,6
1850754,5
1850782,7
1850824,5
1850877,134
1850909,24
1850934,10
1850942,10
1850954,32
1850973,7
1850974,16
1850982,8
1851025,11
1851047,7
1851048,16
1851079,18
1851120,8
1851179,16
1851229,11
1851255,6
1851290,7
1851301,10
1851410,10
1851439,10
1851466,6
1851482,8
1851500,7
1851535,5
1851563,21
1851678,8
1851681,142
1851689,15
1851692,8
1851702,5
1851703,9
1851786,48
1851809,8
1851852,9
1851979,12
1852074,6
1852099,9
1852114,10
1852119,113
1852120,11
1852123,10
1852164,652
1852172,8
1852190,9
1852212,8
1852227,214
1852264,5
1852269,30
1852273,29
1852276,7
1852282,7
1852310,5
1852336,15
1852375,12
1852396,6
1852463,9
1852493,9
1852527,6
1852533,7
1852567,7
1852570,21
1852617,7
1852674,7
1852747,7
1852839,6
1852876,38
1852905,9
1852913,20
1852940,17
1853059,7
1853077,6
1853095,13
1853104,11
1853224,7
1853231,5
1853233,8
1853359,5
1853398,5
1853405,11
1853447,15
1853460,11
1853483,8
1853524,6
1853529,37
1853530,17
1853564,9
1853588,56
1853598,11
1853622,13
1853666,6
1853685,25
1853699,5
1853702,8
1853715,5
1853719,7
1853720,6
1853746,8
1853834,8
1853858,35
1853998,19
1854056,9
1854060,8
1854067,22
1854138,7
1854147,7
1854153,8
1854204,6
1854214,6
1854231,5
1854266,66
1854334,11
1854370,10
1854391,16
1854426,17
1854430,24
1854448,8
1854486,6
1854502,10
1854513,6
1854577,6
1854590,8
1854608,5
1854672,7
1854696,6
1854747,6
1854758,7
1854875,24
1854893,12
1854901,10
1854912,5
1854946,187
1854967,11
1854971,70
1854974,7
1854979,53
1855037,6
1855047,5
1855058,8
1855089,9
1855095,9
1855100,9
1855101,11
1855135,20
1855168,9
1855191,172
1855253,350
1855281,5
1855353,10
1855370,39
1855386,6
1855389,6
1855432,28
1855443,8
1855445,8
1855448,7
1855476,6
1855499,9
1855522,6
1855589,5
1855601,11
1855622,7
1855636,15
1855716,6
1855788,13
1855803,17
1855808,8
1855879,6
1855918,6
1855919,10
1855984,6
1856004,7
1856049,31
1856052,8
1856058,15
1856088,7
1856135,9
1856146,7
1856148,5
1856152,9
1856176,6
1856192,6
1856227,17
1856237,8
1856268,7
1856269,12
1856285,6
1856309,7
1856339,27
1856388,10
1856412,13
1856413,54
1856476,6
1856502,24
1856505,52
1856598,6
1856602,16
1856685,6
1856694,89
1856715,72
1856775,8
1856804,8
1856839,5
1856872,6
1856911,8
1856924,57
1856961,13
1857004,47
1857011,11
1857016,20
1857038,8
1857100,6
1857154,7
1857155,33
1857163,7
1857168,14
1857179,7
1857188,24
1857192,8
1857217,115
1857239,35
1857267,6
1857271,8
1857275,6
1857309,15
1857314,10
1857328,7
1857367,74
1857386,7
1857395,62
1857415,31
1857498,5
1857505,9
1857571,10
1857574,14
1857575,13
1857581,5
1857628,7
1857672,6
1857812,9
1857819,6
1857839,5
1857840,7
1857857,32
1857924,10
1857981,9
1858078,5
1858090,18
1858111,6
1858239,16
1858254,6
1858285,6
1858338,18
1858355,16
1858401,94
1858419,13
1858477,9
1858480,16
1858571,10
1858587,16
1858595,6
1858688,5
1858692,7
1858726,5
1858737,19
1858782,8
1858823,18
1858854,35
1858872,34
1858893,6
1859004,9
1859005,6
1859042,19
1859072,7
1859079,6
1859114,6
1859125,97
1859182,7
1859263,7
1859360,21
1859373,18
1859389,12
1859422,10
1859423,16
1859509,6
1859529,9
1859537,6
1859545,36
1859547,11
1859663,23
1859669,6
1859753,15
1859816,19
1859916,6
1859939,6
1859975,6
1859998,13
1860044,6
1860149,7
1860198,6
1860207,80
1860240,6
1860382,7
1860401,17
1860402,17
1860433,9
1860460,15
1860471,13
1860524,5
1860525,26
1860587,12
1860637,10
1860670,16
1860689,80
1860827,8
1860832,8
1860842,5
1860870,10
1860871,16
1860893,7
1860903,17
1860918,9
1860955,25
1860981,5
1860988,6
1861067,56
1861099,7
1861104,36
1861159,54
1861189,5
1861216,39
1861236,8
1861318,22
1861320,7
1861353,9
1861386,6
1861396,5
1861504,22
1861507,13
1861569,35
1861599,79
1861625,20
1861634,9
1861681,10
1861719,23
1861751,6
1861755,14
1861768,97
1861820,9
1861873,16
1861880,8
1861899,11
1861961,21
1861972,9
1861980,10
1862003,7
1862099,10
1862110,21
1862150,6
1862180,5
1862198,37
1862248,6
1862249,9
1862289,8
1862353,6
1862373,6
1862407,9
1862436,7
1862478,11
1862481,5
1862489,9
1862495,13
1862515,7
1862532,8
1862536,13
1862548,18
1862631,8
1862637,5
1862657,9
1862713,9
1862746,6
1862751,7
1862812,8
1862813,6
1862834,10
1862885,45
1862976,11
1863072,13
1863087,19
1863148,8
1863152,6
1863164,27
1863188,7
1863241,16
1863249,9
1863291,25
1863474,6
1863475,11
1863624,6
1863778,12
1863909,5
1863927,9
1863931,8
1863961,9
1863995,6
1864023,9
1864053,10
1864091,7
1864237,8
1864336,5
1864345,7
1864367,10
1864371,19
1864394,6
1864407,11
1864443,60
1864498,20
1864520,32
1864538,14
1864539,8
1864561,12
1864650,11
1864666,39
1864687,14
1864730,5
1864745,6
1864748,27
1864791,80
1864792,6
1864828,38
1864895,6
1864914,22
1864935,9
1864941,6
1864972,18
1864987,24
1865020,19
1865045,7
1865058,5
1865085,8
1865098,14
1865144,25
1865161,7
1865162,6
1865198,8
1865215,7
1865243,5
1865249,36
1865264,5
1865281,6
1865305,10
1865327,8
1865330,7
1865339,12
1865380,6
1865418,9
1865422,6
1865432,7
1865453,13
1865489,6
1865490,6
1865533,33
1865590,7
1865591,14
1865601,6
1865613,6
1865629,17
1865638,35
1865693,6
1865707,10
1865741,49
1865746,7
1865755,12
1865780,54
1865804,13
1865867,14
1865904,29
1865909,6
1865912,53
1865926,7
1865995,15
1866015,8
1866049,11
1866072,6
1866085,6
1866103,17
1866174,10
1866194,11
1866214,6
1866233,34
1866297,26
1866321,17
1866401,6
1866453,10
1866482,52
1866503,6
1866509,6
1866511,6
1866537,5
1866550,6
1866574,9
1866575,9
1866616,9
1866618,7
1866693,22
1866733,16
1866739,12
1866741,7
1866744,12
1866762,5
1866775,6
1866813,5
1866841,22
1866850,26
1866894,165
1866908,6
1866924,5
1866927,9
1866980,12
1866987,5
1867000,27
1867004,7
1867017,6
1867050,18
1867055,13
1867147,6
1867192,6
1867197,9
1867211,7
1867218,6
1867299,6
1867307,7
1867372,20
1867457,18
1867477,8
1867486,9
1867492,7
1867532,16
1867546,7
1867560,7
1867592,7
1867625,12
1867636,14
1867653,9
1867743,20
1867753,14
1867783,6
1867810,17
1867814,13
1867827,14
1867830,11
1867831,17
1867880,17
1867906,6
1867918,13
1867928,31
1867960,6
1867961,7
1867980,8
1867997,7
1868047,10
1868090,14
1868091,27
1868130,7
1868187,23
1868190,6
1868193,7
1868224,6
1868284,5
1868305,21
1868307,12
1868318,6
1868371,64
1868419,7
1868427,9
1868474,7
1868497,7
1868498,23
1868518,11
1868538,9
1868597,7
1868635,6
1868641,7
1868671,13
1868677,21
1868682,6
1868691,9
1868694,8
1868713,10
1868720,7
1868731,19
1868796,7
1868798,7
1868799,6
1868801,10
1868908,5
1868941,10
1868955,6
1868956,12
1869016,7
1869061,32
1869085,9
1869120,20
1869181,20
1869190,5
1869214,11
1869239,19
1869253,8
1869264,18
1869277,10
1869366,6
1869367,71
1869380,40
1869415,10
1869494,8
1869540,5
1869569,5
1869578,13
1869612,13
1869624,6
1869661,7
1869702,280
1869740,27
1869769,18
1869782,12
1869820,22
1869830,6
1869851,15
1869956,15
1869963,13
1869972,6
1870065,8
1870105,5
1870118,84
1870147,5
1870169,13
1870173,18
1870274,8
1870326,7
1870327,8
1870335,7
1870433,42
1870560,6
1870576,6
1870594,13
1870648,7
1870686,15
1870695,7
1870730,5
1870762,7
1870763,6
1870777,6
1870787,6
1870792,6
1870804,6
1870901,26
1870916,9
1870920,6
1870939,22
1870990,7
1871001,11
1871092,20
1871112,22
1871147,146
1871161,6
1871168,7
1871180,7
1871300,8
1871397,442
1871399,6
1871473,6
1871479,6
1871489,15
1871497,70
1871516,9
1871520,22
1871553,12
1871563,7
1871632,7
1871668,6
1871683,17
1871689,52
1871700,8
1871753,6
1871764,8
1871804,126
1871828,6
1871836,6
1871868,9
1871902,9
1871948,12
1872007,7
1872044,5
1872046,16
1872047,6
1872101,25
1872111,6
1872163,5
1872173,110
1872249,9
1872287,12
1872332,26
1872380,15
1872447,1055
1872458,19
1872476,26
1872505,12
1872526,18
1872559,10
1872642,13
1872651,14
1872685,6
1872701,7
1872715,8
1872726,6
1872759,8
1872783,13
1872833,7
1872890,8
1872891,25
1872905,29
1873009,5
1873010,6
1873161,8
1873167,29
1873175,12
1873195,7
1873225,14
1873276,7
1873282,9
1873301,12
1873321,6
1873364,7
1873368,8
1873388,7
1873390,14
1873407,6
1873412,7
1873453,22
1873507,25
1873509,6
1873511,6
1873533,6
1873613,6
1873616,9
1873659,9
1873663,9
1873689,24
1873774,7
1873796,88
1873817,31
1873819,11
1873888,21
1873901,14
1873908,6
1873968,5
1873969,100
1873970,8
1874005,9
1874044,8
1874095,73
1874096,6
1874136,10
1874227,8
1874236,7
1874237,25
1874238,9
1874298,8
1874342,5
1874350,17
1874444,27
1874474,8
1874477,8
1874533,6
1874535,5
1874554,6
1874568,7
1874573,6
1874606,9
1874617,7
1874699,18
1874726,8
1874804,22
1874810,8
1874820,8
1874858,12
1874859,5
1874896,10
1874942,10
1874943,13
1874950,6
1874964,91
1874998,10
1875003,7
1875085,5
1875087,5
1875091,8
1875097,5
1875099,10
1875101,7
1875127,6
1875163,40
1875164,7
1875216,6
1875219,6
1875226,9
1875293,15
1875306,30
1875317,8
1875320,28
1875462,8
1875474,62
1875513,5
1875601,7
1875614,7
1875621,6
1875645,9
1875659,6
1875663,113
1875669,11
1875699,7
1875722,7
1875768,7
1875769,109
1875785,33
1875811,9
1875926,13
1875978,18
1875991,24
1876008,8
1876051,28
1876066,7
1876087,5
1876131,14
1876147,9
1876153,9
1876154,10
1876171,30
1876179,8
1876267,6
1876274,6
1876286,9
1876317,6
1876416,10
1876450,6
1876481,7
1876483,6
1876619,7
1876650,77
1876677,9
1876729,17
1876742,23
1876746,5
1876770,7
1876892,44
1876903,6
1876925,5
1876953,12
1877011,6
1877034,10
1877071,8
1877113,66
1877116,6
1877158,144
1877159,8
1877167,21
1877184,6
1877212,11
1877256,10
1877299,6
1877394,14
1877411,27
1877458,86
1877507,6
1877558,11
1877592,6
1877595,15
1877630,20
1877643,14
1877671,52
1877676,21
1877682,23
1877695,12
1877734,16
1877922,15
1877949,20
1877951,57
1877958,27
1878032,12
1878034,9
1878148,5
1878152,5
1878179,62
1878334,32
1878335,12
1878347,114
1878359,89
1878377,17
1878447,6
1878468,6
1878486,5
1878498,8
1878548,9
1878564,6
1878633,15
1878677,110
1878680,7
1878684,177
1878687,5
1878744,9
1878764,6
1878776,20
1878799,9
1878834,7
1878862,63
1878899,5
1878940,12
1878951,11
1878963,6
1878973,14
1878981,12
1878985,14
1878986,5
1878996,23
1879044,16
1879059,9
1879143,13
1879146,8
1879191,5
1879194,17
1879233,19
1879328,5
1879364,381
1879384,30
1879387,9
1879388,6
1879401,10
1879408,12
1879518,10
1879532,21
1879564,511
1879622,26
1879629,14
1879798,5
1879841,15
1879846,6
1879856,53
1879892,17
1879898,10
1879904,11
1879990,6
1879999,24
1880056,10
1880071,5
1880095,16
1880119,6
1880144,2043
1880237,21
1880238,18
1880276,12
1880280,8
1880300,121
1880339,37
1880362,21
1880429,7
1880449,7
1880508,6
1880523,19
1880539,7
1880556,28
1880562,18
1880565,13
1880623,6
1880645,13
1880653,8
1880656,6
1880662,9
1880663,63
1880693,7
1880790,5
1880853,8
1880934,7
1880980,14
1880989,13
1880993,5
1881001,17
1881009,9
1881033,10
1881066,24
1881094,6
1881125,8
1881126,7
1881127,15
1881151,6
1881225,11
1881247,9
1881260,44
1881280,6
1881287,6
1881329,49
1881385,20
1881422,151
1881426,8
1881428,7
1881481,307
1881558,51
1881560,26
1881567,8
1881582,22
1881592,17
1881665,5
1881674,22
1881708,20
1881776,72
1881784,9
1881813,6
1881831,26
1881834,5
1881950,6
1881971,6
1882022,6
1882094,21
1882099,8
1882146,6
1882163,24
1882289,32
1882311,7
1882331,11
1882333,15
1882410,8
1882413,10
1882414,21
1882429,50
1882437,9
1882440,17
1882460,40
1882462,5
1882504,9
1882520,82
1882529,35
1882573,155
1882616,8
1882620,9
1882652,5
1882653,10
1882726,6
1882729,8
1882743,6
1882779,7
1882817,10
1882833,394
1882950,6
1882979,14
1882980,9
1883003,16
1883013,9
1883071,7
1883090,6
1883102,6
1883120,11
1883183,28
1883186,11
1883200,6
1883205,7
1883213,7
1883215,8
1883223,24
1883229,24
1883240,6
1883312,7
1883335,6
1883398,12
1883437,53
1883475,9
1883496,46
1883507,8
1883511,8
1883516,5
1883517,12
1883548,5
1883555,11
1883563,13
1883581,16
1883618,13
1883755,6
1883814,11
1883816,6
1883875,8
1883893,15
1883950,15
1883978,32
1883992,24
1884002,6
1884007,11
1884015,5
1884123,7
1884137,133
1884207,6
1884215,6
1884223,20
1884225,12
1884245,42
1884337,11
1884348,22
1884387,7
1884516,9
1884529,42
1884575,8
1884606,15
1884677,9
1884766,6
1884788,5
1884834,5
1884839,9
1884850,22
1884855,6
1884960,14
1885034,183
1885053,8
1885077,12
1885084,12
1885094,7
1885105,24
1885107,6
1885110,5
1885113,15
1885116,14
1885119,11
1885123,5
1885147,7
1885178,7
1885198,34
1885218,5
1885227,13
1885242,21
1885248,8
1885430,7
1885445,12
1885449,6
1885452,6
1885536,6
1885571,16
1885575,5
1885583,26
1885619,6
1885673,21
1885690,8
1885692,7
1885713,16
1885716,136
1885720,12
1885785,7
1885799,17
1885808,6
1885846,12
1885875,8
1885903,8
1885925,19
1885946,7
1885948,12
1885990,9
1886132,8
1886303,24
1886304,12
1886334,17
1886350,12
1886444,18
1886478,6
1886480,15
1886512,9
1886521,13
1886546,27
1886553,39
1886578,15
1886602,6
1886658,9
1886680,10
1886714,10
1886724,10
1886758,6
1886791,7
1886821,5
1886834,44
1886835,9
1886844,7
1886880,7
1886900,7
1886933,7
1886935,86
1886938,5
1886941,9
1886942,12
1886980,6
1886995,21
1887020,15
1887068,15
1887076,5
1887101,28
1887127,6
1887164,18
1887199,7
1887236,126
1887272,9
1887295,5
1887319,12
1887342,10
1887376,6
1887396,7
1887440,15
1887460,6
1887478,6
1887492,18
1887529,6
1887551,7
1887553,18
1887586,27
1887622,5
1887652,8
1887653,7
1887674,6
1887694,6
1887749,20
1887790,7
1887830,9
1887879,7
1887932,6
1887988,7
1887999,11
1888027,6
1888048,7
1888097,8
1888133,6
1888147,6
1888234,12
1888249,5
1888253,12
1888268,18
1888312,6
1888378,30
1888382,10
1888448,11
1888479,18
1888485,79
1888526,7
1888531,7
1888545,35
1888551,6
1888578,17
1888605,8
1888618,9
1888662,6
1888692,8
1888712,6
1888729,6
1888763,18
1888772,5
1888806,5
1888853,10
1888860,11
1888899,9
1888906,36
1888960,11
1888961,8
1888980,15
1889009,8
1889015,7
1889119,6
1889132,8
1889141,15
1889156,5
1889165,5
1889171,7
1889189,6
1889203,6
1889207,10
1889318,74
1889320,65
1889353,61
1889356,8
1889368,5
1889455,21
1889494,5
1889501,42
1889627,5
1889707,6
1889711,17
1889778,22
1889787,9
1889823,5
1889839,15
1889917,5
1889943,17
1889976,18
1889988,9
1890096,7
1890097,11
1890163,6
1890170,9
1890187,6
1890354,9
1890381,13
1890382,440
1890388,12
1890486,175
1890507,8
1890572,16
1890647,9
1890682,11
1890688,9
1890705,27
1890724,10
1890772,11
1890810,16
1890845,11
1890873,7
1890903,17
1890942,12
1890959,28
1891007,10
1891034,5
1891038,6
1891090,14
1891108,10
1891145,6
1891186,7
1891200,17
1891216,6
1891246,9
1891278,9
1891399,19
1891471,35
1891512,5
1891571,5
1891572,11
1891673,11
1891679,34
1891698,14
1891733,6
1891747,7
1891764,8
1891765,7
1891773,6
1891823,6
1891834,7
1891851,6
1891861,13
1891937,58
1891951,10
1892002,19
1892008,16
1892026,9
1892044,7
1892058,6
1892062,13
1892064,118
1892071,14
1892111,8
1892117,6
1892123,6
1892137,19
1892165,10
1892195,24
1892214,6
1892217,5
1892268,5
1892367,9
1892384,6
1892412,6
1892415,27
1892433,16
1892449,5
1892515,13
1892522,1298
1892546,31
1892611,6
1892675,7
1892881,5
1892894,8
1892951,15
1892981,6
1893070,29
1893085,17
1893104,51
1893122,23
1893237,6
1893328,11
1893352,66
1893398,6
1893462,8
1893464,7
1893489,6
1893534,16
1893554,7
1893556,11
1893593,9
1893613,8
1893628,49
1893629,10
1893759,6
1893828,8
1893833,13
1893873,6
1893924,69
1893969,54
1894007,9
1894017,8
1894034,18
1894056,44
1894064,56
1894090,33
1894189,24
1894247,6
1894288,7
1894324,50
1894329,11
1894386,5
1894401,11
1894412,6
1894443,9
1894462,8
1894485,9
1894603,8
1894640,8
1894804,19
1894831,9
1894832,5
1894863,17
1894891,8
1894895,13
1894904,8
1894919,7
1894922,12
1894960,9
1894962,12
1895031,6
1895043,9
1895054,7
1895056,74
1895123,17
1895138,5
1895145,32
1895181,87
1895193,15
1895211,9
1895221,10
1895240,5
1895241,6
1895243,7
1895271,7
1895275,7
1895277,89
1895301,11
1895311,5
1895313,5
1895374,14
1895448,23
1895476,6
1895496,7
1895555,6
1895595,10
1895614,11
1895622,12
1895651,6
1895675,6
1895693,12
1895710,10
1895713,7
1895775,6
1895891,12
1895912,9
1895969,34
1895979,7
1896099,23
1896131,12
1896188,6
1896205,5
1896206,17
1896248,38
1896325,6
1896326,97
1896350,46
1896365,13
1896377,60
1896386,13
1896441,5
1896458,23
1896482,6
1896510,19
1896526,15
1896592,11
1896595,6
1896682,6
1896692,6
1896768,13
1896778,6
1896782,7
1896888,26
1896891,7
1896936,21
1896947,7
1897000,41
1897016,9
1897089,7
1897135,8
1897152,24
1897158,6
1897169,12
1897206,9
1897322,10
1897351,7
1897381,11
1897388,9
1897463,10
1897505,6
1897518,9
1897529,9
1897556,9
1897596,6
1897651,69
1897656,11
1897662,9
1897679,12
1897698,25
1897836,8
1897906,5
1897958,6
1897964,5
1898006,8
1898028,7
1898030,12
1898056,6
1898110,10
1898117,14
1898139,9
1898185,26
1898191,15
1898213,6
1898246,11
1898345,12
1898346,27
1898438,13
1898571,13
1898585,7
1898663,19
1898680,14
1898701,40
1898706,7
1898721,19
1898726,6
1898766,12
1898823,6
1898825,7
1898864,49
1898870,7
1898886,10
1898890,47
1898927,31
1899008,14
1899050,7
1899082,6
1899086,6
1899107,5
1899108,9
1899143,7
1899183,7
1899224,5
1899229,10
1899234,9
1899237,86
1899250,14
1899265,6
1899318,16
1899343,8
1899356,7
1899389,5
1899460,6
1899493,9
1899546,10
1899559,13
1899601,12
1899681,7
1899688,95
1899736,23
1899772,84
1899832,7
1899845,8
1899859,18
1899954,18
1899973,5
1899978,7
1900044,10
1900118,9
1900163,9
1900194,82
1900206,8
1900378,9
1900417,6
1900497,11
1900501,15
1900561,44
1900563,6
1900576,5
1900601,19
1900625,9
1900639,6
1900647,20
1900661,6
1900706,6
1900714,10
1900715,41
1900744,13
1900753,6
1900792,6
1900838,6
1900930,15
1900989,39
1901040,5
1901047,6
1901049,6
1901136,7
1901138,7
1901153,23
1901279,98
1901402,16
1901494,17313
1901507,7
1901508,8
1901535,6
1901557,6
1901580,6
1901608,14
1901715,9
1901729,10
1901793,9
1901827,11
1901847,9
1901860,6
1901865,50
1901891,8
1901928,10
1901976,30
1901994,7
1901997,6
1902028,7
1902109,17
1902127,8
1902134,12
1902181,8
1902273,16
1902327,5
1902360,7
1902399,22
1902415,35
1902423,12
1902512,8
1902533,9
1902542,21
1902547,24
1902548,6
1902556,9
1902598,7
1902639,8
1902678,10
1902682,12
1902694,14
1902718,9
1902764,7
1902790,6
1902832,18
1902840,9
1902961,9
1902970,6
1902972,7
1902978,20
1902999,12
1903006,18
1903013,5
1903061,7
1903115,9
1903128,14
1903136,8
1903159,8
1903205,7
1903220,13
1903227,5
1903277,6
1903344,12
1903354,20
1903448,5
1903465,6
1903491,6
1903515,8
1903546,40
1903596,6
1903599,13
1903663,30
1903667,41
1903676,22
1903686,132
1903715,210
1903721,8
1903723,38
1903746,6
1903811,9
1903837,7
1903842,8
1903862,10
1903938,6
1903998,8
1904021,6
1904073,9
1904102,56
1904173,38
1904194,9
1904195,7
1904240,94
1904327,7
1904342,128
1904376,8
1904417,9
1904420,14
1904422,10
1904448,20
1904510,41
1904584,29
1904612,5
1904634,5
1904650,33
1904706,8
1904708,18
1904765,10
1904770,9
1904773,7
1904786,8
1904787,197
1904791,6
1904819,9
1904820,16
1904849,15
1904868,7
1904907,9
1904952,10
1905053,10
1905124,10
1905167,10
1905204,11
1905242,5
1905243,109
1905249,39
1905255,9
1905264,11
1905321,7
1905329,13
1905338,5
1905339,5
1905343,7
1905368,5
1905373,6
1905383,10
1905390,9
1905437,30
1905458,9
1905520,12
1905521,9
1905591,6
1905628,6
1905670,6
1905691,9
1905711,29
1905752,10
1905757,11
1905783,54
1905795,7
1905841,16
1905884,12
1905953,15
1906028,29
1906075,6
1906098,13
1906163,6
1906230,42
1906246,7
1906248,26
1906250,7
1906283,6
1906306,358
1906358,9
1906368,11
1906388,6
1906440,6
1906441,6
1906470,6
1906475,8
1906504,9
1906516,8
1906541,7
1906586,6
1906619,23
1906660,9
1906670,10
1906692,20
1906832,14
1906890,46
1906907,8
1906922,10
1906927,25
1906928,36
1906968,12
1906985,7
1906994,10
1907007,9
1907019,8
1907075,8
1907131,6
1907134,8
1907144,17
1907194,18
1907254,51
1907312,13
1907356,9
1907428,7
1907441,9
1907458,9
1907518,6
1907604,6
1907644,8
1907667,290
1907668,14
1907671,12
1907706,6
1907741,6
1907908,5
1907911,9
1907996,10
1908007,34
1908011,28
1908016,7
1908048,8
1908082,17
1908101,12
1908111,6
1908112,7
1908164,31
1908226,5
1908236,10
1908240,6
1908265,64
1908314,6
1908357,8
1908385,11
1908387,98
1908392,52
1908397,7
1908503,10
1908587,6
1908618,7
1908663,26
1908699,11
1908703,7
1908723,6
1908792,8
1908823,39
1908829,7
1908852,9
1908900,18
1908902,8
1908912,10
1908954,9
1908974,9
1909071,5
1909085,8
1909096,8
1909104,10
1909170,22
1909187,33
1909232,12
1909313,19
1909339,31
1909341,5
1909346,65
1909359,6
1909387,6
1909388,6
1909390,13
1909405,30
1909421,6
1909428,7
1909430,6
1909455,10
1909456,7
1909500,16
1909544,8
1909557,10
1909580,35
1909593,13
1909640,57
1909659,9
1909676,36
1909689,18
1909695,8
1909701,8
1909734,21
1909805,6
1909864,12
1909939,5
1909954,7
1909993,31
1910013,21
1910053,16
1910108,11
1910163,8
1910168,6
1910210,6
1910225,20
1910254,12
1910299,6
1910311,8
1910329,805
1910398,66
1910415,5
1910418,116
1910421,7
1910435,9
1910460,28
1910461,19
1910462,13
1910503,8
1910516,6
1910569,7
1910608,16
1910646,9
1910650,8
1910698,40
1910699,6
1910730,19
1910742,6
1910755,22
1910771,17
1910772,6
1910773,14
1910855,7
1910859,9
1910890,22
1911005,5
1911045,9
1911060,15
1911083,5
1911150,85
1911235,35
1911247,9
1911267,11
1911336,23
1911417,7
1911427,43
1911517,7
1911567,12
1911569,7
1911583,7
1911606,8
1911655,7
1911667,25
1911683,9
1911689,10
1911691,7
1911772,11
1911845,8
1911871,49
1911954,16
1911977,14
1911983,9
1912030,7
1912088,7
1912115,8
1912126,9
1912127,112
1912130,7
1912172,28
1912209,7
1912220,5
1912302,27
1912330,1060
1912378,8
1912436,8
1912442,6
1912506,6
1912523,158
1912550,13
1912580,8
1912660,9
1912730,110
1912759,8
1912786,20
1912806,9
1912837,9
1912888,8
1912894,6
1912954,6
1912978,9
1913021,10
1913035,9
1913048,8
1913105,8
1913135,30
1913193,6
1913201,6
1913209,8
1913223,11
1913226,6
1913227,7
1913246,15
1913252,8
1913258,16
1913268,9
1913312,5
1913331,10
1913335,64
1913347,7
1913359,16
1913367,62
1913379,5
1913390,16
1913401,5
1913414,7
1913419,7
1913446,5
1913460,10
1913525,6
1913535,17
1913537,13
1913550,9
1913602,8
1913627,6
1913720,33
1913769,22
1913805,423
1913811,9
1913813,10
1913823,8
1913831,16
1913881,19
1914063,13
1914096,45
1914100,17
1914101,16
1914153,11
1914170,5
1914187,11
1914313,24
1914333,6
1914365,10
1914416,21
1914471,8
1914475,7
1914506,9
1914522,17
1914584,7
1914615,10
1914670,7
1914679,66
1914698,7
1914721,56
1914736,7
1914781,6
1914835,7
1914927,58
1914970,9
1914972,5
1914996,22
1915013,32
1915039,23
1915057,6
1915059,13
1915060,6
1915081,14
1915147,11
1915164,6
1915165,11
1915169,11
1915229,14
1915233,31
1915259,6
1915302,7
1915303,9
1915346,12
1915351,5
1915368,7
1915412,24
1915426,204
1915522,22
1915553,13
1915557,8
1915598,12
1915608,12
1915609,27
1915612,15
1915669,5
1915683,6
1915689,7
1915761,11
1915767,6
1915790,9
1915793,32
1915810,17
1915875,7
1915890,7
1915893,6
1915939,11
1915983,6
1915989,8
1916013,23
1916051,7
1916071,6
1916082,15
1916089,31
1916108,8
1916118,6
1916141,14
1916186,5
1916222,6
1916240,7
1916273,7
1916300,9
1916328,279
1916375,6
1916386,9
1916444,13
1916464,6
1916486,5
1916506,9
1916582,5
1916584,45
1916597,11
1916620,7
1916716,13
1916740,5
1916741,10
1916761,14
1916781,8
1916812,5
1916848,92
1916865,30
1916904,18
1916979,9
1916989,7
1917015,5
1917043,6
1917058,7
1917068,20
1917107,10
1917121,6
1917126,5
1917133,13
1917134,7
1917227,21
1917350,61
1917369,7
1917379,6
1917394,16
1917410,10
1917436,6
1917450,8
1917457,7
1917488,6
1917502,6
1917561,13
1917575,7
1917587,6
1917664,8
1917722,6
1917810,7
1917834,7
1917843,10
1917853,18
1917861,9
1917883,5
1917934,25
1917955,9
1917960,24
1917962,9
1917985,6
1917999,15
1918001,12
1918087,11
1918119,5
1918128,24
1918149,5
1918162,12
1918174,5
1918176,21
1918185,15
1918186,6
1918207,6
1918219,11
1918306,7
1918307,7
1918330,5
1918353,5
1918387,392
1918388,5
1918418,28
1918419,16
1918421,16
1918496,17
1918522,9
1918523,21
1918576,27
1918582,6
1918584,20
1918617,5
1918644,13
1918776,22
1918791,12
1918792,12
1918805,8
1918844,7
1918872,6
1918995,23
1918997,6
1919010,14
1919012,5
1919014,7
1919121,14
1919152,10
1919153,208
1919164,12
1919165,5
1919222,28
1919236,16
1919244,6
1919262,8
1919284,36
1919292,10
1919316,13
1919331,12
1919353,47
1919373,29
1919396,8
1919426,10
1919463,8
1919491,6
1919500,617
1919515,16
1919533,19
1919547,5
1919550,6
1919576,7
1919629,7
1919667,32
1919684,5
1919758,9
1919891,11
1919902,9
1920035,44
1920041,45
1920045,11
1920072,16
1920095,8
1920110,24
1920115,9
1920154,6
1920174,7
1920188,36
1920277,18
1920308,8
1920346,6
1920382,6
1920385,9
1920386,6
1920423,22
1920430,7
1920433,6
1920472,6
1920487,9
1920490,6
1920497,10
1920578,212
1920607,7
1920644,21
1920695,9
1920709,7
1920710,11
1920755,15
1920772,10
1920784,7
1920903,8
1920985,63
1920994,8
1920995,7
1920997,11
1921041,88
1921087,20
1921096,6
1921132,7
1921209,18
1921213,7
1921254,6
1921321,11
1921404,8
1921414,6
1921450,5
1921464,6
1921465,46
1921481,12
1921528,16
1921579,15
1921649,6
1921667,7
1921673,7
1921676,5
1921697,7
1921711,5
1921729,8
1921741,6
1921889,11
1921911,15
1921920,11
1921921,6
1921943,20
1921995,6
1922068,6
1922122,5
1922147,6
1922219,11
1922221,8
1922230,39
1922237,6
1922278,22
1922330,6
1922343,12
1922393,23
1922406,7
1922438,6
1922456,363
1922474,12
1922508,7
1922559,6
1922618,13
1922647,263
1922698,26
1922713,11
1922743,9
1922777,6
1922799,8
1922838,7
1922841,8
1922906,13
1922921,86
1922937,10
1923006,18
1923012,7
1923016,38
1923038,17
1923060,7
1923064,72
1923120,12
1923163,6
1923225,8
1923239,11
1923287,5
1923304,6
1923340,42
1923362,23
1923364,14
1923462,7
1923472,53
1923511,9
1923532,24
1923542,9
1923586,46
1923655,56
1923719,7
1923746,11
1923758,34
1923771,7
1923854,12
1923858,22
1923870,5
1923888,11
1923894,6
1923966,5
1924034,6
1924093,6
1924098,6
1924101,6
1924105,8
1924220,6
1924221,10
1924277,10
1924292,6
1924297,8
1924308,8
1924310,7
1924334,6
1924420,10
1924465,5
1924483,5
1924486,8
1924487,8
1924531,17
1924554,26
1924557,7
1924605,12
1924629,7
1924639,23
1924643,8
1924674,97
1924701,6
1924736,6
1924748,6
1924755,5
1924763,6
1924793,8
1924841,15
1924854,7
1924892,10
1924893,9
1924910,7
1925015,11
1925029,40
1925068,36
1925084,6
1925128,8
1925154,11
1925162,7
1925174,5
1925177,11
1925182,5
1925233,5
1925234,44
1925250,9
1925281,11
1925286,6
1925289,7
1925312,29
1925322,7
1925360,12
1925408,6
1925466,7
1925522,10
1925575,18
1925629,10
1925649,28
1925760,11
1925824,39
1925839,7
1925875,6
1925906,30
1925907,6
1925917,5
1925931,6
1925935,16
1925936,140
1925957,13
1925982,6
1925997,9
1926001,8
1926064,17
1926093,11
1926117,7
1926123,18
1926140,7
1926141,31
1926177,10
1926217,14
1926227,5
1926243,5
1926284,62
1926286,32
1926304,8
1926330,8
1926337,8
1926344,11
1926346,7
1926379,7
1926382,6
1926398,7
1926425,6
1926435,25
1926443,21
1926448,9
1926510,6
1926511,17
1926590,7
1926623,16
1926679,8
1926707,8
1926722,7
1926734,26
1926737,20
1926741,44
1926747,6
1926748,7
1926757,15
1926762,6
1926777,6
1926786,48
1926789,11
1926793,10
1926837,16
1926842,9
1926843,7
1926857,12
1926990,12
1927008,7
1927051,5
1927064,22
1927096,7
1927135,7
1927231,10
1927246,5
1927258,7
1927265,16
1927274,13
1927285,10
1927290,5
1927299,11
1927310,11
1927355,6
1927362,37
1927401,10
1927413,5
1927425,6
1927431,12
1927500,15
1927548,7
1927553,14
1927556,53
1927592,133
1927619,10
1927629,11
1927651,14
1927667,19
1927677,13
1927679,26
1927726,15
1927729,5
1927738,8
1927739,20
1927740,8
1927762,6
1927810,5
1927845,5
1927851,6
1927866,8
1927914,6
1927940,5
1927951,68
1927956,8
1927971,7
1928015,11
1928016,37
1928026,23
1928030,10
1928035,5
1928079,40
1928129,6
1928151,6
1928193,18
1928194,14
1928223,9
1928317,10
1928345,6
1928351,9
1928372,37
1928420,8
1928442,7
1928472,23
1928492,20
1928550,24
1928579,6
1928595,7
1928624,8
1928630,16
1928647,6
1928701,6
1928740,66
1928743,35
1928785,7
1928799,7
1928810,6
1928814,6
1928865,6
1928877,9
1928898,7
1928979,15
1929016,7
1929019,188
1929039,28
1929106,9
1929215,35
1929237,6
1929425,40
1929433,6
1929437,33
1929476,33
1929486,8
1929499,17
1929505,9
1929542,9
1929596,7
1929616,22
1929620,8
1929654,10
1929658,9
1929664,11
1929702,42
1929703,8
1929730,13
1929761,15
1929775,10
1929780,6
1929858,7
1929867,39
1929891,7
1929897,5
1929910,7
1929946,5
1929953,9
1929969,17
1929997,19
1930016,9
1930041,9
1930063,7
1930111,23
1930116,6
1930151,7
1930172,8
1930173,5
1930214,5
1930215,9
1930217,9
1930218,9
1930224,5
1930296,8
1930316,6
1930334,14
1930346,5
1930347,6
1930395,9
1930406,17
1930412,11
1930488,7
1930501,6
1930647,7
1930669,6
1930671,9
1930672,8
1930681,12
1930722,92
1930750,6
1930763,18
1930838,14
1930987,13
1931027,18
1931032,9
1931118,47
1931158,9
1931162,10
1931171,12
1931209,10
1931256,5
1931346,10
1931376,11
1931416,32
1931477,7
1931551,11
1931563,9
1931587,7
1931588,7
1931596,6
1931656,42
1931674,6
1931690,20
1931691,6
1931724,29
1931725,6
1931758,6
1931783,8
1931830,6
1931866,7
1931883,46
1931888,6
1931905,10
1931991,39
1932067,5
1932069,249
1932090,5
1932105,5
1932136,27
1932165,5
1932266,12
1932316,11
1932349,583
1932350,9
1932381,20
1932428,7
1932451,6
1932471,26
1932479,6
1932564,259
1932593,6
1932594,9
1932631,141
1932712,12
1932723,14
1932750,7
1932762,12
1932783,118
1932794,18
1932844,6
1932893,18
1932901,13
1932927,6
1932935,8
1932947,48
1932957,6
1932960,7
1932967,9
1932972,13
1933026,7
1933027,6
1933033,6
1933197,10
1933233,13
1933265,13
1933271,8
1933296,6
1933301,5
1933333,24
1933337,9
1933388,6
1933410,5
1933418,6
1933432,8
1933491,30
1933528,9
1933548,15
1933567,13
1933580,8
1933604,5
1933636,5
1933639,8
1933661,6
1933678,7
1933695,24
1933713,52
1933736,12
1933781,19
1933790,8
1933853,6
1933866,7
1933879,9
1933933,8
1933958,21
1933967,11
1933987,24
1933994,14
1934014,18
1934041,6
1934043,14
1934074,7
1934119,27
1934172,10
1934221,6
1934226,6
1934257,7
1934292,6
1934295,5
1934358,16
1934455,60
1934467,44
1934485,10
1934662,6
1934704,7
1934708,21
1934761,5
1934819,8
1934846,6
1934879,39
1934882,499
1934938,5
1934944,63
1934950,10
1935042,5
1935066,7
1935080,8
1935136,5
1935156,23
1935158,5
1935213,35
1935248,12
1935289,99
1935360,8
1935376,9
1935401,7
1935410,7
1935418,18
1935431,12
1935578,6
1935581,6
1935622,21
1935685,7
1935778,7
1935785,21
1935826,5
1935893,8
1935918,16
1935931,7
1935966,10
1936059,6
1936080,17
1936124,7
1936179,12
1936196,72
1936243,7
1936251,18
1936255,6
1936269,51
1936359,22
1936370,8
1936391,54
1936418,6
1936439,9
1936490,22
1936521,6
1936545,9
1936549,6
1936552,35
1936562,26
1936648,30
1936695,6
1936742,7
1936769,6
1936846,5
1936891,18
1936919,14
1936923,13
1936940,19
1936973,6
1936975,45
1936996,21
1937016,7
1937039,8
1937050,49
1937055,5
1937087,1266
1937096,8
1937117,12
1937139,20
1937142,6
1937185,583
1937186,5
1937193,6
1937216,6
1937328,6
1937335,8
1937342,9
1937398,8
1937413,118
1937473,15
1937481,19
1937560,10
1937566,91
1937575,7
1937616,8
1937660,7
1937691,23
1937692,8
1937693,18
1937734,5
1937751,7
1937777,8
1937789,141
1937829,6
1937945,8
1937950,12
1937968,6
1937978,14
1937991,15
1938001,37
1938007,15
1938026,10
1938084,11
1938120,5
1938172,8
1938225,6
1938233,5
1938265,330
1938271,9
1938354,6
1938371,45
1938384,11
1938385,18
1938413,29
1938454,18
1938468,10
1938503,6
1938534,5
1938578,5
1938624,7
1938625,90
1938626,402
1938630,18
1938632,6
1938653,19
1938716,187
1938733,7
1938770,9
1938801,14
1938839,6
1938845,16
1938862,267
1938868,8
1938872,6
1938987,8
1939037,13
1939068,11
1939078,5
1939111,22
1939121,6
1939122,9
1939176,8
1939179,1887
1939278,20
1939279,23
1939280,23
1939336,9
1939357,7
1939379,16
1939413,6
1939479,7
1939535,63
1939553,18
1939668,6
1939671,5
1939684,7
1939686,36
1939699,8
1939730,7
1939749,14
1939769,27
1939838,38
1939844,6
1939882,15
1939980,5
1939981,11
1939986,6
1940004,10
1940019,10
1940038,13
1940113,7
1940158,20
1940163,38
1940190,15
1940216,70
1940236,5
1940239,10
1940256,9
1940297,7
1940311,12
1940318,7
1940336,38
1940337,9
1940413,10
1940422,32
1940424,11
1940441,7
1940450,5
1940514,14
1940640,10
1940657,7
1940675,9
1940720,7
1940733,61
1940737,8
1940774,80
1940779,211
1940795,6
1940830,9
1940840,67
1940907,18
1940953,6
1940970,8
1941009,16
1941044,20
1941048,10
1941051,14
1941059,6
1941080,5
1941111,7
1941131,8
1941147,5
1941152,10
1941165,6
1941175,27
1941176,5
1941251,10
1941259,6
1941338,77
1941370,6
1941374,5
1941383,30
1941386,15
1941451,11
1941454,13
1941480,6
1941495,6
1941499,10
1941580,7
1941761,10
1941763,27
1941773,12
1941795,6
1941832,5
1941856,13
1941865,5
1941939,9
1941955,22
1941978,35
1941979,25
1942049,7
1942050,165
1942108,17
1942118,7
1942151,5
1942177,5
1942180,7
1942232,9
1942233,48
1942256,7
1942257,69
1942259,10
1942262,24
1942304,18
1942326,10
1942522,75
1942531,7
1942560,6
1942574,11
1942593,6
1942598,6
1942609,6
1942651,11
1942708,9
1942743,21
1942779,8
1942814,15
1942816,24
1942868,8
1942899,6
1942909,5
1942960,8
1942981,5
1942998,16
1943010,7
1943028,6
1943061,8
1943069,19
1943084,5
1943104,58
1943173,504
1943227,8
1943409,9
1943483,7
1943503,6
1943518,7
1943541,6
1943568,2195
1943613,6
1943619,5
1943632,6
1943699,6
1943748,6
1943766,8
1943789,10
1943805,8
1943813,6
1943877,7
1943900,20
1943919,9
1943929,5
1943965,12
1943993,6
1944050,15
1944083,6
1944098,9
1944109,10
1944150,12
1944196,6
1944204,9
1944274,32
1944289,14
1944311,21
1944316,7
1944338,13
1944343,11
1944347,7
1944395,6
1944455,10
1944461,16
1944465,9
1944469,22
1944516,6
1944533,7
1944573,7
1944621,6
1944671,8
1944696,7
1944743,18
1944847,24
1944849,9
1944859,160
1944907,26
1944937,9
1944950,15
1944967,13
1944997,7
1944998,16
1945029,12
1945038,12
1945095,11
1945140,46
1945151,14
1945249,11
1945499,11
1945538,7
1945588,6
1945607,15
1945617,5
1945656,12
1945699,909
1945704,47
1945725,7
1945750,14
1945792,1499
1945795,10
1945827,9
1945850,6
1945902,9
1945919,26
1946008,30
1946121,9
1946133,56
1946137,6
1946144,9
1946171,6
1946198,18
1946239,25
1946254,6
1946272,20
1946289,5
1946306,7
1946308,1455
1946383,8
1946385,6
1946519,18
1946525,7
1946531,12
1946536,10
1946551,7
1946555,11
1946563,12
1946621,7
1946630,31
1946679,6
1946680,8
1946716,7
1946743,6
1946759,61
1946806,28
1946827,5
1946831,11
1946908,6
1946942,6
1946969,6
1946979,10
1947022,7
1947104,34
1947213,15
1947217,5
1947225,259
1947232,6
1947239,7
1947313,6
1947323,29
1947364,34
1947378,6
1947431,94
1947589,9
1947592,9
1947621,6
1947626,7
1947699,9
1947760,25
1947761,7
1947813,109
1947859,19
1947892,8
1947909,12
1947937,8
1947947,10
1947950,7
1947968,5
1947972,21
1947975,5
1947980,5
1947988,9
1947992,10
1948036,10
1948080,10
1948082,22
1948119,12
1948129,17
1948131,7
1948136,27
1948141,16
1948304,14
1948376,67
1948404,13
1948407,51
1948408,12
1948414,9
1948450,12
1948524,12
1948538,5
1948636,31
1948709,5
1948715,6
1948749,21
1948753,25
1948763,8
1948766,6
1948821,11
1948824,11
1948945,97
1948976,7
1948989,6
1949014,15
1949059,6
1949116,21
1949133,35
1949144,12
1949153,5
1949188,8
1949194,6
1949199,6
1949261,9
1949264,12
1949371,5
1949385,6
1949387,7
1949393,5
1949394,5
1949456,6
1949469,7
1949515,232
1949524,34
1949534,6
1949672,39
1949687,31
1949722,6
1949763,10
1949833,76
1949883,7
1949892,11
1949898,5
1949967,14
1949968,67
1950000,12
1950001,6
1950094,14
1950109,7
1950183,10
1950188,5
1950225,6
1950299,29
1950309,7
1950334,6
1950345,9
1950346,7
1950431,6
1950497,77
1950543,121
1950558,16
1950582,36
1950621,6
1950656,15
1950686,13
1950710,7
1950838,6
1950907,8
1950942,10
1950997,22
1950999,9
1951014,6
1951060,6
1951066,6
1951118,10
1951128,6
1951186,6
1951234,11
1951247,39
1951248,5
1951254,12
1951255,8
1951256,28
1951276,10
1951303,18
1951311,7
1951336,8
1951403,33
1951421,59
1951521,15
1951584,6
1951637,13
1951671,6
1951676,66
1951690,5
1951760,11
1951781,32
1951873,59
1951908,7
1951944,5
1951982,12
1952008,6
1952065,10
1952076,20
1952108,2163
1952172,7
1952193,7
1952280,10
1952340,16
1952361,8
1952449,6
1952459,6
1952460,14
1952467,5
1952472,6
1952491,14
1952493,60
1952512,12
1952534,8
1952548,28
1952559,252
1952609,8
1952643,11
1952646,19
1952673,11
1952766,6
1952835,62
1952914,13
1952921,6
1953033,253
1953078,23
1953119,7
1953126,8
1953135,14
1953184,9
1953187,9
1953226,46
1953250,7
1953344,5
1953351,8
1953353,7
1953363,20
1953373,5
1953385,7
1953386,6
1953430,73
1953522,153
1953533,5
1953538,112
1953540,108
1953551,5
1953564,22
1953618,103
1953621,7
1953647,26
1953729,23
1953734,9
1953758,71
1953759,8
1953762,19
1953764,6
1953774,6
1953906,6
1953908,8
1953923,8
1953966,6
1953987,68
1953996,14
1954004,6
1954026,13
1954032,9
1954085,8
1954123,5
1954174,10
1954188,6
1954201,5
1954244,14
1954246,10
1954257,7
1954272,6
1954307,12
1954396,9
1954419,35
1954495,18
1954522,37
1954529,7
1954541,22
1954543,5
1954590,7
1954695,47
1954698,10
1954699,81
1954724,13
1954726,9
1954761,7
1954766,7
1954798,459
1954807,7
1954812,403
1954830,8
1954846,7
1954875,9
1954901,10
1954927,8
1954993,7
1955053,6
1955065,9
1955077,37
1955122,12
1955154,11
1955203,20
1955279,7
1955325,17
1955337,32
1955349,6
1955388,19
1955389,9
1955394,46
1955401,28
1955404,14
1955405,14
1955430,9
1955443,13
1955450,10
1955526,6
1955544,6
1955548,46
1955566,9
1955579,6
1955609,6
1955671,7
1955686,6
1955698,10
1955705,9
1955724,6
1955762,6
1955763,8
1955775,20
1955829,17
1955899,5
1955915,9
1955917,7
1955927,6
1955942,16
1955959,5
1955974,11
1956045,6
1956046,13
1956069,14
1956093,5
1956126,9
1956131,21
1956163,25
1956164,9
1956180,7
1956190,17
1956223,5
1956231,8
1956386,7
1956433,7
1956444,83
1956445,29
1956446,6
1956498,5
1956556,8
1956581,179
1956584,10
1956608,12
1956609,58
1956678,5
1956705,14
1956725,10
1956746,7
1956822,17
1956833,5
1956848,33
1956861,12
1956889,12
1956936,29
1956937,10
1956998,20
1957159,9
1957170,9
1957193,5
1957200,19
1957238,6
1957259,17
1957292,6
1957315,22
1957401,14
1957428,6
1957471,56
1957614,10
1957626,10
1957743,11
1957746,164
1957757,11
1957840,5
1957842,11
1957855,12
1957899,17
1958042,6
1958070,5
1958080,12
1958248,5
1958292,6
1958377,35
1958414,11
1958473,6
1958480,6
1958571,24
1958580,11
1958596,7
1958614,6
1958643,6
1958660,9
1958664,10
1958677,7
1958714,6
1958718,8
1958790,7
1958835,8
1958848,6
1958858,11
1958880,7
1958940,10
1959008,63
1959059,8
1959094,6
1959104,147
1959146,27
1959159,6
1959161,8
1959165,7
1959193,217
1959220,8
1959376,5
1959377,6
1959382,52
1959396,7
1959404,9
1959436,16
1959447,11
1959497,7
1959498,5
1959538,22
1959581,9
1959624,6
1959625,7
1959630,7
1959657,11
1959687,7
1959704,7
1959707,7
1959717,15
1959758,51
1959809,6
1959842,9
1959849,20
1959888,105
1959924,7
1959933,6
1959955,6
1959976,10
1960022,6
1960070,12
1960080,6
1960109,39
1960129,12
1960172,6
1960184,5
1960196,6
1960214,20
1960236,8
1960241,5
1960286,8
1960390,23
1960427,5
1960561,12
1960564,42
1960633,30
1960654,20
1960674,7
1960679,6
1960719,12
1960753,5
1960779,43
1960828,16
1960844,9
1960857,7
1960878,45
1960885,7
1960940,75
1961007,15
1961014,9
1961063,11
1961090,5
1961117,7
1961153,21
1961162,12
1961181,14
1961203,13
1961249,8
1961298,39
1961339,9
1961357,5
1961360,7
1961403,12
1961421,5
1961422,17
1961436,8
1961446,6
1961456,6
1961480,96
1961503,25
1961607,7
1961652,13
1961686,29
1961720,35
1961738,11
1961767,7
1961773,48
1961792,6
1961809,5
1961812,9
1961816,6
1961877,16
1961971,6
1962092,167
1962114,16
1962129,25
1962155,8
1962222,131
1962234,10
1962281,11
1962379,7
1962395,6
1962399,5
1962403,5
1962484,8
1962520,10
1962566,16
1962645,12
1962649,7
1962712,117
1962713,6
1962786,7
1962834,20
1962843,5
1962857,6
1962878,12
1962900,5
1962917,7
1962929,8
1963010,5
1963024,13
1963072,7
1963160,11
1963161,9
1963237,8
1963266,15
1963293,15
1963294,11
1963312,15
1963321,195
1963345,16
1963348,13
1963378,8
1963430,6
1963435,15
1963443,12
1963469,5
1963538,6
1963555,7
1963594,15
1963600,6
1963618,8
1963670,11
1963679,77
1963681,10
1963689,7
1963697,7
1963792,5
1963799,14
1963812,6
1963866,48
1963891,5
1963903,8
1963939,7
1963959,14
1963966,7
1963979,11
1963995,8
1963998,31
1964013,7
1964098,6
1964135,24
1964144,5
1964158,16
1964220,6
1964229,6
1964232,7
1964279,16
1964315,10
1964341,2132
1964352,11
1964403,9
1964405,5
1964419,19
1964430,6
1964438,21
1964499,61
1964512,103
1964565,5
1964582,8
1964589,41
1964735,13
1964792,6
1964793,6
1964843,6
1964864,6
1964871,6
1964872,20
1964892,8
1964903,9
1964931,7
1964941,10
1964966,8
1964986,6
1965041,5
1965068,17
1965101,18
1965160,7
1965193,7
1965241,36
1965243,7
1965276,5
1965418,7
1965453,70
1965488,47
1965499,6
1965569,9
1965591,6
1965615,327
1965617,25
1965629,6
1965641,29
1965668,5
1965699,7
1965712,6
1965716,9
1965729,13
1965738,32
1965739,11
1965745,104
1965756,1375
1965795,17
1965804,7
1965822,9
1965866,7
1965912,7
1965925,11
1965933,14
1965981,11
1965982,6
1965988,72
1965992,5
1966010,8
1966019,49
1966035,436
1966051,8
1966055,6
1966088,15
1966090,5
1966103,6
1966152,13
1966192,25
1966222,25
1966277,7
1966294,35
1966361,154
1966367,8
1966375,15
1966403,6
1966413,7
1966416,10
1966450,7
1966471,10
1966475,18
1966491,5
1966565,6
1966598,8
1966599,22
1966625,14
1966704,7
1966717,57
1966737,7
1966764,5
1966785,10
1966885,8
1966916,45
1966976,6
1966990,6
1967045,7
1967048,6
1967108,8
1967156,8
1967226,8
1967234,7
1967254,138
1967294,5
1967335,10
1967369,9
1967398,14
1967431,15
1967504,6
1967521,12
1967558,7
1967559,6
1967627,9
1967658,8
1967677,16
1967682,19
1967719,8
1967739,5
1967743,12
1967758,5
1967764,28
1967788,7
1967821,7
1967856,160
1967883,5
1967893,7
1967928,17
1968005,9
1968039,14
1968048,29
1968159,10
1968166,19
1968194,6
1968209,5
1968237,5
1968258,6
1968265,7
1968268,6
1968307,8
1968329,15
1968335,6
1968346,14
1968351,121
1968356,7
1968405,120
1968406,10
1968421,19
1968425,13
1968459,12
1968491,12
1968500,5
1968503,7
1968550,7
1968682,15
1968691,6
1968702,8
1968747,6
1968752,10
1968772,33
1968884,7
1968889,98
1968892,10
1968926,6
1968927,8
1968973,12
1969097,31
1969172,12
1969173,136
1969181,9
1969202,1226
1969214,10
1969217,6
1969226,11
1969252,6
1969260,52
1969266,6
1969271,39
1969282,10
1969314,9
1969317,690
1969396,9
1969408,7
1969440,9
1969482,12
1969531,773
1969532,8
1969533,8
1969542,8
1969577,8
1969582,6
1969589,16
1969595,6
1969645,8
1969748,7
1969798,34
1969802,7
1969816,54
1969819,11
1969825,8
1969871,20
1969873,20
1969903,14
1969936,7
1969998,9
1970028,5
1970045,206
1970070,6
1970079,22
1970112,6
1970133,11
1970178,13
1970203,7
1970227,17
1970240,61
1970242,21
1970245,10
1970264,29
1970287,8
1970306,8
1970323,6
1970342,52
1970362,20
1970421,5
1970456,31
1970481,8
1970492,30
1970509,8
1970526,13
1970542,5
1970547,18
1970591,8
1970594,8
1970613,9
1970616,21
1970635,6
1970715,27
1970766,5
1970778,6
1970784,9
1970793,25
1970873,7
1970881,23
1970919,6
1970938,8
1970955,6
1970984,14
1970991,8
1970992,6
1970999,12
1971009,9
1971101,8
1971124,21
1971171,24
1971247,5
1971273,9
1971278,8
1971363,10
1971506,14
1971511,11
1971555,10
1971567,11
1971589,20
1971645,80
1971648,8
1971664,7
1971682,34
1971684,6
1971707,7
1971739,5
1971807,5
1971833,34
1971835,12
1971836,8
1971841,6
1971907,43
1971922,10
1971972,7
1972011,5
1972051,6
1972056,8
1972076,9
1972201,41
1972209,7
1972214,5
1972256,10
1972276,23
1972326,7
1972342,7
1972402,13
1972463,40
1972480,5
1972498,6
1972507,6
1972521,6
1972559,11
1972579,9
1972592,14
1972622,6
1972632,14
1972661,7
1972674,27
1972694,13
1972697,12
1972726,12
1972742,16
1972744,8
1972761,9
1972779,17
1972784,28
1972798,5
1972827,21
1972838,9
1972854,15
1972868,12
1972982,18
1973071,11
1973079,32
1973100,7
1973235,35
1973298,8
1973301,6
1973312,6
1973330,12
1973331,31
1973333,7
1973345,97
1973365,19
1973388,9
1973394,8
1973433,249
1973473,7
1973543,20
1973581,9
1973600,5
1973637,18
1973639,32
1973656,10
1973716,6
1973722,20
1973747,12
1973753,27
1973779,15
1973951,17
1973981,11
1973991,68
1974042,209
1974050,5
1974059,10
1974079,6
1974085,7
1974092,8
1974156,10
1974221,6
1974247,6
1974285,6
1974351,6
1974376,7
1974396,12
1974427,22
1974435,178
1974445,13
1974448,10
1974494,12
1974509,26
1974519,5
1974547,7
1974550,12
1974595,46
1974631,6
1974632,15
1974687,17
1974952,40
1974980,8
1974986,9
1975031,6
1975072,61
1975123,9
1975170,41
1975183,7
1975189,27
1975192,8
1975232,9
1975289,12
1975306,8
1975313,6
1975335,5
1975350,10
1975363,6
1975371,48
1975396,5
1975411,15
1975439,11
1975493,9
1975511,11
1975515,15
1975556,6
1975642,7
1975664,16
1975705,5
1975740,8
1975758,11
1975784,8
1975789,7
1975795,7
1975821,10
1975833,5
1975947,6
1975951,9
1976032,14
1976048,6
1976059,13
1976169,13
1976188,14
1976191,10
1976194,6
1976220,6
1976258,10
1976265,12
1976272,6
1976387,9
1976395,6
1976404,83
1976413,18
1976494,8
1976498,14
1976505,6
1976527,18
1976631,7
1976648,6
1976659,37
1976722,28
1976891,9
1976932,13
1976935,11
1976990,7
1977010,9
1977011,57
1977021,36
1977035,8
1977055,6
1977058,22
1977146,19
1977147,20
1977159,5
1977165,5
1977170,18
1977263,7
1977292,6
1977310,9
1977358,14
1977387,10
1977396,8
1977499,6
1977501,5
1977512,50
1977604,7
1977636,15
1977672,8
1977699,6
1977731,5
1977737,6
1977748,21
1977758,8
1977830,11
1977832,21
1977848,11
1977906,6
1978053,6
1978074,11
1978082,5
1978125,38
1978138,18
1978154,11
1978155,10
1978192,5
1978200,15
1978220,14
1978221,11
1978252,70
1978260,10
1978264,8
1978334,56
1978345,140
1978346,77
1978423,16
1978503,6
1978519,5
1978534,20
1978654,32
1978655,16
1978683,10
1978737,6
1978767,9
1978773,5
1978800,8
1978826,10
1978845,17
1978852,196
1978882,9
1978948,24
1978959,5
1979039,5
1979054,8
1979067,225
1979085,25
1979089,8
1979137,5
1979157,8
1979169,35
1979179,20
1979258,11
1979294,8
1979301,9
1979305,22
1979408,7
1979448,14
1979472,21
1979492,5
1979511,5
1979522,27
1979553,19
1979604,17
1979627,9
1979699,21
1979721,19
1979748,6
1979763,45
1979769,5
1979779,14
1979950,6
1979953,6
1980001,47
1980045,7
1980061,21
1980066,6
1980168,33
1980180,5
1980197,10
1980210,18
1980220,42
1980229,7
1980304,8
1980405,14
1980408,8
1980416,8
1980469,9
1980500,541
1980509,5
1980512,5
1980521,11
1980557,58
1980566,41
1980676,35
1980701,7
1980743,26
1980778,9
1980878,8
1980946,6
1980972,7
1981010,11
1981011,10
1981014,5
1981072,143
1981136,6
1981151,6
1981175,7
1981176,43
1981184,15
1981216,9
1981218,9
1981222,12
1981248,6
1981363,38
1981429,9
1981463,9
1981470,10
1981490,10
1981511,5
1981590,6
1981729,13
1981759,8
1981821,7
1981890,10
1981891,5
1981937,7
1981953,8
1981979,88
1982014,9
1982030,6
1982032,20
1982101,9
1982120,6
1982155,91
1982161,15
1982200,7
1982210,10
1982234,6
1982238,7
1982245,14
1982300,9
1982305,6
1982325,24
1982350,1072
1982360,6
1982408,10
1982469,249
1982496,19
1982512,11
1982555,27
1982584,17
1982617,111
1982626,7
1982631,30
1982686,6
1982736,6
1982759,9
1982815,7
1982816,11
1982819,10
1982935,7
1982938,76
1982963,8
1982970,700
1983013,16
1983029,17
1983037,6
1983049,80
1983063,7
1983068,37
1983146,7
1983148,6
1983172,16
1983177,5
1983256,38
1983258,7
1983281,15
1983334,11
1983413,8
1983415,5
1983417,6
1983466,6
1983485,9
1983560,6
1983572,6
1983594,17
1983616,30
1983674,11
1983688,10
1983711,6
1983764,25
1983765,7
1983771,457
1983795,10
1983799,6
1983837,8
1983914,8
1983954,11
1984036,9
1984088,23
1984093,16
1984109,5
1984296,8
1984307,5
1984311,5
1984435,6
1984469,20
1984476,16
1984486,6
1984494,6
1984517,8
1984538,29
1984568,15
1984605,29
1984622,43
1984626,12
1984630,23
1984635,9
1984676,13
1984677,47
1984688,24
1984692,9
1984758,28
1984815,5
1984844,12
1984846,234
1984932,17
1984950,6
1984951,6
1984954,6
1984956,6
1984962,39
1984982,20
1985020,8
1985035,76
1985125,7
1985129,13
1985158,23
1985192,8
1985263,24
1985275,7
1985285,18
1985304,12
1985354,8
1985466,15
1985520,6
1985526,30
1985536,10
1985544,7
1985577,7
1985585,7
1985668,5
1985686,22
1985721,7
1985739,9
1985756,5
1985783,10
1985818,7
1985833,6
1985875,10
1985876,8
1985882,8
1985889,10
1985916,7
1985937,7
1985979,6
1986005,8
1986037,28
1986089,6
1986111,6
1986113,71
1986125,131
1986143,9
1986214,6
1986299,81
1986303,19
1986341,13
1986357,6
1986402,6
1986458,9
1986496,37
1986501,41
1986502,54
1986523,15
1986560,11
1986619,5
1986627,27
1986683,6
1986706,5
1986757,239
1986825,24
1986853,25
1986864,11
1986872,7
1986886,6
1986912,14
1986983,29
1986984,6
1987032,7
1987055,6
1987078,6
1987095,10
1987096,11
1987109,96
1987118,6
1987125,10
1987152,18
1987177,6
1987190,11
1987194,6
1987238,10
1987256,7
1987300,6
1987337,115
1987356,7
1987358,8
1987361,6
1987388,5
1987389,11
1987422,8
1987423,34
1987466,274
1987481,29
1987486,6
1987496,19
1987503,8
1987512,6
1987539,16
1987565,48
1987584,6
1987631,153
1987632,6
1987854,8
1987883,10
1987911,6
1987948,9
1987968,12
1987972,6
1987990,9
1988033,6
1988060,1662
1988082,8
1988091,30
1988097,14
1988119,8
1988135,38
1988161,6
1988266,10
1988342,5
1988384,9
1988412,7
1988422,9
1988486,8
1988543,17
1988595,8
1988598,6
1988605,9
1988668,16
1988710,35
1988735,5
1988789,7
1988832,8
1988917,6
1988924,27
1988945,9
1988960,6
1988998,7
1989027,7
1989095,13
1989111,6
1989133,13
1989137,8
1989157,12
1989236,7
1989272,9
1989323,11
1989325,6
1989362,6
1989393,19
1989437,14
1989476,9
1989495,7
1989551,49
1989576,6
1989610,12
1989738,156
1989753,20
1989820,15
1989852,62
1989887,15
1989932,19
1990025,8
1990026,13
1990036,10
1990086,7
1990122,6
1990140,14
1990159,5
1990163,17
1990215,8
1990262,5
1990272,16
1990281,100
1990298,31
1990303,10
1990329,36
1990337,35
1990390,9
1990432,6
1990445,8
1990462,6
1990476,9
1990495,15
1990503,7
1990570,87
1990604,12
1990700,86
1990703,10
1990705,58
1990708,8
1990726,55
1990735,3101
1990758,35
1990772,9
1990797,12
1990834,5
1990880,10
1990937,56
1990982,17
1991037,15
1991073,8
1991098,8
1991102,7
1991133,29
1991160,7
1991212,22
1991217,5
1991230,8
1991245,27
1991252,98
1991279,10
1991392,13
1991401,5
1991409,24
1991457,7
1991473,6
1991491,6
1991495,19
1991504,11
1991516,9
1991553,26
1991630,8
1991659,48
1991698,162
1991701,22
1991733,5
1991739,6
1991757,26
1991786,10
1991811,123
1991974,6
1992002,34
1992024,20
1992036,9
1992084,6
1992134,5
1992135,7
1992182,23
1992200,8
1992212,8
1992304,95
1992323,23
1992327,6
1992345,6
1992357,18
1992430,20
1992439,8
1992449,7
1992485,11
1992486,7
1992493,21
1992517,7
1992571,22
1992600,6
1992614,8
1992616,11
1992625,154
1992648,9
1992675,19
1992693,11
1992730,7
1992772,6
1992802,5
1992832,7
1992839,5
1992843,9
1992866,110
1992874,10
1992941,53
1992946,91
1992959,8
1992972,6
1993017,9
1993045,8
1993047,23
1993079,10
1993137,70
1993158,20
1993177,5
1993185,26
1993245,17
1993263,5
1993264,6
1993283,6
1993299,17
1993309,15
1993322,17
1993351,20
1993354,9
1993395,7
1993396,6
1993397,37
1993400,8
1993435,10
1993469,6
1993616,12
1993699,33
1993711,28
1993744,7
1993748,6
1993750,32
1993926,6
1993940,22
1993955,32
1993956,26
1993980,6
1993993,22
1993994,9
1994020,8
1994046,8
1994083,5
1994088,6
1994102,9
1994105,6
1994116,9
1994175,6
1994219,10
1994235,6
1994240,10
1994243,8
1994284,7
1994297,36
1994298,5
1994309,181
1994314,24
1994360,47
1994370,221
1994380,6
1994419,6
1994433,14
1994436,7
1994462,9
1994463,6
1994539,9
1994561,6
1994565,26
1994574,7
1994577,9
1994633,7
1994646,18
1994691,64
1994726,12
1994747,6
1994830,20
1994914,30
1994937,7
1994982,7
1995033,14
1995051,81
1995079,29
1995086,9
1995089,22
1995101,46
1995162,5
1995236,46
1995243,9
1995268,7
1995297,8
1995313,20
1995354,17
1995356,8
1995401,75
1995444,6
1995445,5
1995465,7
1995471,7
1995498,24
1995624,11
1995650,7
1995703,97
1995708,6
1995823,8
1995848,12
1995856,11
1996011,9
1996035,95
1996090,46
1996141,23
1996142,7
1996191,16
1996213,16
1996220,14
1996289,7
1996323,7
1996425,73
1996521,76
1996529,17
1996538,12
1996539,41
1996554,9
1996560,6
1996612,15
1996620,11
1996710,97
1996731,5
1996773,10
1996846,11
1996917,13
1996921,17
1996940,11
1996953,8
1997035,6
1997048,12
1997053,5
1997054,10
1997082,7
1997088,21
1997096,35
1997140,6
1997157,12
1997205,5
1997224,26
1997283,14
1997297,13
1997429,19
1997437,14
1997489,8
1997496,6
1997501,13
1997508,5
1997511,8
1997556,9
1997558,6
1997629,14
1997635,12
1997678,11
1997733,12
1997865,17
1997878,14
1997885,18
1997894,6
1997922,6
1997936,8
1997950,7
1998057,14
1998092,14
1998100,6
1998125,32
1998145,9
1998223,18
1998228,14
1998266,9
1998307,7
1998326,15
1998390,6
1998395,9
1998404,15
1998477,36
1998507,8
1998547,10
1998578,8
1998585,34
1998590,5
1998636,26
1998677,42
1998719,17
1998729,7
1998743,38
1998770,11
1998794,38
1998823,455
1998867,6
1998928,10
1998935,7
1998967,13
1998988,23
1999007,11
1999023,9
1999055,14
1999105,40
1999144,12
1999157,59
1999160,5
1999186,8
1999187,21
1999271,57
1999327,29
1999332,6
1999353,11
1999389,25
1999407,6
1999410,12
1999419,5
1999470,15
1999525,6
1999544,65
1999557,17
1999581,20
1999586,19
1999626,18
1999685,25
1999719,5
1999757,16
1999789,6
1999792,28
1999809,8
1999853,11
1999857,18
1999913,5
1999940,7
1999980,17
2000013,10
2000086,7
2000117,6
2000127,7
2000181,6
2000284,11
2000303,6
2000306,5
2000339,12
2000343,7
2000351,13
2000355,5
2000366,12
2000369,6
2000379,6
2000403,9
2000453,10
2000528,6
2000611,10
2000614,7
2000651,11
2000660,6
2000665,6
2000685,6
2000691,21
2000792,7
2000810,7
2000811,5
2000838,5
2000889,19
2000916,5
2000935,6
2001055,10
2001099,7
2001110,38
2001140,60
2001160,8
2001200,7
2001214,6
2001242,8
2001247,6
2001262,7
2001405,6
2001434,5
2001444,40
2001452,8
2001465,31
2001492,8
2001499,10
2001510,6
2001532,48
2001566,89
2001592,7
2001606,11
2001662,11
2001749,6
2001755,7
2001776,18
2001782,13
2001824,24
2001878,35
2001901,6
2001903,12
2001923,22
2001937,37
2001953,5
2001990,6
2002005,5
2002067,18
2002091,10
2002093,7
2002146,5
2002172,5
2002183,6
2002188,40
2002217,6
2002252,6
2002402,7
2002405,25
2002422,643
2002455,12
2002482,5
2002492,19
2002604,6
2002630,11
2002689,5
2002712,7
2002735,8
2002758,13
2002765,54
2002768,8
2002771,8
2002806,8
2002918,163
2002969,6
2002972,13
2003033,7
2003044,24
2003074,6
2003108,6
2003119,35
2003129,20
2003132,6
2003156,5
2003185,6
2003217,6
2003231,15
2003243,9
2003263,8
2003455,7
2003511,8
2003682,6
2003691,7
2003700,45
2003724,37
2003742,9
2003818,17
2003821,7
2003840,7
2003883,17
2003900,6
2003907,9
2003918,46
2003928,5
2003945,8
2003965,39
2003975,8
2003980,7
2003985,15
2004052,6
2004139,26
2004170,24
2004198,5
2004204,7
2004206,8
2004207,7
2004238,21
2004291,13
2004339,7
2004347,6
2004385,10
2004405,16
2004425,50
2004434,6
2004435,19
2004459,8
2004469,258
2004530,5
2004608,24
2004640,7
2004688,11
2004698,20
2004699,6
2004781,6
2004815,5
2004854,28
2004859,21
2004912,7
2004944,6
2005024,85
2005041,6
2005078,9
2005101,9
2005128,6
2005149,6
2005166,10
2005211,6
2005220,11
2005251,9
2005338,8
2005340,5
2005342,84
2005445,174
2005512,9
2005530,7
2005582,61
2005590,11
2005654,74
2005689,15
2005706,176
2005728,18
2005749,47
2005750,11
2005768,17
2005776,23
2005783,6
2005915,5
2005948,32
2006023,7
2006028,531
2006044,7
2006068,22
2006123,8
2006145,42
2006180,8
2006198,8
2006263,11
2006271,98
2006347,7
2006350,10
2006353,8
2006408,6
2006487,13
2006505,6
2006600,7
2006621,10
2006660,6
2006743,9
2006837,9
2006846,7
2006934,8
2006942,11
2006988,7
2007041,8
2007046,6
2007065,11
2007100,5
2007101,5
2007140,21
2007143,33
2007159,9
2007168,11
2007187,9
2007203,38
2007245,10
2007246,9
2007254,7
2007274,14
2007289,6
2007294,6
2007329,16
2007346,12
2007361,11
2007385,10
2007390,12
2007414,5
2007431,7
2007480,7
2007492,7
2007520,6
2007531,7
2007577,6
2007600,9
2007689,5
2007709,6
2007714,6
2007733,14
2007737,7
2007771,12
2007795,6
2007810,12
2007962,6
2007965,9
2007992,13
2008004,268
2008074,11
2008115,6
2008143,17
2008186,6
2008230,12
2008250,6
2008308,8
2008358,7
2008364,6
2008381,7
2008425,14
2008444,5
2008485,24
2008502,13
2008538,15
2008557,46
2008567,11
2008605,19
2008612,13
2008613,8
2008621,8
2008692,44
2008704,16
2008721,67
2008749,6
2008761,10
2008791,7
2008796,12
2008805,6
2008870,11
2008897,56
2008958,10
2008959,11
2009080,5
2009101,7
2009118,29
2009129,25
2009154,17
2009276,6
2009333,6
2009334,9
2009367,16
2009368,11
2009376,6
2009385,5
2009412,9
2009419,6
2009471,5
2009502,38
2009526,6
2009624,9
2009718,5
2009725,8
2009744,15
2009749,5
2009790,6
2009801,13
2009809,12
2009835,10
2009914,51
2009917,6
2009921,5
2009925,8
2010043,12
2010077,6
2010096,16
2010132,16
2010142,19
2010171,6
2010185,13
2010262,11
2010312,23
2010346,11
2010360,12
2010417,7
2010444,10
2010451,9
2010458,20
2010498,6
2010547,53
2010576,5
2010588,29
2010618,14
2010642,6
2010654,6
2010659,6
2010772,37
2010824,25
2010887,7
2010922,12
2010964,29
2011068,15
2011086,12
2011093,7
2011108,8
2011206,13
2011218,11
2011261,8
2011273,24
2011289,17
2011331,16
2011391,6
2011461,5
2011467,6
2011472,19
2011495,29
2011521,7
2011526,48
2011556,6
2011596,6
2011607,9
2011618,7
2011676,16
2011709,8
2011764,8
2011778,18
2011815,10
2011845,7
2011854,9
2011869,40
2011900,6
2011938,13
2011969,9
2011990,7
2012001,51
2012087,26
2012088,16
2012089,5
2012091,14
2012122,6
2012257,5
2012258,13
2012267,9
2012284,12
2012315,6
2012320,7
2012408,26
2012409,6
2012470,13
2012498,39
2012510,19
2012530,9
2012583,6
2012637,8
2012652,6
2012673,16
2012676,16
2012708,5
2012721,83
2012751,10
2012778,15
2012800,5
2012975,8
2012986,23
2013014,16
2013041,7
2013126,6
2013130,8
2013152,7
2013153,6
2013220,7
2013221,7
2013268,14
2013269,6
2013338,82
2013344,7
2013354,17
2013418,43
2013440,7
2013442,34
2013455,6
2013461,7
2013502,11
2013511,7
2013594,12
2013616,9
2013625,9
2013640,10
2013694,19
2013774,106
2013804,7
2013814,6
2013890,6
2013891,11
2013907,6
2013958,9
2013995,8
2014020,6
2014051,5
2014110,6
2014141,19
2014260,13
2014262,49
2014336,14
2014345,22
2014353,10
2014403,12
2014435,16
2014462,873
2014463,11
2014486,11
2014507,7
2014509,29
2014527,11
2014580,106
2014582,6
2014643,6
2014727,5
2014784,5
2014822,5
2014863,15
2014875,12
2014889,19
2014912,14
2014917,7
2014966,9
2014969,13
2015000,8
2015031,7
2015038,5
2015073,6
2015076,20
2015101,8
2015116,15
2015150,6
2015151,5
2015168,12
2015173,10
2015211,6
2015245,159
2015264,9
2015285,9
2015339,8
2015340,6
2015347,6
2015380,6
2015424,119
2015443,6
2015468,11
2015491,10
2015500,11
2015584,6
2015587,30
2015588,6
2015598,16
2015600,11
2015607,12
2015611,7
2015633,16
2015643,13
2015650,7
2015651,6
2015670,33
2015680,19
2015683,51
2015685,12
2015697,6
2015705,8
2015715,15
2015774,6
2015801,8
2015835,88
2015846,47
2015922,17
2015948,6
2015961,10
2015971,14
2015972,6
2015974,7
2015977,9
2016036,6
2016049,15
2016078,14
2016147,16
2016157,5
2016227,9
2016246,5
2016272,7
2016276,9
2016327,54
2016362,39
2016387,20
2016399,19
2016516,5
2016606,8
2016622,5
2016643,15
2016653,9
2016717,6
2016844,5
2016864,10
2016897,21
2016899,7
2016925,5
2016954,6
2016961,21
2016982,7
2016983,5
2017029,18
2017071,7
2017158,1612
2017221,9
2017294,6
2017304,24
2017333,7
2017362,7
2017363,7
2017398,23
2017433,8
2017449,6
2017482,13
2017584,10
2017596,76
2017607,46
2017653,7
2017686,11
2017761,186
2017841,10
2017860,6
2017888,77
2017896,6
2017941,7
2018083,7
2018106,15
2018141,7
2018184,21
2018187,6
2018209,8
2018210,11
2018219,45
2018225,13
2018248,5
2018340,34
2018391,6
2018393,9
2018404,46
2018407,18
2018412,26
2018423,11
2018462,6
2018493,32
2018502,12
2018514,33
2018533,180
2018540,5
2018550,6
2018616,6
2018617,8
2018619,33
2018643,98
2018649,8
2018653,6
2018664,19
2018673,5
2018739,17
2018751,126
2018752,7
2018800,23
2018876,9
2018897,5
2018907,18
2018943,8
2018965,11
2018985,9
2018999,7
2019020,6
2019027,9
2019097,5
2019190,9
2019241,10
2019373,38
2019390,6
2019392,6
2019446,13
2019462,6
2019520,8
2019523,8
2019579,20
2019671,27
2019770,689
2019801,5
2019834,6
2019898,6
2019983,8
2020037,9
2020050,5
2020089,27
2020110,9
2020135,6
2020152,7
2020184,12
2020186,14
2020211,44
2020226,7
2020232,14
2020250,17
2020392,15
2020441,56
2020443,7
2020467,7
2020471,21
2020488,11
2020510,16
2020513,5
2020527,16
2020560,20
2020710,8
2020719,6
2020741,12
2020760,9
2020865,24
2020873,9
2021003,6
2021075,8
2021080,10
2021089,6
2021127,24
2021140,26
2021221,15
2021280,6
2021317,6
2021329,7
2021343,68
2021418,43
2021452,6
2021453,11
2021463,6
2021547,21
2021599,7
2021637,27
2021652,8
2021658,6
2021695,283
2021701,6
2021724,6
2021777,9
2021810,6
2021890,6
2021895,85
2021907,9
2021920,15
2022041,5
2022079,190
2022083,11
2022113,10
2022120,7
2022137,5
2022179,9
2022189,288
2022235,18
2022237,6
2022240,27
2022263,10
2022286,22
2022331,7
2022335,35
2022365,14
2022376,15
2022378,43
2022455,24
2022467,10
2022492,11
2022495,14
2022538,15
2022660,10
2022689,6
2022719,8
2022726,6
2022749,107
2022788,11
2022923,5
2022940,9
2022947,6
2022948,5
2022976,18
2022994,14
2023001,16
2023002,30
2023035,22
2023045,5
2023083,12
2023129,43
2023130,17
2023138,117
2023200,7
2023201,14
2023217,18
2023228,5
2023254,10
2023271,6
2023327,11
2023334,6
2023360,6
2023405,6
2023409,136
2023430,18
2023467,20
2023526,26
2023571,8
2023581,46
2023594,7
2023658,6
2023669,14
2023726,8
2023758,103
2023783,7
2023891,9
2023895,8
2023906,85
2023942,7
2023954,38
2023957,6
2024019,7
2024047,22
2024066,5
2024082,12
2024083,10
2024085,19
2024140,11
2024147,8
2024212,8
2024243,53
2024266,5
2024285,98
2024310,27
2024318,6
2024369,6
2024373,10
2024454,8
2024503,8
2024521,23
2024529,7
2024576,8
2024588,8
2024611,26
2024625,17
2024646,81
2024661,16
2024725,5
2024791,6
2024814,6
2024944,11
2025044,16
2025051,6
2025205,36
2025213,5
2025216,14
2025226,5
2025247,9
2025282,10
2025327,9
2025330,6
2025406,19
2025435,8
2025437,8
2025457,8
2025492,6
2025503,6
2025557,27
2025588,12
2025618,7
2025621,6
2025656,7
2025667,17
2025703,10
2025758,9
2025808,5
2025814,8
2025838,7
2025866,5
2025869,19
2025953,8
2025995,14
2025996,32
2026009,5
2026050,5
2026108,7
2026135,6
2026164,10
2026165,14
2026182,4057
2026219,8
2026248,6
2026301,6
2026306,7
2026317,6
2026343,24
2026352,7
2026405,16
2026473,8
2026495,12
2026497,9
2026582,26
2026611,6
2026640,11
2026657,8
2026664,36
2026665,9
2026687,20
2026691,10
2026718,8
2026729,9
2026762,11
2026805,6
2026845,69
2026864,6
2026865,66
2026866,7
2026874,7
2026890,6
2026927,46
2026935,7
2026946,22
2026971,12
2026979,15
2026988,424
2026989,6
2027074,55
2027133,6
2027137,5
2027163,7
2027191,5
2027247,5
2027307,7
2027332,10
2027339,16
2027355,9
2027360,6
2027433,6
2027434,114
2027461,20
2027469,20
2027517,6
2027521,38
2027522,5
2027560,12
2027592,7
2027663,6
2027727,6
2027770,6
2027921,5
2027940,6
2027961,5
2027965,15
2027973,8
2028016,33
2028020,5
2028023,5
2028054,6
2028093,5
2028132,22
2028133,13
2028135,30
2028251,41
2028293,56
2028310,19
2028316,15
2028321,14
2028331,6
2028356,9
2028495,6
2028519,6
2028534,6
2028609,6
2028638,20
2028690,7
2028730,6
2028763,6
2028774,28
2028785,11
2028786,7
2028806,7
2028855,7
2028877,8
2028890,6
2028937,10
2028994,6
2029025,7
2029041,25
2029048,10
2029052,15
2029080,51
2029169,8
2029260,6
2029322,9
2029323,6
2029355,178
2029444,12
2029464,22
2029501,15
2029508,6
2029512,6
2029589,20
2029632,7
2029651,15
2029741,14
2029751,8
2029770,27
2029792,47
2029795,8
2029803,32
2029822,5
2029834,6
2029852,12
2029856,196
2029860,6
2029864,82
2029904,9
2029930,55
2029968,6
2029970,6
2029983,9
2030069,11
2030087,70
2030115,11
2030123,12
2030182,11
2030193,9
2030197,6
2030225,6
2030340,9
2030422,83
2030430,7
2030432,23
2030572,16
2030597,5
2030628,8
2030640,10
2030651,5
2030655,11
2030785,6
2030803,20
2030932,15
2031011,11
2031118,8
2031148,5
2031167,39
2031191,9
2031211,16
2031230,6
2031353,5
2031372,123
2031373,13
2031403,5
2031478,5
2031486,13
2031507,6
2031580,73
2031588,7
2031608,9
2031621,8
2031622,13
2031632,21
2031664,7
2031690,8
2031724,5
2031767,6
2031780,60
2031794,6
2031803,6
2031806,6
2031819,5
2031849,557
2031863,12
2031868,52
2031877,28
2031949,21
2032028,8
2032042,5
2032043,20
2032047,10
2032057,6
2032059,6
2032079,7
2032087,9
2032144,2063
2032187,23
2032219,8
2032234,14
2032328,7
2032376,10
2032400,25
2032409,8
2032510,10
2032542,10
2032653,6
2032670,20
2032703,12
2032775,5
2032835,200
2032840,9
2032842,13
2032852,8
2032864,6
2032894,7
2032913,10
2032921,9
2032946,1426
2032979,8
2032990,13
2033017,6
2033039,5
2033132,19
2033136,12
2033157,29
2033199,31
2033214,7
2033304,14
2033306,29
2033314,12
2033315,7
2033334,7
2033438,7
2033443,33
2033446,17
2033468,9
2033519,7
2033555,18
2033629,6
2033651,16
2033657,8
2033661,7
2033699,5
2033719,70
2033742,10
2033751,6
2033827,6
2033994,7
2034092,5
2034093,7
2034135,12
2034220,13
2034264,8
2034278,8
2034324,35
2034333,6
2034373,8
2034390,6
2034444,6
2034445,147
2034477,6
2034478,6
2034488,13
2034494,14
2034534,8
2034542,25
2034552,97
2034568,25
2034587,5
2034623,6
2034646,6
2034702,8
2034736,7
2034781,132
2034785,6
2034883,20
2034894,8
2034895,5
2034984,7
2035020,8
2035050,7
2035086,8
2035136,9
2035233,6
2035256,10
2035293,6
2035332,7
2035380,11
2035389,7
2035391,7
2035428,6
2035460,15
2035474,6
2035480,35
2035499,6
2035542,8
2035654,6
2035705,7
2035714,8
2035745,8
2035752,8
2035755,7
2035877,13
2035885,11
2035963,12
2035984,8
2035988,5
2035999,15
2036021,113
2036037,5
2036039,286
2036042,6
2036075,6
2036110,10
2036163,19
2036184,6
2036191,10
2036264,11
2036341,8
2036395,6
2036397,11
2036407,15
2036411,7
2036445,8
2036454,12
2036509,8
2036511,11
2036568,14
2036590,7
2036600,22
2036606,7
2036607,6
2036719,6
2036726,5
2036881,6
2036927,7
2036972,8
2036989,6
2036992,39
2037010,7
2037027,11
2037052,2832
2037062,6
2037085,9
2037130,8
2037144,6
2037173,6
2037175,5
2037202,7
2037232,5
2037248,54
2037255,14
2037256,9
2037305,7
2037334,6
2037368,6
2037437,7
2037497,44
2037511,6
2037516,6
2037527,14
2037529,13
2037565,35
2037572,11
2037574,8
2037615,5
2037653,7
2037742,8
2037761,16
2037768,6
2037836,17
2037844,8
2037856,8
2037868,15
2037892,5
2037921,10
2037938,12
2037946,9
2037964,9
2037967,6
2037980,6
2038050,6
2038077,12
2038123,10
2038179,22
2038185,65
2038186,6
2038191,7
2038275,191
2038339,6
2038412,7
2038420,6
2038433,13
2038437,31
2038469,6
2038522,12
2038567,9
2038569,11
2038616,5
2038691,10
2038717,6
2038746,10
2038790,52
2038856,6
2038929,7
2039027,628
2039034,7
2039044,7
2039046,15
2039061,7
2039076,5
2039095,7
2039097,7
2039139,15
2039141,12
2039197,745
2039220,18
2039236,6
2039260,21
2039386,8
2039390,6
2039419,18
2039463,7
2039473,8
2039498,9
2039518,12
2039553,21
2039569,7
2039603,6
2039605,6
2039624,6
2039661,8
2039663,6
2039681,8
2039697,93
2039720,13
2039798,6
2039814,34
2039827,5
2039836,6
2039847,15
2039896,25
2039988,10
2040012,15
2040038,8
2040039,13
2040084,6
2040111,9
2040176,16
2040177,11
2040271,7
2040298,5
2040309,6
2040361,6
2040433,15
2040451,19
2040452,12
2040551,15
2040581,11
2040606,6
2040620,22
2040633,11
2040667,12
2040689,5
2040691,42
2040700,5
2040703,7
2040744,5
2040756,232
2040787,15
2040807,13
2040860,7
2040865,6
2040956,8
2041008,7
2041031,5
2041063,12
2041166,22
2041176,6
2041249,6
2041259,9
2041266,7
2041279,9
2041286,15
2041320,6
2041329,11
2041331,29
2041370,8
2041395,10
2041403,8
2041498,7
2041516,16
2041517,13
2041535,13
2041573,42
2041578,11
2041584,9
2041603,10
2041632,17
2041649,24
2041768,5
2041786,14
2041814,56
2041826,8
2041887,6
2041908,29
2041942,19
2041950,6
2041978,11
2042035,6
2042055,76
2042058,6
2042059,12
2042122,8
2042134,6
2042140,16
2042164,26
2042326,22
2042364,12
2042376,12
2042381,5
2042439,10
2042443,8
2042459,121
2042484,7
2042494,53
2042522,10
2042533,30
2042547,15
2042607,6
2042640,8
2042661,7
2042692,6
2042711,5
2042782,11
2042785,11
2042886,8
2042887,8
2042942,20
2042972,12
2042996,7
2043018,6
2043028,7
2043058,51
2043102,12
2043103,6
2043167,64
2043219,6
2043223,8
2043241,5
2043259,8
2043305,6
2043319,10
2043340,7
2043343,9
2043348,6
2043429,6
2043472,8
2043482,13
2043562,9
2043620,11
2043622,8
2043624,13
2043742,6
2043752,5
2043823,9
2043911,8
2043971,6
2043979,6
2044107,7
2044128,6
2044173,24
2044201,28
2044245,10
2044329,11
2044423,14
2044430,5
2044433,5
2044474,6
2044507,22
2044511,7
2044512,5
2044541,6
2044550,24
2044573,11
2044629,6
2044645,8
2044655,6
2044668,14
2044673,14
2044679,9
2044687,52
2044688,11
2044690,7
2044691,6
2044754,14
2044765,8
2044791,105
2044850,22
2044854,11
2044878,7
2044881,15
2044888,12
2044890,15
2044916,10
2044944,6
2044959,7
2045002,10
2045030,14
2045038,6
2045056,6
2045078,16
2045128,7
2045134,12
2045144,6
2045145,10
2045152,15
2045153,30
2045166,6
2045167,7
2045173,10
2045182,10
2045184,23
2045226,6
2045253,7
2045257,9
2045287,15
2045294,5
2045305,6
2045336,10
2045339,12
2045354,7
2045379,2699
2045501,7
2045542,6
2045575,6
2045630,7
2045652,43
2045729,77
2045730,6
2045733,6
2045736,6
2045783,16
2045808,5
2045810,13
2045820,7
2045890,72
2045906,5
2045909,6
2045913,9
2045914,78
2045940,7
2046034,14
2046039,7
2046096,46
2046130,7
2046172,10
2046180,6
2046221,6
2046271,49
2046287,8
2046290,10
2046292,48
2046298,10
2046321,79
2046345,18
2046398,7
2046402,175
2046479,6
2046486,9
2046492,86
2046549,6
2046589,8
2046611,14
2046619,5
2046630,21
2046637,6
2046688,7
2046760,6
2046761,16
2046801,11
2046822,6
2046828,17
2046842,7
2046843,21
2046844,9
2046886,6
2046891,10
2046904,9
2046932,5
2046940,12
2046995,8
2046998,8
2046999,6
2047113,5
2047175,10
2047188,7
2047194,10
2047202,8
2047207,5
2047211,6
2047350,8
2047383,32
2047478,7
2047491,8
2047544,8
2047604,31
2047624,22
2047652,9
2047678,7
2047692,14
2047700,16
2047710,7
2047725,26
2047735,21
2047794,10
2047803,18
2047829,6
2047866,55
2047879,17
2047881,6
2047927,16
2047941,7
2047952,14
2047999,10
2048023,6
2048058,8
2048066,11
2048069,55
2048080,8
2048085,10
2048086,16
2048101,44
2048116,97
2048133,6
2048236,23
2048329,8
2048344,50
2048359,7
2048414,6
2048420,25
2048436,5
2048449,37
2048520,24
2048589,7
2048598,25
2048622,6
2048663,12
2048720,48
2048783,10
2048784,8
2048829,8
2048852,9
2048970,7
2048993,7
2049004,8
2049013,7
2049028,30
2049032,16
2049036,8
2049065,6
2049164,10
2049217,11
2049218,31
2049233,9
2049293,7
2049300,6
2049301,12
2049307,8
2049311,5
2049368,12
2049371,7
2049375,12
2049389,16
2049432,6
2049433,10
2049458,6
2049506,5
2049547,5
2049554,8
2049589,12
2049599,6
2049636,7
2049638,7
2049648,6
2049682,9
2049694,5
2049698,20
2049702,38
2049706,10
2049758,10
2049762,15
2049764,30
2049803,8
2049828,19
2049851,13
2049883,20
2049942,6
2049960,13
2049984,18
2050003,5
2050008,52
2050029,27
2050033,8
2050085,10
2050107,65
2050115,5
2050134,9
2050145,10
2050146,39
2050176,8
2050205,22
2050213,8
2050217,14
2050221,29
2050226,6
2050233,12
2050239,21
2050240,6
2050271,10
2050274,9
2050323,17
2050339,35
2050346,12
2050347,10
2050368,12
2050394,5
2050417,12
2050418,9
2050439,159
2050456,6
2050468,10
2050489,6
2050492,7
2050559,5
2050658,9
2050692,16
2050859,6
2050867,29
2050886,6
2050961,6
2050967,6
2050969,8
2050976,12
2050989,6
2051043,12
2051110,5
2051111,7
2051136,6
2051151,19
2051168,29
2051183,14
2051232,63
2051240,5
2051242,5
2051243,8
2051251,17
2051306,10
2051311,19
2051315,14
2051317,6
2051406,14
2051478,6
2051543,5
2051576,7
2051592,96
2051656,490
2051671,31
2051713,24
2051720,14
2051725,13
2051750,8
2051761,16
2051772,26
2051791,6
2051794,12
2051833,87
2051860,142
2051870,9
2051895,6
2051924,25
2051936,6
2052000,6
2052006,7
2052039,28
2052059,10
2052092,87
2052154,11
2052169,5
2052178,9
2052200,13
2052211,6
2052219,6
2052222,6
2052241,7
2052252,6
2052298,11
2052314,7
2052330,7
2052356,15
2052383,15
2052400,11
2052419,9
2052431,31
2052450,6
2052473,9
2052496,19
2052581,22
2052629,13
2052647,13
2052659,7
2052671,10
2052717,6
2052718,72
2052736,12
2052738,8
2052762,11
2052785,699
2052802,21
2052806,6
2052833,31
2052852,12
2052872,13
2052972,7
2053036,12
2053052,8
2053114,5
2053153,5
2053181,8
2053219,8
2053233,10
2053305,35
2053328,8
2053332,7
2053398,7
2053400,6
2053401,18
2053413,6
2053470,7
2053522,16
2053545,6
2053569,7
2053613,10
2053681,6
2053696,11
2053793,8
2053816,10
2053831,12
2053844,6
2053906,49
2053913,9
2053918,7
2053968,8
2053986,6
2054154,6
2054179,8
2054192,57
2054227,10
2054240,6
2054324,5
2054334,8
2054367,8
2054369,6
2054402,6
2054423,7
2054428,7
2054436,88
2054460,14
2054493,953
2054633,6
2054637,39
2054652,6
2054669,10
2054763,5
2054778,26
2054833,8
2054841,13
2054910,8
2054912,5
2054935,8
2054955,11
2054958,5
2055015,11
2055046,16
2055050,6
2055078,8
2055106,23
2055136,16
2055146,22
2055153,6
2055160,10
2055190,6
2055194,14
2055237,57
2055270,47
2055280,11
2055297,12
2055339,7
2055343,5
2055386,16
2055427,6
2055526,36
2055553,8
2055558,7
2055570,6
2055619,10
2055664,5
2055665,6
2055673,10
2055686,9
2055692,6
2055702,18
2055703,10
2055709,44
2055730,14
2055750,23
2055771,6
2055784,8
2055821,22
2055827,7
2055843,9
2055854,5
2055883,10
2055884,6
2055895,8
2055910,8
2055926,12
2055939,6
2055972,11
2055988,12
2055996,10
2056040,18
2056042,14
2056046,48
2056100,9
2056129,6
2056143,5
2056154,22
2056155,47
2056164,5
2056176,8
2056200,6
2056251,9
2056253,6
2056254,6
2056299,16
2056300,9
2056333,58
2056450,7
2056459,46
2056494,6
2056501,11
2056527,26
2056554,5
2056563,16
2056576,6
2056597,8
2056616,8
2056660,6
2056711,21
2056839,8
2056915,13
2056928,8
2056969,11
2056979,9
2057011,7
2057054,15
2057078,6
2057090,13
2057162,42
2057168,70
2057171,14
2057245,8
2057263,640
2057331,57
2057332,38
2057394,10
2057396,7
2057409,5
2057429,37
2057436,6
2057446,7
2057468,6
2057495,6
2057501,14
2057510,6
2057531,6
2057603,11
2057623,7
2057675,5
2057705,12
2057725,24
2057779,6
2057822,19
2057855,17
2057921,12
2057968,6
2057969,32
2058036,9
2058042,13
2058065,6
2058151,6
2058175,13
2058195,6
2058219,13
2058248,12
2058296,8
2058307,11
2058315,141
2058323,13
2058366,7
2058376,6
2058383,6
2058395,13
2058436,8
2058439,6
2058469,6
2058477,8
2058607,45
2058623,6
2058639,8
2058663,10
2058723,5
2058736,10
2058758,9
2058854,25
2058859,8
2058860,11
2058928,1108
2058934,7
2058968,5
2059049,6
2059083,9
2059137,7
2059149,26
2059171,5
2059272,13
2059328,9
2059334,5
2059343,8
2059366,7
2059376,22
2059389,5
2059423,21
2059476,5
2059479,23
2059504,8
2059516,179
2059534,5
2059559,5
2059583,54
2059627,19
2059628,5
2059642,10
2059668,7
2059699,39
2059743,8
2059773,7
2059792,11
2059823,7
2059841,10
2059947,100
2059969,52
2060004,67
2060028,5
2060104,6
2060133,7
2060141,27
2060167,10
2060172,11
2060173,12
2060175,5
2060252,6
2060254,5
2060263,6
2060268,8
2060281,44
2060285,25
2060336,13
2060337,7
2060355,23
2060375,7
2060466,22
2060496,16
2060506,6
2060509,9
2060528,19
2060549,5
2060576,8
2060665,6
2060667,17
2060703,9
2060714,19
2060732,11
2060773,9
2060787,8
2060791,5
2060800,29
2060824,24
2060826,12
2060839,8
2060860,1552
2060862,6
2060863,5
2060944,8
2060991,6
2061003,26
2061086,8
2061102,20
2061142,7
2061184,47
2061287,5
2061310,8
2061311,6
2061320,13
2061328,5
2061337,6
2061366,64
2061377,13
2061378,13
2061402,5
2061410,17
2061445,79
2061455,10
2061460,9
2061518,6
2061550,9
2061560,6
2061569,7
2061660,6
2061667,6
2061702,19
2061707,20
2061708,5
2061805,9
2061820,9
2061849,9
2061853,10
2061872,12
2061941,5
2061972,6
2061975,8
2061990,20
2062032,8
2062043,12
2062119,11
2062180,9
2062192,6
2062213,185
2062285,11
2062296,27
2062316,11
2062317,6
2062359,21
2062361,8
2062362,57
2062364,7
2062389,10
2062442,8
2062460,77
2062500,5
2062521,14
2062657,9
2062687,8
2062729,9
2062735,5
2062739,9
2062764,15
2062781,13
2062829,8
2062847,10
2062863,6
2062933,6
2062937,6
2062950,8
2062997,9
2063062,30
2063086,6
2063146,44
2063150,7
2063177,17
2063196,37
2063199,6
2063207,9
2063209,34
2063222,5
2063234,11
2063236,9
2063279,8
2063294,14
2063336,10
2063408,16
2063454,26
2063462,20
2063546,15
2063547,12
2063590,6
2063596,5
2063623,6
2063628,6
2063645,8
2063658,18
2063716,18
2063758,5
2063766,7
2063790,5
2063791,7
2063888,8
2063897,6
2063958,7
2064009,12
2064048,18
2064055,12
2064061,29
2064111,8
2064155,17
2064157,21
2064172,22
2064178,7
2064199,6
2064226,34
2064240,7
2064247,7
2064256,18
2064354,6
2064371,10
2064383,15
2064384,7
2064387,17
2064402,7
2064410,5
2064416,8
2064443,20
2064481,7
2064506,16
2064564,7
2064570,7
2064603,6
2064612,5
2064613,13
2064616,7
2064657,12
2064683,9
2064702,5
2064709,10
2064722,6
2064754,13
2064797,6
2064810,17
2064820,107
2064824,10
2064849,7
2064862,10
2064923,6
2064960,9
2064970,7
2065016,7
2065041,9
2065080,21
2065122,5
2065140,14
2065190,6
2065250,9
2065258,82
2065261,8
2065286,8
2065292,34
2065373,5
2065375,15
2065378,5
2065475,7
2065484,60
2065492,8
2065511,12
2065534,6
2065538,8
2065539,9
2065580,111
2065601,8
2065623,30
2065624,14
2065649,7
2065698,8
2065724,10
2065830,9
2065855,18
2065857,41
2065895,5
2065901,7
2065972,8
2065996,14
2066025,6
2066033,5
2066052,7
2066080,6
2066165,5
2066184,7
2066188,18
2066206,5
2066224,5
2066249,5
2066256,7
2066261,39
2066262,6
2066269,16
2066282,9
2066307,5
2066308,16
2066309,100
2066343,7
2066367,6
2066370,9
2066456,32
2066488,16
2066492,17
2066493,7
2066502,5
2066509,7
2066546,16
2066564,8
2066586,8
2066666,6
2066676,6
2066716,16
2066772,9
2066781,22
2066785,7
2066800,6
2066832,22
2066837,7
2066886,9
2066893,11
2066931,31
2066933,10
2066946,11
2066972,13
2067011,7
2067069,12
2067095,6
2067126,7
2067175,12
2067200,7
2067212,7
2067218,5
2067233,6
2067254,7
2067259,12
2067316,5
2067329,13
2067365,16
2067373,30
2067405,12
2067440,5
2067454,5
2067469,8
2067481,8
2067537,17
2067538,9
2067542,11
2067561,22
2067640,8
2067652,31
2067669,19
2067706,8
2067755,13
2067757,7
2067764,20
2067778,5
2067779,8
2067800,5
2067829,18
2067873,12
2067889,9
2067925,10
2067951,5
2067952,25
2067966,28
2068056,8
2068065,5
2068098,9
2068111,6
2068121,19
2068150,9
2068152,9
2068156,10
2068160,70
2068161,9
2068168,30
2068175,6
2068176,47
2068198,5
2068207,13
2068210,5
2068326,9
2068368,6
2068378,23
2068385,6
2068414,14
2068460,5
2068495,8
2068526,15
2068534,8
2068549,10
2068563,72
2068621,6
2068626,5
2068637,14
2068641,20
2068687,7
2068708,7
2068745,8
2068754,6
2068769,8
2068801,9
2068835,11
2068873,11
2068894,72
2068923,7
2068927,36
2068967,6
2068972,28
2068996,38
2069014,14
2069022,6
2069071,7
2069093,8
2069109,14
2069114,9
2069115,8
2069188,25
2069191,5
2069229,5
2069235,8
2069274,10
2069279,12
2069338,64
2069339,7
2069353,38
2069356,10
2069393,8
2069428,12
2069453,8
2069493,54
2069522,238
2069611,8
2069661,7
2069685,26
2069743,53
2069759,17
2069816,104
2069823,61
2069838,12
2069848,11
2069858,14
2069996,6
2070064,8
2070088,6
2070095,19
2070134,17
2070158,7
2070218,29
2070225,7
2070238,11
2070240,7
2070251,6
2070318,5
2070470,6
2070483,218
2070486,35
2070487,9
2070586,6
2070710,8
2070737,22
2070738,6
2070747,6
2070759,6
2070763,6
2070776,10
2070784,14
2070795,12
2070834,9
2070854,19
2070909,9
2070920,8
2071012,10
2071026,20
2071101,6
2071126,5
2071143,8
2071217,20
2071255,6
2071275,6
2071311,6
2071344,5
2071381,21
2071386,121
2071411,12
2071428,17
2071553,7
2071593,5
2071657,5
2071662,14
2071666,23
2071699,8
2071754,9
2071798,8
2071811,7
2071893,31
2071902,7
2071942,54
2071974,8
2071978,7
2071984,8
2072065,10
2072086,33
2072107,16
2072112,6
2072130,24
2072154,10
2072238,20
2072278,7
2072283,10
2072287,6
2072294,10
2072344,50
2072366,14
2072430,8
2072444,27
2072455,14
2072463,10
2072468,8
2072529,55
2072544,12
2072561,7
2072562,16
2072574,9
2072600,36
2072621,12
2072690,6
2072691,6
2072804,17
2072840,9
2072850,29
2072855,20
2072874,22
2072922,9
2072941,7
2072957,14
2073026,10
2073047,7
2073075,80
2073091,7
2073096,8
2073132,8
2073137,6
2073163,7
2073195,42
2073204,10
2073276,6
2073319,201
2073345,7
2073375,23
2073430,6
2073448,6
2073456,12
2073487,7
2073498,6
2073517,9
2073594,22
2073606,5
2073621,11
2073640,11
2073649,9
2073655,20
2073681,6
2073699,12
2073725,5
2073732,5
2073757,6
2073762,19
2073829,10
2073848,46
2073850,5
2073875,7
2073895,24
2073920,6
2074023,26
2074031,6
2074050,13
2074061,11
2074125,14
2074126,15
2074128,1263
2074181,7
2074183,6
2074188,77
2074189,7
2074194,7
2074224,5
2074255,5
2074268,17
2074271,12
2074272,37
2074282,11
2074320,24
2074325,9
2074376,7
2074389,6
2074450,14
2074465,7
2074508,10
2074544,23
2074580,10
2074638,44
2074650,11
2074681,47
2074696,6
2074702,7
2074703,8
2074726,7
2074731,10
2074763,11
2074810,6
2074864,6
2074875,13
2074884,17
2074909,12
2074924,20
2075010,6
2075038,10
2075041,82
2075042,10
2075057,33
2075144,13
2075206,50
2075280,15
2075292,6
2075336,7
2075341,12
2075356,39
2075368,21
2075424,46
2075460,7
2075466,7
2075479,16
2075490,6
2075526,6
2075578,9
2075593,11
2075626,21
2075666,7
2075668,12
2075710,8
2075757,39
2075783,7
2075814,8
2075869,13
2075890,20
2075899,18
2075900,14
2075948,5
2075977,6
2075991,8
2076005,6
2076006,248
2076020,12
2076027,109
2076032,8
2076058,8
2076067,13
2076093,7
2076113,7
2076124,8
2076195,5
2076206,22
2076219,163
2076229,90
2076244,10
2076259,14
2076284,36
2076290,11
2076307,6
2076333,14
2076352,10
2076441,6
2076455,61
2076494,22
2076515,7
2076585,20
2076608,5
2076701,6
2076740,10
2076772,7
2076788,9
2076804,331
2076850,15
2076853,20
2076874,18
2076921,6
2076924,7
2076940,40
2076959,8
2076967,12
2076972,75
2076999,5
2077015,8
2077020,28
2077032,16
2077186,7
2077208,6
2077209,11
2077242,13
2077267,5
2077333,22
2077338,20
2077341,15
2077350,6
2077409,132
2077437,7
2077494,19
2077550,46
2077623,10
2077633,7
2077660,16
2077707,6
2077751,7
2077840,42
2077841,10
2077912,14
2077928,9
2077934,19
2077939,6
2077977,6
2077980,7
2077984,7
2077994,8
2078007,10
2078039,7
2078049,28
2078099,16
2078102,5
2078103,14
2078129,32
2078148,7
2078227,5
2078264,6
2078447,9
2078452,6
2078454,7
2078465,7
2078484,9
2078492,8
2078538,6
2078582,140
2078603,9
2078711,24
2078720,41
2078721,6
2078771,11
2078819,349
2078830,10
2078848,12
2078900,16
2078941,7
2078956,7
2078977,5
2079080,12
2079120,8
2079139,16
2079159,22
2079163,16
2079204,23
2079216,27
2079217,21
2079229,19
2079270,7
2079294,17
2079379,7
2079417,174
2079455,25
2079473,40
2079491,14
2079501,9
2079540,5
2079563,6
2079570,16
2079693,6
2079702,13
2079731,7
2079793,16
2079875,9
2079934,13
2079982,7
2080023,8
2080055,27
2080068,21
2080069,6
2080101,6
2080123,7
2080155,7
2080161,6
2080168,6
2080179,7
2080199,9
2080216,22
2080313,8
2080359,10
2080397,69
2080460,36
2080494,6
2080509,21
2080549,7
2080580,6
2080589,6
2080599,8
2080600,35
2080603,21
2080612,8
2080623,7
2080782,5
2080840,8
2080870,7
2080931,15
2081022,38
2081040,25
2081060,7
2081112,26
2081131,24
2081143,8
2081158,8
2081182,12
2081190,109
2081193,7
2081207,18
2081277,18
2081300,17
2081307,6
2081410,6
2081466,7
2081497,7
2081609,7
2081618,25
2081629,8
2081644,84
2081669,8
2081709,14
2081731,29
2081766,7
2081799,12
2081822,10
2081884,43
2082047,6
2082115,6
2082145,19
2082204,57
2082234,12
2082238,247
2082253,7
2082290,6
2082291,75
2082375,7
2082391,5
2082406,14
2082484,8
2082485,9
2082539,12
2082557,6
2082617,8
2082643,7
2082695,7
2082696,8
2082708,11
2082715,7
2082729,5
2082737,6
2082764,45
2082775,10
2082783,5
2082813,9
2082876,6
2082889,11
2082915,12
2082957,8
2082987,8
2083051,7
2083116,5
2083129,8
2083199,19
2083237,7
2083282,14
2083287,23
2083308,17
2083333,18
2083359,63
2083366,9
2083396,6
2083431,6
2083450,78
2083466,9
2083467,15
2083468,12
2083476,14
2083494,17
2083560,14
2083564,6
2083578,21
2083587,19
2083616,5
2083617,6
2083666,6
2083694,9
2083704,20
2083709,8
2083717,9
2083729,12
2083739,11
2083777,7
2083792,39
2083793,12
2083796,36
2083814,7
2083873,6
2083897,21
2083981,22
2084008,7
2084014,8
2084030,8
2084201,7
2084209,22
2084211,8
2084289,13
2084379,12
2084403,13
2084416,13
2084486,7
2084502,6
2084577,7
2084776,10
2084788,9
2084829,6
2084830,153
2084850,7
2084863,5
2084867,9
2084889,11
2084891,54
2084913,11
2085055,34
2085064,8
2085068,26
2085069,31
2085077,6
2085089,9
2085099,9
2085102,8
2085137,8
2085240,6
2085266,7
2085331,12
2085339,15
2085385,17
2085414,8
2085444,16
2085461,28
2085510,8
2085564,23
2085594,45
2085634,13
2085674,15
2085799,6
2085857,6
2085871,6
2085885,50
2085909,33
2085930,6
2086035,8
2086047,7
2086049,9
2086077,12
2086096,8
2086109,15
2086130,12
2086135,42
2086158,53
2086225,10
2086241,13
2086276,6
2086285,106
2086290,8
2086296,82
2086306,12
2086335,9
2086363,7
2086408,141
2086467,6
2086498,95
2086502,19
2086532,11
2086563,9
2086575,574
2086576,6
2086592,11
2086596,11
2086619,5
2086695,8
2086702,6
2086722,5
2086723,6
2086726,45
2086771,21
2086784,6
2086869,5
2086881,6
2086946,7
2086972,7
2087002,9
2087078,9
2087095,29
2087169,13
2087170,11
2087194,8
2087238,13
2087338,8
2087374,7
2087407,8
2087510,5
2087551,7
2087562,13
2087563,8
2087629,20
2087635,21
2087659,9
2087665,10
2087680,12
2087746,6
2087747,15
2087795,7
2087803,13
2087814,76
2087821,17
2087876,6
2087906,10
2087972,7
2087983,9
2087992,6
2088024,6
2088053,33
2088057,153
2088109,5
2088123,13
2088223,16
2088230,5
2088241,10
2088247,419
2088265,27
2088285,14
2088321,22
2088355,9
2088387,9
2088400,23
2088457,7
2088687,10
2088727,53
2088739,138
2088780,8
2088796,6
2088837,13
2088878,6
2088927,27
2088997,10
2089040,35
2089055,48
2089075,5
2089087,16
2089093,6
2089094,5
2089107,11
2089129,12
2089258,5
2089321,8
2089323,14
2089331,6
2089375,9
2089391,9
2089460,5
2089522,38
2089566,6
2089568,41
2089630,6
2089646,6
2089650,13
2089687,16
2089688,21
2089717,24
2089721,55
2089738,42
2089745,17
2089757,6
2089759,6
2089763,7
2089840,10
2089905,18
2089912,5
2089950,13
2090013,6
2090017,14
2090018,31
2090060,81
2090096,9
2090179,6
2090206,27
2090208,17
2090251,13
2090253,15
2090347,8
2090389,8
2090439,7
2090453,6
2090485,15
2090505,5
2090514,23
2090525,11
2090531,5
2090534,9
2090574,56
2090644,5
2090661,15
2090794,29
2090808,7
2090878,7
2090895,6
2090896,54
2090906,26
2090932,8
2090955,9
2090969,8
2091021,6
2091047,6
2091063,15
2091122,16
2091216,9
2091219,13
2091247,8
2091328,14
2091343,10
2091477,5
2091479,11
2091520,10
2091578,7
2091674,7
2091701,5
2091730,19
2091866,15
2091880,7
2091904,5
2091991,15
2092021,5
2092065,29
2092091,12
2092130,77
2092133,6
2092157,49
2092170,148
2092222,6
2092232,104
2092240,14
2092259,6
2092325,64
2092350,10
2092366,6
2092394,6
2092443,9
2092470,14
2092481,10
2092498,6
2092501,9
2092536,20
2092622,6
2092686,20
2092704,8
2092710,8
2092714,9
2092808,12
2092900,7
2092965,11
2092985,17
2092994,10
2093005,6
2093018,6
2093070,55
2093104,28
2093109,5
2093112,13
2093113,7
2093190,21
2093223,38
2093229,5
2093262,11
2093273,6
2093283,6
2093370,24
2093388,30
2093431,7
2093437,10
2093501,13
2093534,6
2093598,6
2093604,13
2093689,40
2093705,288
2093715,45
2093810,6
2093824,11
2093827,8
2093896,12
2093927,20
2093936,6
2093940,24
2093941,86
2094007,7
2094028,15
2094083,17
2094093,27
2094159,8
2094230,7
2094233,6
2094237,6
2094289,10
2094355,16
2094403,30
2094437,27
2094456,53
2094461,6
2094487,6
2094497,33
2094532,8
2094538,7
2094542,5
2094551,7
2094581,18
2094600,136
2094604,22
2094622,21
2094690,9
2094711,7
2094739,50
2094745,6
2094751,6
2094777,50
2094782,9
2094799,5
2094820,8
2094824,9
2094838,7
2094869,18
2094905,7
2094907,6
2094917,7
2094929,7
2094968,11
2094997,7
2095002,79
2095015,10
2095082,284
2095110,9
2095131,7
2095180,9
2095224,197
2095312,5
2095313,7
2095327,8
2095336,6
2095345,9
2095352,9
2095373,16
2095396,9
2095486,5
2095488,15
2095499,6
2095530,7
2095596,7
2095618,13
2095633,49
2095639,9
2095660,461
2095663,8
2095701,6
2095759,5
2095778,8
2095796,6
2095798,6
2095817,36
2095826,16
2095899,120
2095929,7
2095967,7
2095983,5
2095985,8
2095986,6
2096097,13
2096100,9
2096101,8
2096123,8
2096131,5
2096210,20
2096240,6
2096267,37
2096289,7
2096297,6
2096319,7
2096320,20
2096342,8
2096421,13
2096516,8
2096538,6
2096566,5
2096567,13
2096568,58
2096626,7
2096660,22
2096710,7
2096733,7
2096772,13
2096840,50
2096864,25
2096898,14
2096973,6
2096978,11
2096979,23
2097092,14
2097125,18
2097169,6
2097184,5
2097194,6
2097303,6
2097306,5
2097328,31
2097363,5
2097411,20
2097508,10
2097536,7
2097609,37
2097638,14
2097640,14
2097699,57
2097761,14
2097769,8
2097802,7
2097809,10
2097851,9
2097861,33
2097869,9
2097880,8
2097914,11
2097915,8
2097948,6
2097961,8
2098002,49
2098005,6
2098009,10
2098038,33
2098141,12
2098164,5
2098173,6
2098176,9
2098179,6
2098182,5
2098234,8
2098294,43
2098342,72
2098368,10
2098371,167
2098417,6
2098509,24
2098523,6
2098553,23
2098592,6
2098595,231
2098695,29
2098707,37
2098725,6
2098726,107
2098773,87
2098777,6
2098791,13
2098792,6
2098798,6
2098803,7
2098807,9
2098811,6
2098822,13
2098843,5
2098867,10
2098872,7
2098886,6
2098918,15
2098935,60
2098991,9
2098994,16
2099035,57
2099070,17
2099071,12
2099073,7
2099117,8
2099144,9
2099203,11
2099250,6
2099319,15
2099362,8
2099381,13
2099402,34
2099443,18
2099506,10
2099522,6
2099524,6
2099541,11
2099589,8
2099635,31
2099667,8
2099671,8
2099777,14
2099799,7
2099805,6
2099835,40
2099862,14
2099880,13
2099885,15
2099886,13
2099936,9
2099945,11
2100003,13
2100005,6
2100006,23
2100008,16
2100016,6
2100041,18
2100057,13
2100069,24
2100176,7
2100245,15
2100255,7
2100256,7
2100351,20
2100415,9
2100450,102
2100492,6
2100554,19
2100563,11
2100585,7
2100615,6
2100656,5
2100663,7
2100696,13
2100711,10
2100719,12
2100786,21
2100787,30
2100842,7
2100877,10
2100888,61
2100899,5
2100910,9
2100971,36
2100979,12
2100997,14
2101031,6
2101047,13
2101092,20
2101129,21
2101145,5
2101238,20
2101241,137
2101245,10
2101253,7
2101283,8
2101286,10
2101328,6
2101392,23
2101416,17
2101439,7
2101449,9
2101475,7
2101491,13
2101507,6
2101525,7
2101528,6
2101534,5
2101637,8
2101727,8
2101728,16
2101729,16
2101736,6
2101750,26
2101751,5
2101755,26
2101783,6
2101802,9
2101845,380
2101928,11
2101933,6
2101961,8
2101971,12
2101976,7
2101977,8
2102113,6
2102140,8
2102147,8
2102150,16
2102153,18
2102162,7
2102175,7
2102210,6
2102265,15
2102309,7
2102399,9
2102453,13
2102471,17
2102474,19
2102526,6
2102551,6
2102588,16
2102601,8
2102660,13
2102695,40
2102720,26
2102810,11
2102826,228
2102827,8
2102848,7
2102880,6
2102886,6
2102915,6
2102929,8
2102960,8
2102982,115
2103065,64
2103141,8
2103158,5
2103181,8
2103215,11
2103250,6
2103268,6
2103342,9
2103363,29
2103417,16
2103504,7
2103534,9
2103577,5
2103579,8
2103585,10
2103648,6
2103697,66
2103751,5
2103846,52
2103851,13
2103864,6
2103889,435
2103935,5
2103967,8
2103982,19
2103993,5
2103994,6
2104004,7
2104005,229
2104032,56
2104044,6
2104048,7
2104083,6
2104090,11
2104112,63
2104127,7
2104179,5
2104194,5
2104201,6
2104210,7
2104278,6
2104333,26
2104338,8
2104356,9
2104420,6
2104438,7
2104508,7
2104555,12
2104590,7
2104616,13
2104649,54
2104717,48
2104730,5
2104731,6
2104732,6
2104832,16
2104904,5
2104910,13
2104940,6
2104946,22
2104959,91
2105003,7
2105045,19
2105145,10
2105163,7
2105164,14
2105253,6
2105281,15
2105342,10
2105511,9
2105535,7
2105547,6
2105574,67
2105581,26
2105603,6
2105606,10
2105624,25
2105635,9
2105770,6
2105854,19
2105935,8
2105993,21
2106083,6
2106089,6
2106140,43
2106150,85
2106170,1188
2106183,7
2106192,11
2106206,11
2106260,6
2106269,5
2106274,7
2106294,42
2106303,16
2106375,7
2106401,16
2106484,5
2106515,32
2106531,5
2106592,7
2106620,7
2106671,12
2106698,80
2106768,7
2106776,6
2106777,36
2106834,8
2106877,6
2106901,29
2106904,37
2106934,6
2106962,6
2106975,7
2106980,10
2107023,8
2107024,14
2107062,6
2107168,23
2107174,10
2107175,12
2107176,15
2107204,13
2107255,7
2107269,10
2107306,7
2107332,21
2107357,27
2107385,6
2107407,8
2107440,48
2107456,37
2107488,85
2107528,39
2107537,6
2107563,11
2107631,9
2107659,9
2107718,8
2107826,17
2107894,5
2107929,40
2107956,6
2107971,16
2107998,9
2108035,6
2108043,14
2108089,23
2108128,35
2108258,8
2108272,298
2108283,7
2108296,8
2108304,21
2108306,11
2108399,8
2108428,9
2108492,5
2108541,6
2108563,6
2108568,18
2108597,6
2108640,19
2108697,6
2108703,7
2108713,7
2108714,70
2108760,37
2108794,11
2108798,6
2108834,6
2108852,5
2108929,9
2108942,8
2108971,10
2109008,10
2109020,15
2109051,10
2109075,6
2109159,23
2109194,8
2109195,74
2109314,7
2109343,6
2109356,37
2109463,34
2109483,5
2109508,19
2109565,14
2109566,8
2109584,6
2109641,15
2109703,11
2109704,6
2109727,42
2109728,39
2109743,6
2109772,82
2109806,5
2109855,5
2109929,9
2109936,5221
2109959,6
2110013,8
2110129,29
2110138,9
2110207,12
2110208,11
2110227,37
2110239,29
2110272,12
2110276,25
2110284,10
2110299,5
2110304,6
2110345,6
2110359,7
2110409,7
2110490,8
2110535,8
2110538,13
2110543,89
2110618,7
2110648,45
2110683,5
2110709,6
2110724,13
2110778,54
2110817,7
2110828,12
2110886,9
2110923,10
2110924,9
2110952,16
2110960,9
2111016,8
2111038,8
2111053,6
2111084,6
2111170,44
2111242,10
2111274,6
2111337,42
2111353,28
2111380,5
2111440,18
2111457,30
2111487,60
2111501,35
2111504,6
2111516,11
2111525,18
2111526,7
2111553,13
2111568,65
2111582,10
2111602,8
2111623,27
2111636,5
2111681,29
2111699,18
2111733,5
2111738,10
2111739,34
2111751,8
2111793,13
2111794,12
2111810,12
2111871,7
2111874,7
2111892,22
2111935,35
2111965,6
2111979,6
2112114,16
2112138,9
2112148,9
2112188,13
2112306,9
2112329,6
2112385,7
2112395,15
2112419,10
2112457,9
2112498,7
2112505,10
2112519,5
2112533,10
2112541,12
2112559,7
2112574,6
2112585,8
2112673,16
2112697,10
2112706,6
2112708,26
2112746,15
2112813,32
2112877,6
2112893,6
2112899,21
2112903,6
2112914,10
2112915,6
2112973,11
2113003,10
2113023,7
2113030,32
2113150,9
2113164,8
2113227,35
2113271,15
2113315,5
2113329,11
2113378,39
2113383,11
2113388,7
2113411,9
2113427,7
2113452,8
2113457,15
2113458,16
2113478,18
2113499,6
2113500,6
2113504,15
2113524,10
2113561,155
2113594,5
2113630,8
2113634,8
2113660,6
2113687,9
2113695,7
2113724,6
2113765,39
2113813,8
2113824,12
2113841,10
2113873,5
2113952,12
2114000,16
2114011,6
2114043,6
2114044,7
2114064,6
2114093,6
2114126,8
2114128,7
2114150,16
2114169,31
2114185,12
2114201,7
2114213,37
2114225,39
2114261,43
2114313,6
2114341,9
2114368,6
2114380,12
2114408,8
2114482,7
2114489,9
2114491,9
2114523,6
2114537,12
2114544,8
2114556,22
2114582,9
2114609,7
2114629,12
2114706,55
2114734,6
2114778,13
2114817,12
2114830,8
2114846,12
2114878,50
2114898,44
2114936,58
2114950,142
2114995,10
2115129,6
2115155,5
2115268,24
2115327,19
2115340,69
2115363,7
2115385,16
2115394,61
2115426,6
2115428,9
2115436,5
2115489,8
2115513,6
2115533,8
2115560,5
2115620,20
2115640,13
2115662,13
2115676,19
2115688,7
2115712,8
2115713,6
2115723,15
2115731,10
2115738,7
2115775,15
2115926,7
2115933,9
2115955,5
2115965,52
2115967,5
2115970,13
2115971,6
2116040,6
2116099,36
2116117,15
2116123,7
2116169,11
2116192,19
2116200,7
2116246,6
2116274,9
2116275,6
2116279,5
2116300,6
2116334,10
2116350,10
2116356,6
2116389,10
2116401,6
2116424,14
2116480,13
2116529,29
2116550,12
2116557,8
2116559,6
2116566,6
2116570,10
2116583,7
2116584,5
2116593,38
2116594,6
2116645,101
2116652,6
2116658,35
2116671,9
2116674,8
2116690,12
2116709,12
2116725,6
2116731,17
2116743,9
2116760,7
2116765,5
2116850,22
2116908,33
2116913,6
2116922,23
2116940,12
2116985,17
2117034,6
2117054,11
2117193,5
2117262,11
2117278,32
2117298,34
2117301,14
2117327,7
2117369,7
2117372,12
2117419,5
2117463,12
2117473,11
2117477,8
2117484,16
2117505,5
2117515,7
2117516,8
2117528,5
2117552,7
2117588,11
2117617,7
2117649,25
2117708,1993
2117727,7
2117807,77
2117829,7
2117909,7
2117950,10
2117987,6
2118008,12
2118062,7
2118075,16
2118211,6
2118248,8
2118313,14
2118315,10
2118345,9
2118411,82
2118446,5
2118451,8
2118459,9
2118466,9
2118485,7
2118569,10
2118654,6
2118686,153
2118691,16
2118717,8
2118728,11
2118748,15
2118776,94
2118777,18
2118809,10
2118811,231
2118821,7
2118911,6
2118926,6
2118965,18
2118996,7
2118999,6
2119002,7
2119044,18
2119129,11
2119155,7
2119187,7
2119205,6
2119207,7
2119214,60
2119227,8
2119241,22
2119274,15
2119334,5
2119336,18
2119357,17
2119389,5
2119421,6
2119462,14
2119467,6
2119498,6
2119514,5
2119535,8
2119579,7
2119622,8
2119635,15
2119639,8
2119643,6
2119667,6
2119691,53
2119715,169
2119735,7
2119769,7
2119776,6
2119806,14
2119843,6
2119852,5
2119858,37
2119919,10
2119986,13
2120015,29
2120060,8
2120081,16
2120086,10
2120091,25
2120146,5
2120172,7
2120186,12
2120232,8
2120251,12
2120286,7
2120290,5
2120292,49
2120324,8
2120333,19
2120377,13
2120381,9
2120411,10
2120459,5
2120522,12
2120535,6
2120555,13
2120610,5
2120640,6
2120657,8
2120666,9
2120723,10
2120747,6
2120760,5
2120839,6
2120888,17
2120895,18
2120958,8
2121041,6
2121043,7
2121089,5
2121109,17
2121134,14
2121139,6
2121143,6
2121155,9
2121156,87
2121205,6
2121237,6
2121241,15
2121247,21
2121259,9
2121272,10
2121286,8
2121293,10
2121313,173
2121321,7
2121328,9
2121399,11
2121422,9
2121427,6
2121460,5
2121541,17
2121554,68
2121575,11
2121620,7
2121648,16
2121697,65
2121745,43
2121748,29
2121754,25
2121756,12
2121771,5
2121776,5
2121779,17
2121892,5
2121949,7
2122016,15
2122029,7
2122033,20
2122083,7
2122127,1356
2122166,16
2122175,15
2122225,7
2122231,5
2122288,9
2122305,8
2122403,10
2122410,26
2122570,7
2122577,5
2122594,12
2122619,8
2122631,8
2122645,5
2122677,6
2122689,7
2122796,10
2122820,14
2122842,20
2122884,6
2122890,6
2122903,8
2122933,11
2122943,6
2122960,6
2122968,6
2123017,6
2123034,6
2123043,5
2123102,37
2123114,5
2123135,6
2123170,6
2123227,7
2123237,7
2123238,16
2123262,114
2123286,11
2123357,6
2123360,18
2123422,6
2123433,75
2123461,9
2123463,10
2123477,15
2123498,19
2123503,19
2123507,14
2123545,8
2123576,14
2123644,399
2123650,161
2123747,8
2123754,7
2123756,57
2123763,26
2123818,39
2123828,6
2123873,7
2123894,8
2123916,263
2123932,18
2123978,6
2124034,6
2124062,42
2124089,5
2124124,15
2124183,51
2124335,40
2124345,44
2124352,8
2124392,16
2124423,16
2124463,15
2124510,6
2124518,71
2124549,7
2124593,68
2124594,7
2124595,17
2124639,6
2124646,7
2124658,5
2124699,16
2124701,11
2124720,8
2124777,46
2124778,47
2124816,7
2124838,20
2124853,17
2124903,52
2124927,9
2124946,5
2124949,25
2124951,5
2124954,196
2124966,8
2125035,19
2125093,19
2125233,7
2125242,6
2125276,6
2125325,6
2125337,6
2125349,14
2125355,13
2125364,7
2125402,13
2125416,6
2125419,14
2125446,10
2125464,25
2125468,100
2125512,6
2125583,7
2125653,6
2125677,158
2125715,10
2125732,45
2125769,5
2125800,17
2125810,41
2125824,6
2125891,42
2125894,12
2125988,8
2125994,34
2125999,46
2126009,10
2126010,8
2126028,5
2126029,12
2126047,5
2126054,6
2126056,9
2126065,5
2126100,173
2126109,16
2126175,12
2126323,6
2126406,6
2126471,64
2126483,14
2126548,18
2126601,11
2126607,7
2126618,28
2126643,8
2126671,48
2126674,20
2126690,5
2126698,12
2126729,15
2126739,6
2126822,39
2126833,7
2126869,7
2126883,201
2126885,17
2126896,6
2126915,6
2126998,7
2127029,6
2127031,7
2127077,110
2127085,7
2127092,22
2127118,44
2127140,11
2127187,7
2127191,8
2127310,21
2127311,12
2127322,13
2127328,14
2127373,11
2127381,43
2127518,36
2127568,6
2127573,6
2127578,44
2127620,17
2127652,37
2127683,10
2127685,34
2127718,21
2127793,14
2127821,11
2127824,7
2127874,20
2127904,6
2127941,10
2127945,9
2127968,11
2127991,18
2128011,8
2128021,6
2128035,8
2128040,14
2128054,22
2128070,6
2128083,12
2128113,7
2128115,11
2128144,22
2128166,5
2128243,6
2128245,6
2128295,6
2128309,6
2128311,14
2128320,928
2128327,6
2128405,6
2128485,6
2128497,10
2128512,6
2128532,22
2128573,7
2128599,5
2128741,26
2128786,31
2128804,6
2128809,6
2128815,40
2128892,6
2128895,6
2128919,6
2128924,131
2128936,6
2129000,9
2129049,9
2129063,32
2129087,5
2129092,5
2129108,14
2129148,5
2129154,6
2129173,25
2129211,6
2129294,6
2129315,19
2129359,19
2129360,7
2129362,8
2129380,272
2129396,10
2129400,6
2129404,16
2129416,9
2129424,5
2129446,8
2129450,5
2129484,8
2129501,9
2129523,5
2129557,45
2129637,12
2129642,12
2129766,7
2129853,18
2129855,100
2129877,12
2129887,7
2129892,8
2129922,16
2129925,9
2129942,86
2129983,13
2129992,10
2130000,14
2130042,6
2130055,775
2130105,8
2130123,7
2130133,6
2130149,5
2130152,14
2130258,6
2130261,15
2130361,12
2130378,28
2130393,6
2130409,17
2130457,5
2130458,13
2130473,6
2130525,24
2130547,6
2130552,6
2130572,21
2130618,5
2130620,7
2130692,6
2130693,11
2130721,10
2130753,7
2130805,43
2130833,242
2130892,8
2130908,6
2130919,5
2130965,27
2130995,32
2131052,5
2131068,59
2131152,19
2131170,33
2131182,5
2131200,10
2131207,6
2131219,49
2131299,13
2131402,22
2131512,6
2131532,5
2131574,9
2131599,7
2131645,10
2131646,7
2131648,6
2131664,7
2131665,6
2131672,6
2131688,9
2131704,123
2131713,10
2131719,6
2131743,7
2131869,14
2131892,13
2131974,20
2132020,6
2132059,8
2132073,34
2132088,26
2132102,8
2132107,13
2132114,110
2132167,36
2132170,6
2132181,8
2132215,7
2132229,6
2132254,5
2132261,10
2132324,13
2132360,47
2132363,6
2132364,10
2132396,12
2132405,18
2132445,7
2132463,16
2132473,6
2132474,6
2132490,22
2132553,5
2132585,35
2132642,6
2132702,10
2132719,11
2132726,15
2132836,6
2132903,19
2132910,8
2132938,6
2132951,10
2132991,6
2133001,63
2133048,12
2133099,7
2133112,6
2133188,9
2133206,6
2133266,6
2133333,7
2133470,13
2133577,10
2133698,9
2133730,11
2133759,6
2133779,5
2133784,47
2133833,7
2133834,6
2133857,6
2133888,5
2133892,8
2133998,6
2134072,117
2134077,17
2134099,8
2134100,9
2134109,6
2134120,7
2134173,10
2134222,90
2134226,7
2134227,7
2134238,13
2134269,7
2134279,12
2134280,27
2134286,142
2134332,6
2134382,6
2134387,15
2134489,10
2134501,6
2134533,8
2134562,21
2134588,8
2134611,6
2134637,16
2134750,6
2134810,11
2134868,16
2134893,40
2134914,17
2134923,10
2135012,6
2135152,6
2135171,18
2135173,131
2135209,47
2135366,19
2135409,7
2135426,6
2135470,24
2135471,15
2135502,5
2135515,26
2135516,16
2135522,20
2135526,14
2135543,39
2135585,17
2135590,7
2135599,26
2135627,6
2135630,7
2135642,273
2135652,17
2135697,7
2135734,18
2135806,13
2135814,9
2135890,7
2135909,7
2135944,470
2135945,43
2135946,57
2135968,8
2136002,19
2136003,7
2136005,13
2136072,37
2136104,442
2136117,7
2136264,10
2136335,9
2136472,7
2136473,49
2136481,11
2136483,6
2136484,6
2136522,10
2136533,8
2136565,15
2136689,6
2136697,7
2136814,13
2136884,11
2136973,9
2137019,123
2137039,7
2137051,21
2137156,25
2137173,7
2137174,8
2137182,43
2137192,9
2137208,36
2137228,6
2137235,5
2137262,9
2137292,40
2137296,12
2137329,15
2137334,5
2137412,36
2137466,9
2137492,6
2137495,10
2137520,34
2137538,9
2137541,6
2137572,102
2137668,9
2137671,6
2137698,15
2137703,33
2137760,34
2137907,6
2137923,23
2138013,13
2138033,15
2138045,9
2138057,8
2138118,10
2138162,53
2138166,6
2138181,7
2138233,6
2138237,14
2138308,8
2138337,11
2138344,6
2138380,16
2138420,7
2138425,13
2138438,7
2138514,94
2138541,7
2138551,8
2138577,40
2138583,13
2138590,5
2138622,13
2138640,6
2138674,10
2138723,8
2138746,19
2138768,5
2138840,7
2138865,37
2138870,10
2138880,11
2138935,6
2138948,23
2138951,30
2139030,6
2139032,6
2139045,6
2139047,29
2139114,32
2139128,10
2139170,10
2139218,14
2139243,10
2139357,8
2139409,7
2139486,6
2139505,50
2139541,9
2139542,5
2139559,8
2139564,6
2139566,55
2139594,6
2139609,7
2139651,14
2139655,6
2139746,14
2139862,6
2139874,5
2139896,15
2139911,9
2139967,8
2140020,14
2140027,5
2140058,7
2140064,12
2140069,26
2140125,5
2140156,10
2140172,17
2140175,22
2140178,6
2140252,5
2140266,6
2140267,19
2140276,7
2140329,21
2140348,6
2140351,21
2140371,50
2140376,10
2140419,6
2140545,6
2140566,17
2140578,6
2140590,10
2140627,7
2140630,6
2140637,5
2140638,5
2140647,8
2140665,10
2140675,6
2140676,5
2140750,10
2140784,14
2140802,6
2140813,6
2140854,7
2140875,36
2140881,11
2140890,163
2140923,31
2140926,10
2140948,15
2140972,6
2141026,11
2141056,6
2141091,5
2141099,6
2141130,37
2141178,9
2141211,11
2141221,12
2141230,5
2141241,16
2141248,5
2141258,25
2141259,19
2141280,14
2141284,10
2141314,8
2141331,8
2141391,5
2141419,12
2141425,23
2141485,38
2141493,8
2141511,5
2141517,10
2141527,9
2141537,46
2141583,13
2141584,49
2141597,8
2141604,5
2141608,12
2141668,8
2141720,7
2141734,7
2141781,6
2141787,8
2141832,23
2141864,8
2141897,6
2141980,7
2142001,11
2142004,337
2142074,30
2142080,5
2142081,5
2142194,15
2142205,23
2142206,1161
2142272,7
2142274,16
2142335,5
2142336,6
2142361,9
2142380,10
2142382,8
2142470,8
2142516,7
2142534,8
2142548,6
2142571,22
2142576,7
2142634,6
2142653,151
2142693,10
2142743,9
2142745,6
2142795,25
2142971,18
2142992,55
2143049,10
2143151,6
2143189,6
2143210,24
2143218,9
2143230,11
2143310,27
2143323,6
2143356,12
2143390,14
2143396,14
2143421,11
2143432,39
2143436,24
2143460,19
2143490,8
2143547,24
2143548,9
2143595,29
2143660,10
2143664,7
2143680,5
2143748,8
2143755,45
2143764,183
2143792,47
2143807,16
2143809,23
2143861,16
2143878,7
2143921,33
2144026,6
2144038,8
2144039,14
2144063,19
2144090,10
2144157,7
2144206,6
2144212,94
2144237,6
2144244,9
2144260,14
2144280,6
2144307,6
2144334,24
2144365,6
2144370,5
2144386,6
2144394,16
2144395,84
2144420,25
2144446,22
2144584,7
2144619,21
2144623,40
2144662,6
2144695,16
2144721,15
2144728,10
2144803,11
2144951,11
2144957,9
2144959,14
2144968,8
2144996,28
2145007,15
2145014,5
2145030,6
2145078,5
2145124,6
2145126,7
2145127,9
2145156,79
2145195,27
2145199,7
2145256,14
2145329,17
2145336,5
2145363,8
2145387,10
2145396,30
2145440,16
2145445,162
2145446,33
2145503,6
2145509,15
2145511,286
2145600,7
2145609,7
2145645,6
2145675,6
2145686,7
2145688,7
2145864,71
2145865,18
2145873,8
2145875,801
2145883,6
2145931,7
2145959,9
2145979,6
2145992,7
2146004,7
2146008,5
2146078,6
2146124,8
2146145,1198
2146160,19
2146181,8
2146192,28
2146232,14
2146281,6
2146283,30
2146323,17
2146378,117
2146384,21
2146400,7
2146413,8
2146473,66
2146501,12
2146502,7
2146530,9
2146536,22
2146561,83
2146570,12
2146595,9
2146606,5
2146609,14
2146610,7
2146672,197
2146698,9
2146720,6
2146723,6
2146781,6
2146797,16
2146804,6
2146822,12
2146921,6
2146998,7
2147034,7
2147049,15
2147149,26
2147154,6
2147165,60
2147225,17
2147239,5
2147278,41
2147299,6
2147318,6
2147376,6
2147497,7
2147501,9
2147510,5
2147517,6
2147526,6
2147545,8
2147553,5
2147574,5
2147672,6
2147678,15
2147685,7
2147782,7
2147799,7
2147815,6
2147816,5
2147829,6
2147843,7
2147888,14
2147930,6
2147942,6
2147992,19
2148012,10
2148021,59
2148040,33
2148072,8
2148109,5
2148130,47
2148151,6
2148155,7
2148212,17
2148218,350
2148226,10
2148236,24
2148258,8
2148277,10
2148309,6
2148310,18
2148327,91
2148332,6
2148333,5
2148411,13
2148419,23
2148469,6
2148549,8
2148562,5
2148564,10
2148588,20
2148617,28
2148623,23
2148657,6
2148673,6
2148697,225
2148732,5
2148745,8
2148818,12
2148819,6
2148830,14
2148853,7
2148859,7
2148873,5
2148898,415
2148899,6
2149033,8
2149060,28
2149061,7
2149128,9
2149156,10
2149163,8
2149239,6
2149246,7
2149290,7
2149402,405
2149414,6
2149466,21
2149499,12
2149526,19
2149612,21
2149649,7
2149668,5
2149679,7
2149726,9
2149757,5
2149768,7
2149799,7
2149813,205
2149870,118
2149885,10
2149899,5
2149983,75
2150125,15
2150182,8
2150193,11
2150207,6
2150247,9
2150260,38
2150288,6
2150302,6
2150378,8
2150408,23
2150436,7
2150501,16
2150543,7
2150546,10
2150613,13
2150655,5
2150691,13
2150748,7
2150768,15
2150774,6
2150785,23
2150840,5
2150868,7
2150905,59
2150906,5
2150917,12
2151006,23
2151045,14
2151118,9
2151151,8
2151154,5
2151183,7
2151202,12
2151272,28
2151315,80
2151336,6
2151337,108
2151499,7
2151500,11
2151564,8
2151605,7
2151609,9
2151763,12
2151770,8
2151791,10
2151814,6
2151824,8
2151837,6
2151851,15
2151894,38
2151902,10
2151961,12
2152009,10
2152015,12
2152129,5
2152145,27
2152154,7
2152161,12
2152176,23
2152197,6
2152266,6
2152317,36
2152319,7
2152345,10
2152362,14
2152447,33
2152454,22
2152501,5
2152514,6
2152531,8
2152532,28
2152542,8
2152561,8
2152566,6
2152583,6
2152594,6
2152609,11
2152626,144
2152627,9
2152653,6
2152703,35
2152706,8
2152721,18
2152743,8
2152744,37
2152797,6
2152801,8
2152994,35
2152998,8
2153037,6
2153110,6
2153149,7
2153152,7
2153158,209
2153203,7
2153209,20
2153219,5
2153240,32
2153337,12
2153347,6
2153372,6
2153379,105
2153401,9
2153440,5
2153494,7
2153512,15
2153548,20
2153586,13
2153587,7
2153588,9
2153686,6
2153765,6
2153802,8
2153817,15
2153833,7
2153842,6
2153916,6
2153932,8
2153998,9
2154020,10
2154061,7
2154076,12
2154094,12
2154098,26
2154117,8
2154179,29
2154188,5
2154197,8
2154257,523
2154259,5
2154286,7
2154309,5
2154381,6
2154414,20
2154495,5
2154557,16
2154559,6
2154582,16
2154595,16
2154659,808
2154737,9
2154763,112
2154810,5
2154818,8
2154834,6
2154845,8
2154876,12
2154931,12
2154941,6
2154979,10
2154997,7
2155016,10
2155081,12
2155120,7
2155124,21
2155142,33
2155268,8
2155276,17
2155288,7
2155296,190
2155313,8
2155337,15
2155354,5
2155355,7
2155462,12
2155472,5
2155505,13
2155534,6
2155543,10
2155574,43
2155575,7
2155609,10
2155627,10
2155648,5
2155663,10
2155678,11
2155682,8
2155703,37
2155720,16
2155733,6
2155760,19
2155782,5
2155797,10
2155858,5
2155859,21
2155911,11
2155913,8
2155914,6
2156012,6
2156068,61
2156088,6
2156143,12
2156197,7
2156208,11
2156219,65
2156232,9
2156290,25
2156352,7
2156365,12
2156366,9
2156370,18
2156416,19
2156439,10
2156443,133
2156492,6
2156519,8
2156536,9
2156540,8
2156547,10
2156576,7
2156588,7
2156589,5
2156618,901
2156645,10
2156661,6
2156721,21
2156775,9
2156780,13
2156785,11
2156809,96
2156814,63
2156862,5
2156938,8
2156959,31
2156978,36
2156979,10
2156992,9
2157006,10
2157023,36
2157079,7
2157084,9
2157130,7
2157185,467
2157186,8
2157239,8
2157263,72
2157308,11
2157312,8
2157323,6
2157341,11
2157385,41
2157428,29
2157435,14
2157509,630
2157541,7
2157569,31
2157602,10
2157622,13
2157697,7
2157729,14
2157774,8
2157776,14
2157797,231
2157891,34
2157939,13
2157962,6
2158052,27
2158066,9
2158077,8
2158094,15
2158099,11
2158187,6
2158188,6
2158206,12
2158209,7
2158225,10
2158252,14
2158315,5
2158317,5
2158359,5
2158386,7
2158411,5
2158412,8
2158502,7
2158521,13
2158524,7
2158557,5
2158580,12
2158588,5
2158597,67
2158614,67
2158618,6
2158630,10
2158646,7
2158648,9
2158680,7
2158694,7
2158700,22
2158734,8
2158770,7
2158807,8
2158985,139
2159002,13
2159017,7
2159102,7
2159109,8
2159114,6
2159206,62
2159207,31
2159254,44
2159281,6
2159282,45
2159287,5
2159296,9
2159298,9
2159324,5
2159333,10
2159341,5
2159391,6
2159466,7
2159468,6
2159491,12
2159492,7
2159538,12
2159539,11
2159540,81
2159553,6
2159564,8
2159605,8
2159629,16
2159639,12
2159691,6
2159707,9
2159743,10
2159768,7
2159973,81
2159989,11
2160041,12
2160052,419
2160074,6
2160103,7
2160179,165
2160194,5
2160202,6
2160218,6
2160283,10
2160284,9
2160294,897
2160346,26
2160356,10
2160390,7
2160457,6
2160464,6
2160499,6
2160508,11
2160542,12
2160547,7
2160627,6
2160642,5
2160650,6
2160651,17
2160655,34
2160674,6
2160705,6
2160713,22
2160736,5
2160748,15
2160831,18
2160885,8
2160901,8
2160942,8
2160954,8
2161034,15
2161057,17
2161070,9
2161077,9
2161086,15
2161120,7
2161134,5
2161194,10
2161199,5
2161248,68
2161350,7
2161375,7
2161427,34
2161463,10
2161535,11
2161542,14
2161545,20
2161557,9
2161580,6
2161585,8
2161597,26
2161606,9
2161623,15
2161647,8
2161661,52
2161666,6
2161689,6
2161690,6
2161692,5
2161702,11
2161706,7
2161713,7
2161746,45
2161777,18
2161780,14
2161795,6
2161812,7
2161836,7
2161838,7
2161860,8
2161875,35
2161974,14
2161979,14
2161992,6
2162042,36
2162097,6
2162100,7
2162113,16
2162123,41
2162124,8
2162140,8
2162182,6
2162194,8
2162202,5
2162214,8
2162230,7
2162243,6
2162262,11
2162276,16
2162294,21
2162311,14
2162370,11
2162372,121
2162433,6
2162465,5
2162518,34
2162552,7
2162645,8
2162669,5
2162681,23
2162692,8
2162706,7
2162740,11
2162761,15
2162883,15
2162886,11
2162916,7
2162918,6
2162919,15
2162950,6
2163114,8
2163160,47
2163239,31
2163287,7
2163320,299
2163328,12
2163334,8
2163346,37
2163384,7
2163415,11
2163416,11
2163418,11
2163423,31
2163450,10
2163529,7
2163534,9
2163540,5
2163616,11
2163627,5
2163642,6
2163687,8
2163700,6
2163728,61
2163788,5
2163807,5
2163827,7
2163892,26
2163964,7
2163986,9
2163990,10
2164007,7
2164012,5
2164043,12
2164064,5
2164077,122
2164138,21
2164203,31
2164232,10
2164340,6
2164343,6
2164398,33
2164447,18
2164473,10
2164553,7
2164558,38
2164606,5
2164624,6
2164628,7
2164823,9
2164829,6
2164889,6
2164890,1468
2164902,7
2164904,23
2165024,6
2165066,6
2165083,6
2165089,6
2165091,8
2165098,8
2165154,6
2165188,8
2165226,11
2165252,9
2165277,47
2165279,15
2165369,5
2165396,38
2165401,8
2165415,8
2165437,7
2165453,8
2165454,5
2165459,9
2165480,7
2165487,22
2165488,18
2165550,13
2165560,15
2165566,6
2165576,16
2165582,31
2165606,7
2165687,6
2165701,10
2165720,7
2165735,35
2165744,11
2165768,14
2165780,27
2165796,145
2165802,7
2165819,6
2165839,9
2165840,7
2165849,9
2165883,9
2165927,6
2165935,7
2166030,14
2166044,83
2166079,6
2166094,20
2166098,5
2166140,6
2166160,7
2166228,14
2166244,6
2166276,22
2166287,10
2166335,15
2166350,13
2166382,7
2166421,34
2166457,6
2166463,6
2166501,7
2166543,8
2166576,7
2166614,10
2166624,104
2166657,28
2166670,93
2166709,23
2166743,8
2166801,29
2166810,6
2166817,8
2166823,7
2166824,7
2166848,20
2166855,24
2166875,5
2166880,9
2166924,10
2166940,288
2166945,6
2166950,283
2166994,21
2167135,13
2167145,23
2167156,539
2167172,5
2167197,40
2167256,6
2167260,15
2167265,6
2167315,6
2167342,11
2167424,10
2167480,6
2167536,7
2167539,8
2167544,13
2167579,6
2167589,13
2167618,13
2167623,19
2167653,9
2167664,8
2167709,7
2167725,63
2167751,9
2167761,12
2167786,16
2167816,6
2167853,104
2167944,17
2167965,6
2167977,30
2167981,8
2167982,16
2167985,6
2168012,8
2168037,12
2168040,10
2168076,13
2168077,8
2168183,21
2168184,49
2168209,10
2168254,26
2168290,11
2168295,9
2168304,31
2168307,38
2168332,15
2168617,26
2168643,7
2168692,35
2168722,8
2168727,13
2168742,40
2168764,16
2168804,13
2168828,5716
2168860,7
2168919,8
2168934,11
2168969,6
2168976,51
2168983,9
2169018,7
2169032,5
2169054,10
2169055,5
2169070,17
2169084,8
2169089,6
2169102,7
2169118,223
2169119,10
2169147,5
2169149,16
2169237,56
2169295,216
2169335,5
2169405,8
2169419,6
2169430,6
2169437,9
2169456,304
2169469,6
2169470,9
2169492,22
2169502,10
2169515,16
2169594,6
2169618,6
2169627,7
2169651,5
2169710,12
2169728,12
2169736,5
2169742,8
2169840,6
2169844,8
2169868,5
2169899,7
2169953,80
2170026,44
2170038,6
2170107,11
2170126,9
2170137,12
2170138,20
2170151,12
2170206,382
2170207,73
2170241,7
2170274,9
2170332,6
2170334,6
2170339,74
2170437,8
2170530,13
2170537,5
2170547,12
2170554,8
2170587,12
2170588,5
2170629,6
2170674,6
2170712,8
2170776,31
2170785,13
2170859,6
2171024,7
2171101,10
2171106,19
2171116,7
2171122,12
2171138,10
2171206,8
2171217,235
2171257,5
2171264,19
2171281,17
2171337,13
2171453,12
2171468,66
2171479,13
2171551,5
2171563,23
2171594,8
2171671,10
2171678,7
2171683,6
2171725,10
2171775,16
2171793,7
2171814,7
2171864,8
2171871,33
2171875,6
2171883,16
2171967,16
2171993,8
2172102,10
2172105,6
2172128,6
2172202,11
2172234,6
2172245,121
2172286,8
2172297,10
2172325,855
2172382,5
2172460,8
2172494,6
2172496,25
2172498,17
2172522,9
2172554,10
2172577,13
2172580,63
2172598,532
2172610,5
2172670,7
2172686,1465
2172744,9
2172775,6
2172794,63
2172801,6
2172876,41
2172903,18
2172905,7
2172915,23
2172922,19
2172923,9
2172942,11
2172983,10
2173051,10
2173059,6
2173061,6
2173111,37
2173130,51
2173207,15
2173225,6
2173277,7
2173299,18
2173320,15
2173337,80
2173378,13
2173383,23
2173478,19
2173490,6
2173494,8
2173503,39
2173523,8
2173524,94
2173536,21
2173542,28
2173560,6
2173577,30
2173597,10
2173604,22
2173652,7
2173655,24
2173661,6
2173736,7
2173773,5
2173805,21
2173810,6
2173832,12
2173858,5
2173869,6
2173885,7
2173899,9
2173984,6
2174021,6
2174060,7
2174105,12
2174127,50
2174157,7
2174225,5
2174230,8
2174250,104
2174275,21
2174279,8
2174281,6
2174292,19
2174307,9
2174321,38
2174414,28
2174458,6
2174501,26
2174521,14
2174616,32
2174617,14
2174622,8
2174715,28
2174716,9
2174744,78
2174768,79
2174785,34
2174806,5
2174842,17
2174850,9
2174910,6
2174911,7
2174939,6
2174955,11
2175003,9
2175040,9
2175044,7
2175085,83
2175093,978
2175098,13
2175116,7
2175144,9
2175146,7
2175181,8
2175193,110
2175251,5
2175315,38
2175345,6
2175436,13
2175443,5
2175483,7
2175503,59
2175506,8
2175512,9
2175515,36
2175529,33
2175557,7
2175594,6
2175602,8
2175646,9
2175677,10
2175706,31
2175747,16
2175762,117
2175763,14
2175827,8
2175828,9
2175842,9
2175867,7
2175868,7
2175888,9
2175900,5
2175902,6
2175926,6
2175993,177
2176049,8
2176098,8
2176141,9
2176174,9
2176300,10
2176310,28
2176329,16
2176334,14
2176383,8
2176397,13
2176412,24
2176431,5
2176476,9
2176483,1132
2176496,7
2176498,191
2176539,24
2176543,14
2176556,8
2176650,11
2176651,7
2176688,10
2176697,6
2176726,5
2176759,7
2176779,30
2176829,11
2176876,5
2176916,7
2176917,32
2176925,6
2177001,108
2177009,6
2177043,7
2177068,12
2177112,24
2177155,21
2177161,19
2177258,11
2177287,22
2177334,10
2177410,45
2177420,45
2177453,13
2177496,5
2177547,6
2177568,9
2177608,14
2177658,39
2177675,28
2177800,23
2177996,9
2178001,9
2178006,10
2178038,18
2178046,32
2178049,167
2178072,7
2178089,6
2178181,7
2178294,79
2178311,5
2178356,5
2178383,20
2178384,5
2178404,10
2178417,5
2178418,67
2178431,5
2178472,10
2178480,91
2178516,8
2178525,16
2178548,6
2178564,21
2178574,19
2178633,171
2178761,10
2178794,153
2178830,5
2178872,8
2178874,7
2178971,9
2178998,7
2179068,14
2179096,7
2179193,10
2179244,7
2179259,6
2179265,14
2179271,6
2179350,5
2179433,8
2179442,5
2179447,5
2179452,13
2179465,8
2179536,11
2179687,13
2179730,20
2179749,21
2179773,68
2179790,8
2179848,9
2179877,15
2179910,24
2179964,9
2180005,5
2180061,7
2180084,6
2180107,10
2180113,7
2180123,6
2180156,85
2180176,5
2180189,31
2180191,15
2180192,6
2180197,8
2180219,5
2180224,10
2180245,9
2180280,22
2180292,6
2180327,6
2180455,16
2180473,23
2180486,17
2180494,9
2180528,14
2180530,158
2180572,22
2180596,7
2180619,20
2180650,9
2180733,11
2180736,9
2180743,36
2180744,11
2180770,10
2180800,7
2180813,5
2180829,6
2180962,18
2181014,49
2181035,13
2181052,12
2181063,9
2181142,7
2181179,6
2181204,10
2181230,8
2181268,8
2181354,20
2181397,22
2181468,6
2181492,60
2181567,28
2181575,15
2181576,33
2181605,8
2181620,5
2181679,6
2181701,8
2181737,6
2181861,64
2181889,11
2182005,21
2182089,13
2182127,6
2182164,9
2182184,67
2182212,8
2182279,8
2182283,14
2182298,5
2182331,7
2182334,10
2182362,14
2182376,82
2182380,8
2182388,15
2182393,9
2182411,13
2182438,13
2182518,8
2182530,8
2182559,11
2182645,9
2182677,8
2182683,6
2182689,22
2182786,9
2182803,14
2182839,5
2182870,20
2182872,11
2182944,6
2182978,43
2183011,11
2183045,14
2183047,6
2183117,192
2183131,6
2183215,6
2183239,6
2183248,120
2183249,13
2183296,11
2183339,5
2183358,5
2183365,5
2183393,7
2183430,6
2183445,53
2183502,7
2183538,14
2183589,7
2183593,197
2183641,7
2183693,11
2183806,21
2183836,7
2183955,7
2183968,5
2184004,12
2184126,7
2184149,5
2184172,10
2184183,10
2184216,14
2184220,11
2184247,6
2184262,6
2184267,105
2184296,6
2184416,9
2184426,9
2184481,25
2184495,12
2184507,11
2184510,8
2184511,6
2184539,37
2184576,7
2184639,7
2184781,6
2184809,6
2184835,7
2184841,22
2184868,10
2184923,31
2184999,7
2185031,17
2185051,8
2185055,19
2185062,16
2185079,7
2185104,8
2185114,18
2185123,9
2185205,6
2185264,62
2185274,15
2185279,22
2185282,7
2185308,14
2185309,11
2185318,12
2185321,46
2185363,8
2185405,7
2185517,71
2185553,6
2185611,71
2185718,8
2185743,12
2185802,7
2185944,14
2185968,28
2185980,5
2185989,34
2186019,8
2186061,6
2186122,13
2186203,8
2186245,13
2186298,6
2186330,14
2186339,5
2186360,7
2186466,167
2186560,19
2186603,9
2186640,170
2186660,9
2186693,18
2186705,17
2186770,16
2186829,6
2186910,6
2186916,20
2186924,13
2186933,20
2186946,6
2187063,8
2187101,16
2187109,6
2187123,11
2187161,5
2187215,7
2187238,6
2187248,8
2187297,8
2187314,17
2187391,19
2187401,10
2187431,10
2187442,10
2187451,10
2187467,7
2187504,24
2187518,16
2187563,6
2187583,16
2187587,8
2187600,16
2187663,13
2187716,7
2187746,7
2187846,10
2187863,6
2187902,19
2187931,9
2187968,5
2188082,5
2188095,6
2188152,5
2188158,61
2188182,7
2188320,8
2188355,10
2188399,50
2188406,12
2188419,7
2188429,10
2188478,16
2188546,9
2188621,8
2188686,7
2188710,7
2188715,112
2188740,8
2188806,12
2188834,5
2188840,7
2188867,28
2188877,7
2188898,5
2188914,6
2188921,44
2188937,6
2188953,18
2188964,6
2188966,5
2188992,9
2189028,9
2189047,9
2189071,10
2189083,27
2189096,8
2189097,24
2189135,106
2189168,6
2189210,12
2189211,565
2189235,5
2189292,17
2189305,7
2189312,8
2189319,70
2189330,14
2189371,5
2189503,45
2189607,10
2189618,7
2189632,7
2189647,6
2189652,7
2189699,30
2189711,5
2189738,257
2189759,58
2189809,9
2189851,13
2189859,8
2189861,191
2189908,14
2189911,20
2189973,5
2189995,16
2190020,24
2190021,7
2190022,11
2190068,9
2190105,10
2190116,8
2190180,10
2190185,13
2190199,7
2190241,14
2190273,7
2190298,49
2190362,5
2190371,7
2190508,6
2190544,22
2190605,8
2190607,8
2190617,52
2190645,6
2190652,11
2190676,8
2190677,37
2190723,7
2190738,6
2190740,6
2190768,16
2190770,9
2190790,12
2190805,6
2190826,12
2190858,14
2191027,6
2191062,6
2191076,7
2191081,14
2191087,6
2191091,14
2191103,132
2191147,6
2191159,6
2191175,17
2191194,10
2191290,10
2191315,9
2191337,11
2191368,8
2191432,14
2191440,6
2191513,10
2191563,6
2191575,10
2191601,18
2191618,7
2191665,38
2191671,9
2191685,6
2191698,6
2191728,9
2191767,10
2191770,10
2191805,6
2191818,11
2191829,30
2191850,10
2191856,5
2191891,13
2191901,6
2191902,10
2191917,5
2191939,16
2191946,16
2191980,5
2191983,62
2192019,18
2192059,12
2192061,8
2192078,23
2192088,7
2192093,18
2192149,8
2192159,10
2192222,6
2192258,73
2192263,34
2192291,6
2192293,12
2192333,32
2192374,6
2192389,9
2192396,8
2192397,6
2192419,193
2192486,7
2192496,11
2192523,97
2192526,6
2192568,6
2192600,5
2192602,6
2192630,5
2192631,6
2192678,22
2192691,5
2192702,8
2192706,6
2192737,34
2192808,6
2192822,59
2192827,8
2192882,114
2192892,8
2192987,275
2193053,27
2193057,17
2193071,20
2193076,7
2193110,6
2193112,7
2193132,5
2193148,6
2193174,31
2193194,9
2193256,5
2193265,14
2193298,5
2193306,7
2193412,6
2193466,8
2193505,9
2193536,88
2193564,10
2193595,16
2193627,16
2193633,7
2193642,10
2193662,6
2193710,6
2193716,6
2193719,19
2193728,12
2193750,5
2193788,8
2193818,9
2193825,5
2193931,8
2193968,9
2193979,8
2193985,5
2194093,11
2194154,6
2194212,5
2194215,31
2194238,5
2194246,11
2194309,12
2194353,20
2194358,5
2194427,7
2194433,8
2194509,6
2194512,20
2194515,5
2194518,8
2194523,7
2194612,6
2194650,8
2194655,8
2194676,9
2194703,18
2194737,6
2194759,6
2194800,15
2194838,10
2194909,9
2194935,13
2194946,6
2194961,69
2194978,6
2194996,7
2195004,9
2195012,12
2195061,7
2195103,69
2195106,39
2195114,6
2195129,22
2195170,6
2195179,9
2195181,21
2195218,10
2195246,8
2195282,11
2195302,8
2195328,5
2195425,34
2195432,13
2195439,11
2195451,9
2195455,7
2195466,17
2195584,7
2195622,12
2195638,7
2195659,13
2195671,6
2195680,12
2195699,7
2195725,7
2195742,8
2195769,24
2195796,5
2195843,28
2195914,12
2195917,6
2195924,8
2195962,20
2195997,11
2196010,11
2196019,8
2196033,9
2196087,56
2196120,31
2196136,83
2196148,15
2196193,9
2196214,7
2196215,6
2196227,20
2196238,7
2196254,26
2196256,17
2196263,31
2196276,11
2196289,5
2196440,7
2196454,27
2196455,6
2196513,6
2196585,6
2196613,6
2196629,12
2196632,13
2196678,5
2196690,20
2196714,11
2196728,6
2196739,8
2196783,8
2196826,7
2196844,21
2196923,8
2196969,18
2197130,12
2197140,5
2197203,27
2197216,12
2197218,6
2197226,11
2197256,27
2197335,14
2197339,9
2197438,7
2197461,79
2197480,23
2197491,11
2197516,5
2197572,6
2197632,22
2197691,9
2197749,18
2197819,5
2197876,6
2197892,6
2197908,9
2197951,27
2197956,7
2197992,6
2198010,6
2198067,13
2198076,6
2198147,10
2198149,13
2198181,10
2198227,6
2198239,13
2198256,6
2198272,7
2198376,10
2198385,9
2198405,13
2198453,7
2198464,7
2198497,43
2198498,12
2198632,6
2198670,6
2198713,33
2198720,9
2198736,13
2198751,14
2198930,15
2199007,13
2199065,13
2199080,8
2199193,20
2199213,22
2199221,78
2199266,78
2199274,18
2199287,13
2199319,384
2199320,7
2199321,157
2199325,23
2199345,71
2199366,6
2199393,14
2199413,14
2199436,11
2199446,9
2199493,18
2199509,8
2199593,153
2199609,67
2199742,14
2199761,9
2199777,10
2199875,10
2199880,5
2199915,23
2199992,14
2200033,6
2200049,5
2200054,5
2200192,19
2200200,26
2200208,6
2200223,8
2200255,8
2200262,29
2200286,9
2200328,10
2200362,8
2200378,5
2200406,16
2200409,10
2200440,137
2200495,28
2200506,11
2200514,16
2200521,13
2200573,8
2200575,10
2200662,20
2200672,7
2200676,6
2200718,7
2200788,24
2200923,7
2200928,6
2200929,10
2200986,51
2201002,9
2201007,8
2201014,26
2201022,7
2201043,5
2201062,7
2201079,12
2201117,59
2201168,30
2201211,5
2201256,31
2201323,15
2201348,5
2201378,7
2201394,12
2201409,7
2201424,6
2201439,8
2201442,9
2201452,12
2201477,6
2201481,6
2201541,6
2201605,5
2201625,7
2201689,37
2201746,179
2201777,12
2201780,55
2201904,10
2201934,7
2201981,22
2202039,8
2202057,25
2202065,21
2202072,7
2202137,5
2202138,6
2202174,8
2202237,7
2202249,14
2202282,14
2202296,8
2202335,7
2202371,17
2202408,10
2202409,9
2202423,47
2202431,17
2202444,13
2202467,15
2202539,16
2202541,11
2202549,12
2202550,19
2202557,12
2202564,5
2202568,8
2202596,16
2202600,20
2202648,10
2202700,5
2202751,12
2202854,10
2202931,5
2202961,21
2202981,13
2202995,16
2203017,7
2203023,5
2203057,6
2203074,6
2203085,27
2203088,29
2203089,6
2203101,14
2203104,31
2203120,6
2203121,32
2203142,6
2203168,6
2203182,11
2203201,6
2203272,9
2203329,8
2203360,13
2203363,6
2203367,6
2203401,90
2203441,15
2203464,5
2203476,6
2203504,21
2203523,10
2203533,14
2203535,7
2203557,7
2203602,10
2203652,13
2203696,10
2203701,10
2203705,12
2203733,8
2203772,6
2203807,6
2203882,11
2203917,6
2203956,11
2203972,33
2204074,6
2204080,7
2204085,12
2204148,6
2204191,7
2204225,6
2204283,17
2204303,22
2204310,22
2204352,6
2204499,16
2204501,6
2204506,115
2204519,10
2204538,16
2204562,7
2204576,9
2204602,6
2204603,7
2204609,15
2204655,13
2204659,35
2204685,8
2204696,5
2204741,9
2204744,10
2204774,5
2204821,43
2204836,8
2204909,14
2204927,10
2204937,13
2205090,33
2205101,6
2205115,48
2205122,8
2205133,14
2205161,23
2205174,15
2205189,11
2205190,6
2205245,6
2205327,10
2205438,27
2205443,5
2205451,6
2205478,6
2205512,8
2205517,47
2205542,5
2205620,8
2205627,9
2205643,32
2205653,5
2205673,6
2205676,7
2205706,25
2205729,7
2205730,8
2205810,19
2205812,7
2205934,467
2205967,7
2205976,8
2206021,63
2206026,36
2206048,5
2206049,6
2206080,30
2206103,12
2206135,7
2206136,6
2206142,6
2206215,5
2206217,8
2206241,24
2206323,622
2206331,24
2206395,22
2206436,5
2206448,5
2206524,387
2206554,15
2206580,6
2206609,13
2206618,6
2206632,11
2206693,6
2206716,5
2206721,7
2206775,5
2206814,22
2206818,5
2206858,5
2206916,9
2206924,40
2206948,5
2206950,27
2206984,7
2206995,7
2207000,7
2207054,85
2207078,15
2207084,10
2207112,41
2207132,10
2207136,35
2207184,8
2207209,14
2207238,7
2207239,11
2207244,7
2207288,27
2207297,10
2207313,10
2207338,6
2207340,6
2207375,5
2207430,15
2207436,14
2207470,18
2207481,25
2207551,12
2207576,6
2207585,40
2207626,7
2207683,15
2207695,7
2207710,9
2207748,9
2207786,15
2207800,7
2207817,10
2207820,6
2207827,6
2207848,10
2207855,19
2207871,7
2207903,11
2207936,8
2208013,6
2208014,6
2208019,26
2208062,16
2208112,8
2208113,12
2208119,7
2208129,7
2208142,5
2208208,6
2208238,69
2208244,46
2208252,10
2208300,10
2208311,9
2208389,11
2208393,6
2208462,6
2208466,6
2208467,53
2208470,6
2208506,11
2208525,5
2208565,25
2208597,8
2208672,5
2208685,10
2208720,7
2208765,8
2208783,55
2208799,99
2208912,9
2208954,104
2208997,8
2209047,15
2209087,14
2209132,9
2209151,14
2209153,5
2209258,5
2209261,11
2209290,11
2209302,5
2209303,6
2209322,19
2209335,22
2209347,5
2209442,8
2209468,9
2209546,14
2209580,40
2209641,6
2209650,6
2209660,8
2209676,6
2209685,5
2209689,34
2209731,11
2209754,10
2209781,38
2209831,7
2209843,17
2209866,6
2209868,14
2209873,54
2209952,18
2209967,19
2210024,12
2210072,5
2210081,8
2210123,21
2210152,6
2210211,10
2210221,48
2210273,6
2210277,17
2210287,11
2210321,8
2210331,14
2210335,39
2210336,37
2210376,7
2210405,6
2210453,20
2210454,498
2210470,6
2210491,13
2210497,9
2210564,7
2210577,7
2210601,5
2210659,27
2210669,6
2210740,9
2210777,6
2210783,6
2210795,35
2210832,14
2210906,32
2210920,8
2210973,44
2211006,5
2211014,87
2211042,20
2211085,13
2211140,18
2211170,1331
2211179,7
2211183,8
2211225,6
2211281,5
2211293,9
2211310,10
2211362,65
2211446,102
2211549,6
2211567,16
2211584,20
2211640,14
2211641,9
2211660,9
2211669,8
2211758,16
2211787,7
2211857,34
2211873,5
2211932,53
2211946,7
2212039,11
2212065,6
2212075,6
2212086,16
2212088,8
2212125,15
2212128,6
2212146,18
2212158,9
2212160,8
2212171,12
2212187,7
2212193,12
2212232,12
2212244,71
2212256,84
2212359,6
2212474,278
2212525,9
2212538,5
2212582,5
2212589,7
2212613,27
2212633,5
2212644,7
2212683,7
2212691,7
2212702,8
2212732,16
2212760,6
2212793,16
2212796,8
2212829,7
2212867,7
2212888,11
2212950,7
2212956,9
2213005,13
2213025,130
2213045,12
2213072,10
2213097,6
2213117,15
2213122,11
2213125,5
2213217,10
2213262,7
2213273,13
2213340,7
2213385,7
2213400,14
2213433,42
2213440,5
2213500,8
2213508,5
2213510,11
2213578,9
2213603,5
2213632,19
2213647,8
2213662,6
2213678,7
2213724,10
2213843,20
2213865,7
2213874,9
2213890,10
2213910,16
2213940,203
2213957,15
2213962,44
2213970,5
2214047,16
2214096,7
2214098,12
2214118,5
2214131,8
2214186,15
2214198,10
2214205,11
2214388,7
2214389,28
2214455,11
2214461,8
2214494,15
2214504,11
2214536,6
2214557,20
2214561,18
2214637,30
2214660,19
2214673,44
2214711,13
2214754,8
2214853,108
2214897,38
2214922,6
2214970,84
2214975,5
2215016,44
2215104,6
2215128,7
2215163,6
2215238,27
2215302,6
2215323,6
2215353,13
2215362,12
2215414,6
2215468,7
2215522,10
2215570,88
2215598,37
2215636,8
2215655,20
2215664,10
2215679,14
2215688,17
2215695,7
2215728,8
2215769,5
2215790,17
2215866,81
2215926,5
2215931,53
2215932,5
2215944,14
2215989,7
2215996,19
2216034,20
2216055,10
2216078,852
2216091,10
2216103,442
2216105,7
2216107,5
2216118,114
2216144,6
2216154,10
2216156,14
2216175,32
2216187,37
2216198,13
2216240,7
2216288,8
2216322,8
2216344,35
2216370,5
2216452,7
2216469,6
2216497,7
2216529,12
2216562,7
2216582,6
2216586,8
2216616,6
2216631,9
2216648,8
2216649,6
2216677,11
2216687,9
2216704,34
2216712,47
2216721,9
2216735,18
2216759,7
2216763,5
2216780,9
2216827,8
2216866,13
2216872,9
2216943,16
2217029,5
2217082,6
2217229,94
2217241,5
2217247,5
2217257,16
2217264,23
2217283,6
2217313,13
2217361,9
2217374,8
2217386,6
2217387,11
2217433,51
2217441,12
2217455,52
2217459,12
2217507,17
2217512,13
2217546,8
2217568,10
2217573,87
2217575,114
2217598,7
2217626,5
2217710,12
2217723,6
2217828,51
2217836,9
2217847,11
2217855,13
2217858,12
2217862,6
2217876,44
2217889,9
2217945,8
2217946,591
2218121,9
2218136,22
2218199,93
2218357,9
2218362,151
2218363,11
2218374,11
2218378,26
2218481,19
2218488,8
2218499,9
2218510,8
2218519,7
2218552,5
2218560,8
2218622,8
2218646,7
2218651,15
2218657,7
2218700,13
2218717,18
2218730,10
2218783,6
2218789,35
2218862,11
2218864,6
2218894,7
2218895,15
2218926,7
2218945,6
2218952,38
2218960,5
2218979,9
2218987,6
2219035,6
2219151,56
2219159,14
2219192,7
2219194,9
2219197,16
2219211,8
2219239,15
2219250,27
2219269,7
2219296,12
2219328,6
2219332,21
2219356,10
2219374,26
2219416,10
2219417,18
2219449,7
2219521,8
2219574,5
2219598,9
2219655,5
2219724,7
2219821,5
2220003,8
2220030,58
2220109,15
2220113,8
2220171,13
2220182,13
2220202,7
2220214,7
2220226,24
2220265,7
2220270,13
2220271,882
2220294,8
2220300,6
2220308,21
2220316,6
2220318,6
2220325,6
2220344,192
2220348,8
2220369,6
2220427,22
2220430,7
2220507,44
2220571,11
2220591,6
2220604,15
2220671,9
2220672,7
2220747,6
2220772,21
2220791,8
2220798,10
2220799,7
2220842,6
2220857,5
2220871,10
2220880,126
2220910,13
2220929,6
2221031,6
2221044,11
2221051,9
2221057,8
2221067,13
2221094,5
2221112,8
2221134,5
2221161,6
2221287,5
2221315,6
2221342,6
2221383,6
2221387,16
2221407,25
2221424,22
2221468,7
2221479,9
2221494,6
2221546,53
2221567,36
2221593,5
2221597,6
2221628,9
2221646,84
2221672,7
2221738,7
2221767,8
2221779,6
2221808,93
2221815,7
2221867,6
2221895,10
2221911,7
2221958,34
2221982,6
2222064,6
2222097,5
2222106,10
2222177,6
2222178,13
2222245,12
2222264,12
2222310,9
2222311,6
2222324,5
2222360,44
2222384,11
2222521,7
2222534,6
2222542,13
2222572,21
2222600,25
2222667,14
2222683,10
2222785,12
2222826,6
2222831,8
2222881,6
2222882,9
2222895,6
2222917,43
2222918,10
2222939,7
2222945,9
2222955,8
2222972,6
2223006,8
2223044,24
2223091,9
2223102,17
2223112,7
2223126,8
2223140,8
2223141,9
2223234,11
2223244,8
2223250,32
2223328,9
2223392,5
2223400,11
2223406,10
2223415,7
2223418,20
2223421,6
2223429,6
2223463,6
2223478,6
2223503,7
2223562,20
2223597,6
2223677,12
2223683,15
2223731,15
2223793,9
2223849,67
2223942,60
2223993,6
2223997,6
2224002,5
2224014,6
2224053,6
2224064,23
2224080,9
2224095,6
2224115,6
2224142,7
2224150,6
2224194,11
2224199,7
2224203,12
2224208,8
2224246,25
2224292,6
2224411,5
2224426,10
2224482,25
2224483,25
2224549,5
2224662,8
2224782,9
2224805,76
2224840,7
2224869,36
2224877,5
2224909,10
2224924,16
2224951,20
2224985,16
2224989,8
2225072,6
2225093,8
2225117,12
2225182,7
2225213,5
2225229,6
2225236,6
2225260,9
2225282,13
2225327,12
2225332,8
2225344,12
2225353,8
2225366,19
2225373,20
2225399,6
2225400,18
2225444,21
2225459,5
2225538,27
2225560,6
2225568,12
2225637,313
2225665,10
2225703,5
2225774,42
2225800,167
2225807,11
2225878,45
2225906,7
2225916,5
2225949,8
2226024,15
2226039,6
2226069,14
2226094,6
2226101,6
2226104,6
2226105,7
2226231,57
2226258,8
2226262,81
2226387,6
2226403,14
2226439,5
2226440,7
2226521,23
2226522,9
2226530,6
2226543,13
2226545,12
2226608,6
2226614,6
2226645,25
2226670,448
2226721,33
2226740,78
2226820,47
2226833,5
2226838,20
2226843,12
2226875,9
2226904,19
2226916,6
2226922,8
2226927,10
2226986,6
2226995,126
2227019,42
2227058,6
2227062,6
2227081,7
2227095,171
2227192,16
2227218,8
2227227,11
2227248,12
2227270,7
2227278,6
2227324,11
2227345,24
2227356,87
2227364,15
2227391,8
2227392,8
2227417,28
2227500,8
2227501,7
2227568,9
2227572,11
2227588,13
2227601,14
2227618,7
2227634,17
2227738,6
2227756,6
2227759,7
2227837,7
2227872,16
2227875,6
2227946,6
2227990,10
2227991,5
2228028,20
2228037,21
2228104,14
2228113,7
2228186,6
2228284,6
2228354,9
2228364,19
2228383,7
2228387,7
2228417,14
2228468,97
2228529,8
2228570,5
2228612,18
2228669,5
2228672,6
2228722,7
2228734,6
2228770,136
2228771,293
2228817,13
2228883,8
2228886,8
2228909,22
2228922,15
2228923,7
2228943,15
2228999,5
2229000,10
2229046,5
2229050,8
2229051,8
2229081,9
2229141,16
2229149,9
2229193,6
2229198,98
2229218,33
2229223,6
2229248,7
2229283,6
2229291,7
2229294,48
2229327,38
2229340,6
2229342,14
2229349,8
2229370,16
2229381,11
2229403,5
2229437,15
2229448,9
2229469,9
2229636,9
2229657,11
2229672,13
2229703,6
2229734,11
2229795,7
2229802,9
2229826,6
2229834,7
2229843,9
2229847,7
2229900,6
2229913,6
2229918,11
2229952,5
2229969,43
2230018,11
2230039,15
2230046,5
2230117,7
2230176,9
2230184,7
2230215,445
2230218,9
2230219,7
2230231,19
2230259,11
2230277,11
2230302,8
2230303,8
2230318,9
2230343,9
2230368,8
2230440,7
2230450,5
2230452,9
2230473,5
2230474,6
2230483,7
2230519,24
2230526,7
2230530,6
2230545,12
2230548,11
2230614,20
2230617,6
2230625,9
2230644,8
2230664,8
2230665,6
2230731,7
2230736,6
2230760,8
2230791,8
2230900,18
2230906,17
2230911,150
2230912,20
2230979,20
2230996,6
2231019,9
2231035,31
2231084,15
2231131,21
2231142,112
2231155,9
2231163,8
2231199,15
2231256,9
2231300,7
2231364,49
2231382,8
2231389,6
2231424,12
2231455,8
2231472,10
2231512,5
2231524,12
2231529,12
2231561,7
2231640,33
2231642,9
2231653,8
2231662,26
2231693,8
2231698,6
2231699,28
2231701,49
2231737,16
2231744,151
2231774,8
2231882,5
2231896,9
2231941,6
2231975,21
2232035,21
2232069,52
2232152,10
2232157,8
2232177,10
2232189,6
2232193,5
2232250,6
2232267,5
2232317,5
2232321,13
2232333,15
2232373,6
2232389,6
2232487,9
2232533,177
2232561,8
2232653,14
2232696,6
2232711,18
2232754,33
2232769,5
2232793,5
2232931,7
2232942,5
2232965,20
2232977,7
2233064,16
2233079,6
2233096,7
2233108,10
2233145,12
2233155,23
2233220,13
2233231,8
2233256,3175
2233265,6
2233273,11
2233306,9
2233307,6
2233419,31
2233438,5
2233463,6
2233471,6
2233529,5
2233600,14
2233626,7
2233634,6
2233755,7
2233756,6
2233813,13
2233854,9
2233890,14
2233908,7
2233945,35
2233946,6
2233952,5
2233995,9
2234013,6
2234079,46
2234080,5
2234098,9
2234133,6
2234174,7
2234192,9
2234245,10
2234284,22
2234291,8
2234301,10
2234321,7
2234334,20
2234355,10
2234435,6
2234436,6
2234495,9
2234506,55
2234556,26
2234565,7
2234570,8
2234572,7
2234609,5
2234610,6
2234665,6
2234679,5
2234711,25
2234797,28
2234808,10
2234824,15
2234848,7
2234866,7
2234870,41
2234887,6
2234906,7
2234914,25
2234943,7
2234947,19
2234962,7
2235041,8
2235173,29
2235235,6
2235245,11
2235293,6
2235295,6
2235310,8
2235358,10
2235406,15
2235433,25
2235453,94
2235468,7
2235471,26
2235472,11
2235497,9
2235560,5
2235602,8
2235625,13
2235627,6
2235638,6
2235653,8
2235672,6
2235708,9
2235712,7
2235733,6
2235743,14
2235744,17
2235748,8
2235761,11
2235788,7
2235791,443
2235808,6
2235840,67
2235868,7
2235877,34
2235879,21
2235884,18
2235895,103
2235914,6
2235993,7
2235995,5
2236024,20
2236078,28
2236101,9
2236170,12
2236171,6
2236194,17
2236204,5
2236229,11
2236251,30
2236362,37
2236376,8
2236388,27
2236439,15
2236442,7
2236452,5
2236519,5
2236520,5
2236541,6
2236580,20
2236582,10
2236631,6
2236645,5
2236663,7
2236705,14
2236740,9
2236757,15
2236816,55
2236829,10
2236875,6
2236901,6
2236930,6
2236931,19
2236960,64
2236965,50
2236986,8
2237089,7
2237115,6
2237124,6
2237155,8
2237220,93
2237272,6
2237290,30
2237298,27
2237315,7
2237346,6
2237359,6
2237381,7
2237383,25
2237390,11
2237398,8
2237456,15
2237467,12
2237500,49
2237501,839
2237513,13
2237554,7
2237572,53
2237598,15
2237602,38
2237684,8
2237685,102
2237711,12
2237722,11
2237749,6
2237776,30
2237791,15
2237797,6
2237854,9
2237880,6
2237918,5
2237937,8
2237938,37
2238050,9
2238068,13
2238071,6
2238097,5
2238099,11
2238148,8
2238202,12
2238211,7
2238339,6
2238359,6
2238388,5
2238398,17
2238410,7
2238418,9
2238498,44
2238511,8
2238522,15
2238532,6
2238598,15
2238605,207
2238680,8
2238705,25
2238764,8
2238766,7
2238811,14
2238836,6
2238851,7
2238877,70
2238939,11
2238941,28
2238986,11
2238989,7
2239014,18
2239063,11
2239065,6
2239092,11
2239095,12
2239124,8
2239187,7
2239193,266
2239196,5
2239236,36
2239284,7
2239285,35
2239297,6
2239436,6
2239442,12
2239514,12
2239587,6
2239612,6
2239671,7
2239702,25
2239723,9
2239754,51
2239755,12
2239756,6
2239816,17
2239831,6
2239884,10
2239934,10
2239958,30
2239970,6
2239971,7
2239972,13
2240003,10
2240056,31
2240091,8
2240112,7
2240125,103
2240126,7
2240139,56
2240190,9
2240264,6
2240267,10
2240278,24
2240284,6
2240333,6
2240379,8
2240447,407
2240508,5
2240525,8
2240548,9
2240557,6
2240635,5
2240732,11
2240737,11
2240815,6
2240837,9
2240855,15
2240874,6
2240898,30
2240933,7
2240983,19
2240984,6
2240994,16
2240995,10
2240999,5
2241113,7
2241115,692
2241155,5
2241183,46
2241213,7
2241218,36
2241230,10
2241248,6
2241267,25
2241304,6
2241318,8
2241335,9
2241351,14
2241356,6
2241358,50
2241419,7
2241428,6
2241436,6
2241458,51
2241531,8
2241557,21
2241623,10
2241664,9
2241700,11
2241707,6
2241713,8
2241796,5
2241797,5
2241908,6
2241912,47
2241932,18
2241940,6
2241974,75
2241976,17
2241978,70
2241980,12
2242039,6
2242086,20
2242139,21
2242156,6
2242210,48
2242235,8
2242290,10
2242300,7
2242472,9
2242477,14
2242478,7
2242591,17
2242614,5
2242684,26
2242753,6
2242754,28
2242770,6
2242799,16
2242805,142
2242889,114
2242930,11
2242937,17
2242991,7
2243021,11
2243059,9
2243068,8
2243118,10
2243122,7
2243131,8
2243154,12
2243180,7
2243266,14
2243268,6
2243292,13
2243331,22
2243338,7
2243407,28
2243408,14
2243412,6
2243456,6
2243461,123
2243471,16
2243481,8
2243514,7
2243536,13
2243649,8
2243683,17
2243685,35
2243766,9
2243790,6
2243817,5
2243826,8
2243830,6
2243845,48
2243865,10
2243883,16
2243890,6
2243942,7
2244019,6
2244075,6
2244076,6
2244087,10
2244092,9
2244124,8
2244128,8
2244184,9
2244217,30
2244260,7
2244272,11
2244281,6
2244335,7
2244353,7
2244378,8
2244381,12
2244402,8
2244415,5
2244456,6
2244467,15
2244469,82
2244478,7
2244492,38
2244501,6
2244508,10
2244517,17
2244520,8
2244560,5
2244568,28
2244587,23
2244609,21
2244656,10
2244787,170
2244874,10
2244891,165
2244909,26
2244912,30
2244918,16
2244919,6
2244951,29
2244954,40
2244977,6
2244995,6
2245061,13
2245141,6
2245212,37
2245220,21
2245240,33
2245273,19
2245304,12
2245309,6
2245458,6
2245476,5
2245505,6
2245576,7
2245641,9
2245655,8
2245755,6
2245772,6
2245786,15
2245845,5
2246018,6
2246044,11
2246101,8
2246120,5
2246143,30
2246158,8
2246172,11
2246203,5
2246212,9
2246227,5
2246279,7
2246418,7
2246431,11
2246432,33
2246437,6
2246439,6
2246449,13
2246457,7
2246561,7
2246571,10
2246575,6
2246592,23
2246624,10
2246625,19
2246653,16
2246659,14
2246726,6
2246752,7
2246812,11
2246818,7
2246820,13
2246901,5
2246908,33
2246940,6
2246973,5
2246999,5
2247004,9
2247009,20
2247012,9
2247024,32
2247036,7
2247059,213
2247139,49
2247167,18
2247172,11
2247181,51
2247257,8
2247312,14
2247328,6
2247333,6
2247372,14
2247392,14
2247399,8
2247429,8
2247465,13
2247504,35
2247552,8
2247585,20
2247594,6
2247596,6
2247598,7
2247612,6
2247664,6
2247670,15
2247689,10
2247807,5
2247851,7
2247870,7
2247883,7
2247906,17
2247934,50
2247949,30
2247965,9
2247972,50
2248048,4399
2248057,8
2248084,7
2248085,7
2248147,33
2248188,11
2248213,10
2248231,32
2248341,6
2248367,13
2248431,7
2248516,12
2248569,8
2248586,6
2248594,6
2248628,21
2248652,300
2248672,6
2248749,7
2248774,31
2248809,7
2248817,5
2248880,55
2248895,15
2248896,5
2248956,8
2248957,18
2249032,14
2249035,6
2249048,11
2249073,33
2249080,6
2249093,15
2249152,12
2249184,14
2249221,6
2249309,10
2249351,6
2249419,6
2249433,8
2249450,20
2249482,6
2249500,7
2249545,7
2249557,13
2249563,35
2249571,5
2249575,8
2249597,27
2249599,21
2249622,9
2249630,40
2249682,6
2249699,18
2249704,6
2249706,11
2249709,8
2249715,5
2249720,21
2249734,10
2249863,5
2249870,27
2249871,18
2249875,9
2249915,42
2249940,6
2249972,7
2249977,17
2249979,5
2249998,32
2250017,36
2250019,20
2250048,6
2250051,5
2250068,24
2250072,5
2250092,9
2250143,7
2250171,58
2250190,62
2250243,5
2250254,7
2250303,19
2250316,6
2250321,11
2250334,34
2250404,228
2250412,43
2250441,7
2250486,14
2250520,11
2250609,7
2250633,7
2250667,16
2250676,18
2250688,22
2250828,8
2250836,9
2250863,10
2250869,57
2250873,25
2250956,17
2250977,5
2250996,5
2250997,6
2251024,13
2251041,20
2251042,14
2251054,6
2251107,80
2251132,6
2251152,9
2251160,557
2251184,139
2251243,25
2251255,10
2251256,5
2251263,6
2251266,8
2251280,8
2251299,13
2251302,12
2251399,6
2251410,7
2251452,81
2251463,6
2251470,15
2251515,8
2251532,7
2251536,6
2251643,7
2251669,14
2251684,7
2251715,8
2251773,8
2251843,17
2251864,7
2251925,6
2251926,7
2251934,10
2252015,8
2252034,5
2252045,65
2252119,13
2252130,7
2252140,73
2252162,134
2252182,5
2252190,13
2252219,6
2252235,13
2252272,11
2252287,6
2252297,6
2252330,5
2252347,8
2252452,9
2252472,6
2252478,13
2252646,13
2252696,6
2252711,6
2252726,8
2252754,6
2252780,26
2252827,6
2252855,14
2252876,9
2252894,18
2252923,70
2252936,2625
2252939,38
2252942,6
2252943,5
2252985,5
2252995,14
2253035,8
2253069,7
2253117,7
2253181,12
2253215,7
2253248,9
2253254,6
2253259,5
2253272,7
2253413,8
2253420,5
2253424,5
2253462,6
2253471,6
2253472,37
2253508,7
2253516,36
2253573,6
2253613,60
2253681,20
2253735,7
2253883,8
2253892,6
2253905,5
2253923,19
2253934,25
2253975,7
2253977,9
2254001,6
2254010,27
2254023,7
2254095,6
2254099,6
2254102,7
2254128,11
2254167,14
2254213,101
2254215,13
2254224,5
2254339,19
2254358,37
2254389,8
2254424,8
2254458,6
2254524,8
2254539,15
2254552,6
2254573,8
2254624,12
2254627,7
2254670,12
2254683,6
2254714,12
2254763,6
2254767,8
2254788,9
2254809,13
2254861,6
2254891,7
2254919,8
2254983,23
2254998,11
2255003,20
2255084,33
2255127,11
2255135,21
2255140,41
2255179,30
2255187,34
2255197,8
2255214,9
2255233,16
2255237,9
2255238,9
2255322,14
2255334,18
2255463,8
2255469,29
2255481,8
2255533,9
2255581,8
2255609,6
2255634,7
2255652,7
2255660,8
2255689,22
2255694,17
2255767,5
2255843,18
2255856,17
2256005,6
2256056,15
2256062,6
2256126,15
2256182,54
2256209,11
2256242,13
2256285,8
2256320,5
2256352,5
2256362,14
2256399,8
2256404,8
2256471,8
2256570,39
2256573,11
2256593,56
2256605,38
2256627,95
2256635,10
2256698,10
2256705,31
2256726,11
2256757,55
2256759,6
2256768,18
2256781,26
2256826,44
2256828,7
2256878,7
2256895,117
2256965,5
2257007,8
2257012,14
2257014,8
2257031,48
2257164,7
2257168,6
2257259,6
2257297,7
2257298,14
2257319,6
2257325,5
2257350,177
2257368,7
2257389,10
2257410,18
2257413,10
2257436,6
2257455,6
2257458,12
2257459,8
2257467,13
2257632,10
2257818,6
2257893,5
2257956,12
2257999,27
2258073,93
2258124,7
2258174,10
2258191,112
2258204,12
2258211,6
2258216,5
2258261,9
2258271,27
2258277,10
2258295,37
2258332,5
2258337,8
2258340,15
2258361,11
2258377,7
2258389,272
2258493,22
2258524,7
2258553,20
2258565,40
2258596,14
2258601,8
2258614,7
2258626,8
2258669,81
2258672,9
2258742,8
2258756,7
2258759,10
2258772,25
2258791,7
2258828,7
2258866,7
2258904,47
2259125,13
2259128,20
2259149,16
2259204,10
2259238,8
2259279,10
2259280,13
2259430,7
2259498,2156
2259543,7
2259562,6
2259591,12
2259639,7
2259659,23
2259728,6
2259755,6
2259780,56
2259813,7
2259822,6
2259866,6
2260000,6
2260078,38
2260142,13
2260213,6
2260221,6
2260229,8
2260252,6
2260256,6
2260311,5
2260349,20
2260365,11
2260465,31
2260480,13
2260559,9
2260608,29
2260652,8
2260659,6
2260684,6
2260725,6
2260729,7
2260756,10
2260782,8
2260904,6
2260981,25
2260989,8
2260997,6
2260998,555
2261017,24
2261039,20
2261056,7
2261096,5
2261118,6
2261119,25
2261132,6
2261183,12
2261213,109
2261272,18
2261301,9
2261331,32
2261342,6
2261377,6
2261403,63
2261415,6
2261456,13
2261513,13
2261519,22
2261527,14
2261545,19
2261593,36
2261645,26
2261685,6
2261700,9
2261715,19
2261743,67
2261772,7
2261817,52
2261880,22
2261895,9
2261899,5
2261912,34
2261918,11
2261959,7
2261973,9
2262001,12
2262076,8
2262133,5
2262193,124
2262195,9
2262283,7
2262293,11
2262336,5
2262345,677
2262364,6
2262391,7
2262435,6
2262436,11
2262465,25
2262516,12
2262548,6
2262593,6
2262620,12
2262626,6
2262662,6
2262694,7
2262758,12
2262781,8
2262852,97
2262876,15
2262887,6
2262931,5
2262935,7
2262966,22
2263012,13
2263040,12
2263063,124
2263099,6
2263142,15
2263163,51
2263166,15
2263225,7
2263234,8
2263255,88
2263264,312
2263265,25
2263304,6
2263332,10
2263389,18
2263391,5
2263417,7
2263436,396
2263470,5
2263514,18
2263557,10
2263599,7
2263633,40
2263750,10
2263771,56
2263791,11
2263828,6
2263857,6
2263874,6
2263921,8
2263922,31
2263926,15
2263930,26
2263999,12
2264053,8
2264067,8
2264083,8
2264094,33
2264104,10
2264105,5
2264111,11
2264157,6
2264181,18
2264183,11
2264187,10
2264234,5
2264372,31
2264469,8
2264499,5
2264584,12
2264596,6
2264676,8
2264687,14
2264690,10
2264766,9
2264771,8
2264783,11
2264799,54
2264834,8
2264850,18
2264874,6
2264913,6
2264956,7
2264968,7
2264988,39
2265049,8
2265079,75
2265084,19
2265100,6
2265107,15
2265205,26
2265251,9
2265328,6
2265356,14
2265369,7
2265397,6
2265419,16
2265429,11
2265557,10
2265596,120
2265686,8
2265687,9
2265714,12
2265730,9
2265743,326
2265749,10
2265750,6
2265773,23
2265817,6
2265828,6
2265837,5
2265841,13
2265850,111
2265854,7
2265871,14
2265918,10
2265993,18
2266019,26
2266037,19
2266077,6
2266153,6
2266171,39
2266195,7
2266198,7
2266247,13
2266249,7
2266280,6
2266302,112
2266306,15
2266341,16
2266367,7
2266370,6
2266391,18
2266448,57
2266462,5
2266474,6
2266537,15
2266548,5
2266572,9
2266626,31
2266637,53
2266662,5
2266676,14
2266680,7
2266689,5
2266741,10
2266767,18
2266772,5
2266777,7
2266833,7
2266840,7
2266871,6
2266889,10
2266895,16
2266900,7
2266927,16
2266935,64
2266938,10
2266947,8
2267009,14
2267012,9
2267085,6
2267189,15
2267235,8
2267238,7
2267329,9
2267352,11
2267427,20
2267429,8
2267465,7
2267514,97
2267555,5
2267663,6
2267680,10
2267717,23
2267754,499
2267755,5
2267817,11
2267846,14
2267853,6
2267879,16
2267909,5
2267986,9
2267997,5
2268004,9
2268024,6
2268076,7
2268118,22
2268148,66
2268197,107
2268232,10
2268255,110
2268264,67
2268269,16
2268275,5
2268303,6
2268332,6
2268357,6
2268374,6
2268375,7
2268404,23
2268519,50
2268557,12
2268582,48
2268601,13
2268638,5
2268651,92
2268698,9
2268750,19
2268753,7
2268762,10
2268769,7
2268784,15
2268830,11
2268835,14
2268837,14
2268846,25
2268869,9
2268884,11
2268947,12
2268959,6
2268990,18
2268993,30
2269011,7
2269036,9
2269062,39
2269070,5
2269103,6
2269151,7
2269172,18
2269195,9
2269198,25
2269210,30
2269222,12
2269242,5
2269253,36
2269257,14
2269360,7
2269419,59
2269454,39
2269458,50
2269481,133
2269498,6
2269504,7
2269522,7
2269553,8
2269565,8
2269650,67
2269707,6
2269723,12
2269743,60
2269776,7
2269786,36
2269789,12
2269792,10
2269815,11
2269857,8
2269888,11
2269938,8
2269953,33
2270046,16
2270071,6
2270141,5
2270161,8
2270184,6
2270206,6
2270213,15
2270216,6
2270290,6
2270293,6
2270298,16
2270352,17
2270358,27
2270360,5
2270441,6
2270490,8
2270517,8
2270518,11
2270528,14
2270559,14
2270565,12
2270571,6
2270595,9
2270628,7
2270636,13
2270695,12
2270699,7
2270700,10
2270709,33
2270717,6
2270727,7
2270759,144
2270801,6
2270805,6
2270815,6
2270846,36
2270867,9
2270875,6
2270909,6
2270922,5
2270923,9
2270960,12
2271027,8
2271035,9
2271037,6
2271038,12
2271048,13
2271149,12
2271183,25
2271284,5
2271341,6
2271356,6
2271441,7
2271469,6
2271487,7
2271520,46
2271523,10
2271568,9
2271589,6
2271615,6
2271642,106
2271651,12
2271690,14
2271707,6
2271786,9
2271795,14
2271820,6
2271838,88
2271865,10
2271893,7
2271897,28
2271919,10
2271935,18
2271955,5
2271981,7
2272006,11
2272065,13
2272115,7
2272170,14
2272190,74
2272192,7
2272201,8
2272235,10
2272243,32
2272251,16
2272305,7
2272327,6
2272368,8
2272431,26
2272444,6
2272497,6
2272511,6
2272640,7
2272675,6
2272729,55
2272730,284
2272788,14
2272817,35
2272830,9
2272845,6
2272856,5
2272890,8
2272899,5
2272901,9
2272910,14
2272939,137
2272957,23
2273013,9
2273075,13
2273111,11
2273131,28
2273155,5
2273175,23
2273215,81
2273288,6
2273289,93
2273349,6
2273361,8
2273415,5
2273425,13
2273455,6
2273510,13
2273562,7
2273566,6
2273578,6
2273607,7
2273610,10
2273694,31
2273706,10
2273729,369
2273731,52
2273790,7
2273792,15
2273823,6
2273834,43
2273835,5
2273840,10
2273849,6
2273881,7
2273938,5
2273941,11
2273973,12
2274043,6
2274089,5
2274099,9
2274147,15
2274154,9
2274171,6
2274220,6
2274256,10
2274293,16
2274378,7
2274395,8
2274425,6
2274439,7
2274488,7
2274504,10
2274516,6
2274588,7
2274590,20
2274605,5
2274613,7
2274630,6
2274736,19
2274823,7
2274839,5
2274850,9
2274912,16
2274930,12
2274933,12
2274956,5
2275033,6
2275052,8
2275076,6
2275091,7
2275397,7
2275431,7
2275443,11
2275492,8
2275495,5
2275520,115
2275539,6
2275551,12
2275689,6
2275698,6
2275707,13
2275744,15
2275790,6
2275813,7
2275836,6
2275850,7
2275904,10
2276000,52
2276027,12
2276033,14
2276048,7
2276053,8
2276112,14
2276165,11
2276227,17
2276267,45
2276404,6
2276412,15
2276438,82
2276440,88
2276458,12
2276481,5
2276508,15
2276511,75
2276556,35
2276557,17
2276593,26
2276624,35
2276631,6
2276648,6
2276707,7
2276771,22
2276824,6
2276855,15
2276884,20
2276910,24
2277050,6
2277079,12
2277090,8
2277091,19
2277094,16
2277106,6
2277107,5
2277222,29
2277260,5
2277292,5
2277366,11
2277374,15
2277380,6
2277395,9
2277420,14
2277429,6
2277472,38
2277479,14
2277511,6
2277597,7
2277598,17
2277609,6
2277634,14
2277657,43
2277658,30
2277672,19
2277711,9
2277727,18
2277747,45
2277824,46
2277838,11
2277856,9
2277898,57
2278005,9
2278113,7
2278114,8
2278115,6
2278146,33
2278157,8
2278188,6
2278196,14
2278204,21
2278230,13
2278243,7
2278273,6
2278367,7
2278376,15
2278397,55
2278446,188
2278510,12
2278539,65
2278554,15
2278555,7
2278589,39
2278643,50
2278675,24
2278691,30
2278710,6
2278711,13
2278714,20
2278746,7
2278797,7
2278804,82
2278839,9
2278910,204
2278931,6
2278942,8
2278954,8
2278961,6
2278964,7
2279074,28
2279094,7
2279097,7
2279154,6
2279212,9
2279257,7
2279262,16
2279274,7
2279319,8
2279322,6
2279338,10
2279378,8
2279426,20
2279443,20
2279465,8
2279482,6
2279530,6
2279540,6
2279581,8
2279698,7
2279718,8
2279743,6
2279768,16
2279792,67
2279810,555
2279811,10
2279821,6
2279869,15
2279883,6
2279965,6
2279990,7
2279993,18
2280002,6
2280049,12
2280071,8
2280113,6
2280124,10
2280204,11
2280239,8
2280274,5
2280325,6
2280341,5
2280374,569
2280438,9
2280448,10
2280453,32
2280483,5
2280491,8
2280520,8
2280527,12
2280531,37
2280542,5
2280555,8
2280563,17
2280570,14
2280608,9
2280741,10
2280744,6
2280766,9
2280811,6
2280846,7
2280871,10
2280966,6
2281003,15
2281031,25
2281032,10
2281079,20
2281112,15
2281118,6
2281119,33
2281189,74
2281234,58
2281262,5
2281278,19
2281290,11
2281295,12
2281315,8
2281350,22
2281360,28
2281364,7
2281393,19
2281456,32
2281485,11
2281489,5
2281491,6
2281494,5
2281524,8
2281666,13
2281670,9
2281706,8
2281750,6
2281756,182
2281775,67
2281789,47
2281803,6
2281867,14
2281876,9
2281906,8
2281922,7
2281979,8
2282035,14
2282072,6
2282117,6
2282132,5
2282142,7
2282159,23
2282164,7
2282220,34
2282240,6
2282248,12
2282249,6
2282282,7
2282293,8
2282299,10
2282308,8
2282326,13
2282339,5
2282352,15
2282396,19
2282460,7
2282465,31
2282556,11
2282566,22
2282588,799
2282590,8
2282638,6
2282659,7
2282662,6
2282675,94
2282737,38
2282746,15
2282747,12
2282878,7
2282899,6
2283001,5
2283015,13
2283036,15
2283062,7
2283091,6
2283092,5
2283129,308
2283154,5
2283178,5
2283197,67
2283311,30
2283343,12
2283347,6
2283354,6
2283383,40
2283392,95
2283400,27
2283405,9
2283435,96
2283443,8
2283458,6
2283461,13
2283463,8
2283504,20
2283513,5
2283524,6
2283545,133
2283554,6
2283575,5
2283605,8
2283617,9
2283754,5
2283782,22
2283802,11
2283884,10
2283916,15
2283917,17
2283968,8
2284101,13
2284113,6
2284114,7
2284150,7
2284228,7
2284264,6
2284283,7
2284285,8
2284295,8
2284316,7
2284333,8
2284357,13
2284401,7
2284406,7
2284407,23
2284424,7
2284432,10
2284439,13
2284506,13
2284526,8
2284557,6
2284568,45
2284572,58
2284644,43
2284696,20
2284723,26
2284733,8
2284740,17
2284761,13
2284925,8
2284934,154
2284979,7
2285013,8
2285028,14
2285069,5
2285104,8
2285105,6
2285135,6
2285149,8
2285185,29
2285213,26
2285237,5
2285294,6
2285305,6
2285351,18
2285361,11
2285386,11
2285393,9
2285417,5
2285445,8
2285486,5
2285498,15
2285502,11
2285543,5
2285596,28
2285673,6
2285774,11
2285794,5
2285815,6
2285844,7
2285910,12
2285940,13
2285972,12
2285995,6
2286005,8
2286006,37
2286037,8
2286059,6
2286087,14
2286097,6
2286127,10
2286178,82
2286275,11
2286302,7
2286329,6
2286380,94
2286442,27
2286453,7
2286474,19
2286536,6
2286576,43
2286618,6
2286642,9
2286654,8
2286712,86
2286761,20
2286803,8
2286805,9
2286828,6
2286842,9
2286911,12
2286971,9
2286974,9
2286991,26
2286996,5
2287012,8
2287045,411
2287061,48
2287080,34
2287136,5
2287151,8
2287154,10
2287165,7
2287167,8
2287182,9
2287187,9
2287221,7
2287305,6
2287372,6
2287393,6
2287395,53
2287396,6
2287410,8
2287417,49
2287418,11
2287458,14
2287532,6
2287639,19
2287715,6
2287718,10
2287724,7
2287736,5
2287742,13
2287743,49
2287744,12
2287841,8
2287871,6
2287896,10
2287931,6
2287957,24
2287960,9
2287977,10
2288007,8
2288028,6
2288032,5
2288043,13
2288044,6
2288056,6
2288060,12
2288072,14
2288073,9
2288089,6
2288100,5
2288101,7
2288206,11
2288211,8
2288332,9
2288363,22
2288367,10
2288375,7
2288376,13
2288466,22
2288493,6
2288600,13
2288609,8
2288633,12
2288635,12
2288727,16
2288794,6
2288798,12
2288807,11
2288817,6
2288825,14
2288832,6
2288840,6
2288893,15
2288915,8
2288924,24
2288925,9
2288970,6
2289002,10
2289045,7
2289046,5
2289051,51
2289149,8
2289158,6
2289159,18
2289211,27
2289270,10
2289283,6
2289328,18
2289330,5
2289464,23
2289465,14
2289471,7
2289488,10
2289509,11
2289531,6
2289556,7
2289571,12
2289587,14
2289638,25
2289710,6
2289741,9
2289746,28
2289786,7
2289858,21
2289881,16
2289902,5
2289918,5
2289928,162
2289940,38
2289992,5
2290021,38
2290022,6
2290026,13
2290068,18
2290095,9
2290101,5
2290102,7
2290119,8
2290121,9
2290161,9
2290177,6
2290179,14
2290232,34
2290275,13
2290293,37
2290294,22
2290369,92
2290380,7
2290439,10
2290448,40
2290503,8
2290518,7
2290537,5
2290607,8
2290669,22
2290673,6
2290685,9
2290815,5
2290816,5
2290828,8
2290880,9
2290904,15
2290905,9
2290924,79
2290948,11
2290974,9
2290984,6
2291011,9
2291012,6
2291022,10
2291030,11
2291170,62
2291179,5
2291261,6
2291287,57
2291303,22
2291435,23
2291453,9
2291648,6
2291701,9
2291707,10
2291787,6
2291819,7
2291884,9
2291920,10
2291932,13
2291976,8
2292029,34
2292076,5
2292148,6
2292154,28
2292208,20
2292223,11
2292230,6
2292244,14
2292260,34
2292263,11
2292272,18
2292294,13
2292306,37
2292334,6
2292339,11
2292355,10
2292358,6
2292375,93
2292385,12
2292411,7
2292418,9
2292421,8
2292427,6
2292469,6
2292471,23
2292472,6
2292553,48
2292559,35
2292573,7
2292574,13
2292585,20
2292616,29
2292632,42
2292635,6
2292651,8
2292657,7
2292681,7
2292684,7
2292719,5
2292732,7
2292755,57
2292762,6
2292774,224
2292807,9
2292915,16
2292928,23
2292952,7
2292955,7
2292993,12
2293007,5
2293026,8
2293051,11
2293061,10
2293081,6
2293083,15
2293097,28
2293154,8
2293155,8
2293157,31
2293175,12
2293197,5
2293210,7
2293263,7
2293274,121
2293278,11
2293290,20
2293307,10
2293317,8
2293336,7
2293367,7
2293394,14
2293519,12
2293566,10
2293743,7
2293774,9
2293797,8
2293871,12
2293946,205
2294001,6
2294021,5
2294026,5
2294119,191
2294164,6
2294196,6
2294300,6
2294317,28
2294354,20
2294362,14
2294424,9
2294585,16
2294587,14
2294599,20
2294613,9
2294623,6
2294711,30
2294712,77
2294715,5
2294739,470
2294765,177
2294781,8
2294791,31
2294834,10
2294892,12
2294978,10
2294991,79
2295014,6
2295024,6
2295034,5
2295077,23
2295175,29
2295181,6
2295194,7
2295213,6
2295254,6
2295267,18
2295288,24
2295325,23
2295328,11
2295345,5
2295359,11
2295370,7
2295381,10
2295437,9
2295454,20
2295484,7
2295494,15
2295544,23
2295545,19
2295555,8
2295586,21
2295673,7
2295683,11
2295684,5
2295694,6
2295760,9
2295770,9
2295777,12
2295805,90
2295843,9
2295850,31
2295853,5
2295879,23
2295899,7
2295925,28
2295994,14
2296039,5
2296040,10
2296049,8
2296080,6
2296095,7
2296125,7
2296184,38
2296206,14
2296208,6
2296210,20
2296220,37
2296273,13
2296342,176
2296389,68
2296414,48
2296466,6
2296474,10
2296491,6
2296514,12
2296517,8
2296542,9
2296552,5
2296553,52
2296576,6
2296598,6
2296607,8
2296621,10
2296622,8
2296633,9
2296665,10
2296734,8
2296804,19
2296842,7
2296890,19
2296940,7
2296941,6
2296964,10
2297061,8
2297073,25
2297127,7
2297154,103
2297179,13
2297189,5
2297234,7
2297235,48
2297238,8
2297242,10
2297325,6
2297414,13
2297418,6
2297457,14
2297493,13
2297494,7
2297508,100
2297549,16
2297578,5
2297590,7
2297634,6
2297683,10
2297725,8
2297775,7
2297835,11
2297853,10
2297886,6
2297953,6
2297957,18
2298055,14
2298069,19
2298070,13
2298083,36
2298086,6
2298106,6
2298135,12
2298140,117
2298163,9
2298202,6
2298213,8
2298299,12
2298320,23
2298323,7
2298339,92
2298443,7
2298455,6
2298471,6
2298516,5
2298517,46
2298636,5
2298653,19
2298686,29
2298697,16
2298739,7
2298809,11
2298818,69
2298833,9
2298846,18
2298861,9
2298901,6
2298917,6
2298938,6
2298982,6
2299037,21
2299054,8
2299060,7
2299101,5
2299133,25
2299230,5
2299245,10
2299247,25
2299283,12
2299285,8
2299307,9
2299370,6
2299392,6
2299501,29
2299545,6
2299562,9
2299625,6
2299652,18
2299681,6
2299689,7
2299691,5
2299701,5
2299776,27
2299858,52
2299859,33
2299888,5
2299931,31
2299950,6
2299980,26
2299982,10
2300094,6
2300223,13
2300245,6
2300303,8
2300304,9
2300353,11
2300479,15
2300485,7
2300489,15
2300540,33
2300551,7
2300572,6
2300583,21
2300598,9
2300620,5
2300624,6
2300633,6
2300639,9
2300697,36
2300786,12
2300821,42
2300829,7
2300844,6
2300863,28
2300872,8
2300904,6
2300909,7
2301041,8
2301056,10
2301071,7
2301124,6
2301204,6
2301218,8
2301284,15
2301358,9
2301367,5
2301446,13
2301471,11
2301483,7
2301498,9
2301525,6
2301544,8
2301547,14
2301551,9
2301564,15
2301571,6
2301616,6
2301621,12
2301644,10
2301657,14
2301662,6
2301687,13
2301749,9
2301806,32
2301894,35
2301944,8
2301948,6
2301964,27
2301973,16
2301976,16
2302003,6
2302080,21
2302098,7
2302101,17
2302115,9
2302152,7
2302160,13
2302210,17
2302221,24
2302245,6
2302260,6
2302355,9
2302378,9
2302381,9
2302426,5
2302448,16
2302514,7
2302563,160
2302574,34
2302590,5
2302592,6
2302670,7
2302677,8
2302678,11
2302691,6
2302692,125
2302701,28
2302714,7
2302720,7
2302806,8
2302808,44
2302877,19
2302891,5
2302895,14
2302919,6
2302943,6
2302987,38
2303018,8
2303062,39
2303082,14
2303144,6
2303205,6
2303206,21
2303279,5
2303287,6
2303301,8
2303304,8
2303335,10
2303360,40
2303365,8
2303384,6
2303389,9
2303391,14
2303500,5
2303554,10
2303555,6
2303604,8
2303610,41
2303719,8
2303742,13
2303767,13
2303788,54
2303793,13
2303800,11
2303802,138
2303813,5
2303829,6
2303873,8
2303874,7
2303968,8
2303976,18
2303983,8
2304063,40
2304100,18
2304141,34
2304167,12
2304174,8
2304206,28
2304283,17
2304292,13
2304314,23
2304364,11
2304366,7
2304370,11
2304374,9
2304398,10
2304405,14
2304527,10
2304532,7
2304562,7
2304584,76
2304627,21
2304669,5
2304691,5
2304722,6
2304726,6
2304817,9
2304930,121
2304935,9
2304945,5
2305041,11
2305148,5
2305162,12
2305206,8
2305232,6
2305267,15
2305275,10
2305280,7
2305284,20
2305292,7
2305297,23
2305339,10
2305359,7
2305374,5
2305464,10
2305484,6
2305538,9
2305561,6
2305563,19
2305605,11
2305606,7
2305659,14
2305678,13
2305744,6
2305773,21
2305790,6
2305818,6
2305829,8
2305862,5
2305874,5
2305897,6
2305912,52
2305965,6
2305995,5
2306169,11
2306223,5
2306237,8
2306246,7
2306278,5
2306296,11
2306309,7
2306328,5
2306332,12
2306377,6
2306445,13
2306453,8
2306468,6
2306470,71
2306500,19
2306502,82
2306559,9
2306561,7
2306578,20
2306604,8
2306617,6
2306678,18
2306715,35
2306745,8
2306812,5
2306819,5
2306844,57
2306875,5
2306879,16
2306907,7
2306967,28
2307013,7
2307027,386
2307028,11
2307084,5
2307092,11
2307171,8
2307209,6
2307223,5
2307238,6
2307273,13
2307324,6
2307341,17
2307351,7
2307354,27
2307372,15
2307391,23
2307409,13
2307434,749
2307452,11
2307485,13
2307525,6
2307543,11
2307569,26
2307583,6
2307615,8
2307621,9
2307643,10
2307741,14
2307771,7
2307825,9
2307830,6
2307858,30
2307889,10
2307997,8
2308033,11
2308065,6
2308073,8
2308094,8
2308103,59
2308105,11
2308131,14
2308163,7
2308175,12
2308192,120
2308207,6
2308220,9
2308279,6
2308288,8
2308328,7
2308338,12
2308342,8
2308343,11
2308365,10
2308395,5
2308452,72
2308453,7
2308513,7
2308523,10
2308526,11
2308546,15
2308592,12
2308616,7
2308674,10
2308690,17
2308748,114
2308769,17
2308792,9
2308802,6
2308837,8
2308854,6
2308881,10
2308933,101
2308957,5
2308982,7
2309031,6
2309071,8
2309084,11
2309155,12
2309164,27
2309188,26
2309210,12
2309218,19
2309255,9
2309300,5
2309333,5
2309336,6
2309344,24
2309367,61
2309407,12
2309434,7
2309496,6
2309511,30
2309520,7
2309707,10
2309713,10
2309725,27
2309815,5
2309816,8
2309818,8
2309854,9
2309865,6
2309874,12
2309884,16
2309892,9
2309905,53
2309992,14
2310003,11
2310011,81
2310012,5
2310070,13
2310072,18
2310075,7
2310090,5
2310149,12
2310194,53
2310206,6
2310214,7
2310331,6
2310442,17
2310484,12
2310486,13
2310513,10
2310575,9
2310626,10
2310738,10
2310765,7
2310819,5
2310866,6
2310890,7
2310921,56
2310922,8
2310928,6
2311013,7
2311026,9
2311052,12
2311158,8
2311172,6
2311235,6
2311251,6
2311272,7
2311288,8
2311289,6
2311292,13
2311311,6
2311320,8
2311332,7
2311349,6
2311398,11
2311440,8
2311458,12
2311472,15
2311476,7
2311500,7
2311531,54
2311549,44
2311566,7
2311578,6
2311581,5
2311645,10
2311681,8
2311682,7
2311765,812
2311774,10
2311820,13
2311823,11
2311857,6
2311887,6
2311890,5
2311914,49
2311917,6
2311927,39
2311941,8
2312025,23
2312194,60
2312305,11
2312309,7
2312315,17
2312378,13
2312398,8
2312406,13
2312432,7
2312435,11
2312452,6
2312501,6
2312539,8
2312588,5
2312679,5
2312707,11
2312714,24
2312718,19
2312741,9
2312809,13
2312813,28
2312896,13
2312930,10
2312934,30
2312961,5
2312985,6
2312997,7
2313024,8
2313047,148
2313052,5
2313079,19
2313141,5
2313186,7
2313232,7
2313277,17
2313302,99
2313323,6
2313341,14
2313412,190
2313440,8
2313446,7
2313458,13
2313461,9
2313486,7
2313530,7
2313562,6
2313611,137
2313628,8
2313662,6
2313673,8
2313703,5
2313708,623
2313752,9
2313804,6
2313826,7
2313893,7
2313916,21
2313968,9
2314012,18
2314016,29
2314020,9
2314044,10
2314046,27
2314069,5
2314113,7
2314137,7
2314200,32
2314220,5
2314231,9
2314268,18
2314313,550
2314347,19
2314374,7
2314394,11
2314428,8
2314465,11
2314540,6
2314548,15
2314604,61
2314610,6
2314724,5
2314729,13
2314771,9
2314779,7
2314868,7
2314881,41
2314897,10
2314941,9
2314974,17
2314985,11
2315016,25
2315045,6
2315124,6
2315130,15
2315152,232
2315155,6
2315169,11
2315221,7
2315385,224
2315495,143
2315500,6
2315526,7
2315540,19
2315549,46
2315578,28
2315600,7
2315673,7
2315699,9
2315716,13
2315739,18
2315747,30
2315766,51
2315786,17
2315806,11
2315808,19
2315810,9
2315845,7
2315922,5
2315931,14
2315966,8
2316050,5
2316092,48
2316100,6
2316122,8
2316135,8
2316148,19
2316155,13
2316168,7
2316180,6
2316241,37
2316249,7
2316261,9
2316268,7
2316318,6
2316462,5
2316526,112
2316527,5
2316543,8
2316589,10
2316641,19
2316696,16
2316721,21
2316769,16
2316790,8
2316798,6
2316812,8
2316848,25
2316922,6
2316958,21
2317001,12
2317018,6
2317023,7
2317025,8
2317031,49
2317117,10
2317131,5
2317184,46
2317302,6
2317409,10
2317446,15
2317467,11
2317501,25
2317522,9
2317545,13
2317551,11
2317556,19
2317561,8
2317594,10
2317599,8
2317605,6
2317611,15
2317635,6
2317709,16
2317732,17
2317788,41
2317841,5
2317904,33
2317921,5
2317924,7
2317987,11
2318042,37
2318076,14
2318080,6
2318094,7
2318133,20
2318145,8
2318172,12
2318218,6
2318267,6
2318271,7
2318276,6
2318284,6
2318336,19
2318343,95
2318366,6
2318382,202
2318428,7
2318572,6
2318582,7
2318593,25
2318653,21
2318735,37
2318741,6
2318761,15
2318770,7
2318841,7
2318889,13
2318955,10
2318969,87
2318972,6
2319021,10
2319027,6
2319028,5
2319043,7
2319052,5
2319107,12
2319137,13
2319141,22
2319154,20
2319185,52
2319192,8
2319202,11
2319247,7
2319278,18
2319328,21
2319330,6
2319344,79
2319373,5
2319402,23
2319425,7
2319443,9
2319447,9
2319459,6
2319596,11
2319652,5
2319669,10
2319705,8
2319725,13
2319742,10
2319752,26
2319761,22
2319773,18
2319783,8
2319846,8
2319889,7
2319902,9
2319906,7
2319943,23
2320004,24
2320009,25
2320051,65
2320058,7
2320059,6
2320073,109
2320141,17
2320146,74
2320390,10
2320404,8
2320407,8
2320423,7
2320430,80
2320465,14
2320473,6
2320475,13
2320546,8
2320579,14
2320581,11
2320675,23
2320695,38
2320739,7
2320740,11
2320749,8
2320793,6
2320795,6
2320822,12
2320859,5
2320860,14
2320864,9
2320912,6
2320931,5
2320936,6
2320978,29
2320999,8
2321043,16
2321051,9
2321062,27
2321104,9
2321110,12
2321123,11
2321142,6
2321164,8
2321192,7
2321193,6
2321195,7
2321254,6
2321299,6
2321350,6
2321366,6
2321427,11
2321432,74
2321451,6
2321477,6
2321519,8
2321534,9
2321563,6
2321571,14
2321572,6
2321626,33
2321676,6
2321688,6
2321865,26
2321977,7
2321978,9
2321990,16
2322005,100
2322066,7
2322101,5
2322125,40
2322155,13
2322206,10
2322359,11
2322375,49
2322435,11
2322469,8
2322479,16
2322499,1519
2322554,15
2322602,8
2322614,11
2322628,23
2322655,6
2322657,10
2322705,6
2322711,11
2322834,38
2322871,25
2322872,38
2322885,9
2323006,6
2323018,5
2323019,7
2323027,5
2323077,6
2323085,11
2323110,5
2323150,12
2323240,6
2323275,38
2323282,7
2323302,38
2323307,6
2323325,7
2323340,6
2323379,5
2323384,7
2323395,9
2323422,9
2323447,7
2323460,36
2323476,5
2323481,7
2323526,8
2323596,7
2323607,7
2323630,12
2323749,7
2323754,6
2323765,7
2323777,6
2323778,5
2323783,36
2323817,41
2323839,14
2323853,6
2323854,7
2323904,6
2323924,35
2323926,6
2323933,31
2323945,7
2323953,11
2323964,15
2323965,9
2323986,5
2324020,10
2324068,19
2324094,12
2324113,11
2324150,34
2324158,9
2324166,9
2324170,13
2324203,17
2324221,62
2324260,7
2324297,22
2324314,16
2324315,8
2324419,5
2324425,14
2324529,9
2324569,5
2324619,8
2324622,9
2324656,10
2324722,6
2324737,60
2324739,6
2324742,6
2324823,20
2324856,17
2324933,5
2325081,5
2325231,10
2325234,5
2325242,11
2325291,26
2325294,10
2325311,5
2325312,6
2325369,10
2325379,16
2325389,5
2325410,5
2325422,19
2325434,5
2325498,82
2325612,6
2325646,7
2325712,9
2325728,10
2325740,49
2325742,10
2325787,58
2325795,9
2325813,14
2325855,12
2325878,6
2325914,6
2325924,8
2325950,6
2325983,7
2325998,6
2326090,5
2326162,9
2326198,6
2326255,6
2326276,7
2326280,20
2326317,17
2326406,6
2326448,28
2326457,7
2326474,16
2326476,6
2326485,33
2326500,8
2326578,11
2326609,6
2326697,8
2326708,9
2326747,6
2326750,7
2326860,8
2326955,16
2326957,27
2326985,10
2326997,11
2327044,6
2327054,18
2327067,7
2327084,21
2327089,9
2327094,7
2327162,9
2327228,55
2327286,5
2327332,11
2327378,6
2327384,6
2327393,6
2327401,107
2327438,13
2327534,14
2327605,6
2327673,6
2327679,16
2327698,5
2327699,6
2327715,6
2327739,45
2327770,9
2327860,24
2327866,7
2327888,6
2327889,134
2327929,8
2327943,7
2327958,14
2328029,21
2328054,13
2328064,14
2328117,7
2328119,15
2328206,20
2328294,6
2328308,12
2328344,33
2328346,10
2328352,5
2328377,10
2328386,5
2328391,5
2328394,12
2328419,16
2328466,29
2328467,35
2328527,13
2328557,9
2328567,8
2328774,11
2328783,13
2328793,18
2328934,9
2328961,52
2328985,11
2329113,6
2329133,7
2329153,6
2329159,6
2329177,32
2329190,577
2329273,6
2329292,19
2329297,6
2329311,15
2329405,11
2329448,6
2329480,12
2329486,10
2329512,26
2329517,16
2329535,7
2329571,11
2329572,11
2329583,14
2329592,9
2329646,10
2329679,11
2329687,5
2329722,5
2329783,42
2329809,42
2329819,7
2329826,6
2329905,50
2329912,9
2329948,5
2329970,5
2329973,17
2330020,8
2330085,6
2330204,7
2330339,5
2330365,10
2330374,8
2330397,7
2330433,24
2330437,127
2330523,8
2330542,10
2330573,11
2330638,6
2330665,10
2330708,336
2330731,62
2330736,20
2330818,10
2330821,7
2330824,6
2330834,6
2330835,11
2330856,15
2330866,6
2330870,7
2330886,12
2330904,12
2330917,7
2330924,13
2330939,6
2330978,9
2330999,35
2331023,8
2331132,34
2331196,29
2331234,113
2331238,8
2331286,39
2331294,224
2331378,137
2331393,7
2331427,9
2331451,18
2331527,31
2331571,17
2331609,6
2331619,11
2331628,12
2331662,16
2331681,6
2331707,7
2331789,10
2331808,43
2331812,5
2331820,13
2331845,8
2331851,8
2331880,10
2331985,19
2331990,9
2332067,13
2332073,201
2332088,6
2332129,7
2332203,35
2332219,7
2332236,7
2332241,11
2332250,11
2332271,15
2332343,10
2332344,25
2332363,24
2332450,35
2332456,5
2332502,5
2332535,6
2332537,8
2332541,9
2332608,21
2332635,12
2332647,13
2332703,11
2332856,6
2332862,51
2332887,11
2332893,69
2332940,6
2332959,119
2332977,10
2332982,6
2333021,7
2333075,8
2333078,7
2333134,12
2333139,5
2333209,7
2333230,11
2333253,10
2333262,6
2333299,36
2333334,7
2333346,8
2333412,5
2333445,5
2333466,31
2333488,8
2333544,7
2333571,7
2333582,11
2333592,11
2333644,17
2333663,6
2333685,15
2333709,7
2333727,11
2333791,10
2333811,14
2333838,17
2333863,20
2333961,30135
2333966,6
2333980,7
2333985,43
2334011,15
2334048,12
2334055,317
2334077,35
2334090,8
2334131,6
2334157,6
2334161,8
2334177,6
2334187,5
2334214,26
2334286,6
2334303,29
2334327,11
2334372,17
2334432,43
2334465,6
2334475,5
2334527,6
2334545,9
2334653,6
2334691,6
2334842,9
2334862,56
2334887,10
2334989,6
2334996,11
2335004,5
2335088,16
2335117,8
2335121,14
2335171,13
2335179,9
2335192,9
2335208,5
2335236,64
2335254,6
2335278,18
2335326,14
2335345,8
2335346,40
2335375,8
2335441,9
2335463,15
2335492,9
2335494,49
2335509,9
2335524,13
2335571,11
2335636,27
2335645,65
2335709,16
2335720,14
2335721,112
2335783,7
2335830,11
2335847,8
2335857,7
2335864,5
2335980,5
2335990,14
2336004,9
2336073,6
2336086,12
2336116,29
2336128,153
2336130,7
2336179,9
2336182,9
2336207,7
2336223,10
2336225,13
2336238,7
2336297,10
2336325,14
2336340,13
2336351,6
2336377,21
2336418,6
2336426,5
2336447,8
2336450,6
2336468,11
2336514,14
2336551,9
2336576,53
2336589,13
2336625,11
2336637,10
2336650,28
2336655,5
2336658,6
2336678,7
2336703,6
2336728,8
2336735,6
2336760,9
2336791,7
2336801,17
2336812,15
2336843,8
2336869,6
2336892,6
2336989,9
2337004,8
2337008,10
2337020,9
2337046,9
2337066,7
2337067,15
2337068,6
2337069,209
2337077,6
2337157,27
2337196,11
2337212,11
2337345,7
2337394,8
2337436,6
2337476,6
2337516,47
2337521,16
2337590,9
2337633,10
2337637,7
2337699,24
2337776,5
2337788,7
2337802,40
2337832,5
2337839,6
2337879,6
2337959,8
2337980,13
2337988,5
2337996,42
2338006,6
2338026,8
2338027,6
2338049,27
2338121,14
2338140,17
2338143,9
2338225,7
2338249,10
2338280,6
2338286,39
2338289,19
2338351,12
2338492,15
2338504,21
2338511,56
2338521,8
2338566,76
2338571,5
2338577,6
2338584,7
2338642,6
2338652,23
2338653,45
2338732,15
2338739,5
2338744,7
2338769,6
2338774,10
2338776,11
2338804,20
2338809,49
2338812,9
2338937,6
2338938,15
2338943,9
2338951,7
2338961,9
2338979,10
2339008,9
2339019,15
2339031,8
2339049,18
2339110,177
2339134,176
2339196,5
2339224,6
2339287,47
2339362,51
2339390,13
2339394,16
2339397,12
2339411,8
2339487,9
2339499,9
2339523,7
2339529,11
2339634,9
2339676,9
2339723,7
2339751,7
2339786,6
2339812,19
2339873,37
2339878,22
2339983,87
2340013,9
2340014,6
2340020,17
2340056,26
2340068,8
2340089,103
2340115,8
2340116,7
2340171,13
2340195,5
2340200,46
2340208,13
2340252,6
2340275,14
2340317,15
2340373,6
2340486,158
2340544,7
2340610,24
2340620,12
2340628,22
2340670,8
2340678,9
2340698,11
2340742,751
2340771,8
2340792,5
2340822,15
2340930,22
2340979,17
2340996,17
2341037,10
2341059,17
2341070,8
2341118,13
2341156,8
2341224,8
2341270,14
2341293,10
2341304,16
2341339,165
2341367,8
2341405,11
2341421,7
2341431,6
2341454,8
2341491,15
2341508,6
2341551,11
2341552,10
2341574,5
2341577,10
2341592,13
2341600,115
2341639,5
2341654,7
2341672,9
2341727,47
2341740,18
2341774,6
2341811,5
2341812,22
2341955,27
2341964,28
2342038,14
2342043,7
2342103,8
2342129,19
2342145,6
2342169,6
2342214,7
2342254,8
2342266,7
2342271,9
2342345,7
2342365,23
2342380,9
2342396,10
2342406,11
2342533,93
2342672,11
2342688,36
2342695,30
2342755,26
2342757,20
2342781,7
2342850,9
2342851,10
2342901,20
2342906,7
2342927,9
2342946,33
2343014,8
2343037,8
2343061,10
2343099,11
2343108,15
2343109,22
2343111,9
2343165,6
2343169,9
2343203,5
2343211,9
2343213,11
2343255,14
2343293,6
2343317,7
2343336,14
2343337,9
2343359,14
2343400,8
2343413,9
2343425,10
2343429,15
2343458,8
2343477,8
2343481,7
2343519,6
2343531,11
2343537,9
2343549,13
2343565,8
2343608,11
2343653,175
2343672,5
2343678,11
2343703,8
2343787,30
2343809,11
2343837,9
2343863,12
2343913,6
2343956,8
2343958,7
2343962,15
2343987,14
2343988,577
2344014,18
2344029,9
2344063,7
2344100,12
2344167,8
2344226,22
2344236,9
2344238,12
2344333,13
2344411,6
2344482,16
2344512,7
2344519,37
2344574,26
2344613,12
2344614,30
2344630,51
2344650,9
2344654,33
2344702,5
2344703,6
2344708,7
2344733,21
2344744,8
2344775,10
2344809,6
2344827,12
2344834,6
2344837,6
2344902,5
2344938,7
2344948,12
2344970,6
2344993,6
2345005,273
2345009,27
2345080,12
2345098,7
2345168,11
2345220,15
2345237,31
2345249,5
2345257,10
2345286,6
2345309,14
2345354,29
2345357,6
2345358,6
2345360,8
2345389,6
2345401,10
2345416,264
2345420,11
2345477,17
2345497,10
2345502,6
2345521,29
2345523,81
2345533,12
2345542,5
2345560,6
2345590,123
2345593,13
2345595,12
2345623,17
2345651,21
2345728,6
2345748,6
2345847,6
2345860,6
2345861,5
2345877,6
2345925,7
2345951,227
2346028,146
2346057,5
2346062,16
2346094,12
2346104,7
2346117,8
2346167,6
2346184,12
2346209,152
2346217,6
2346251,6
2346253,10
2346256,7
2346281,6
2346297,6
2346326,6
2346422,8
2346439,15
2346440,19
2346470,5
2346524,6
2346593,10
2346609,9
2346619,6
2346626,5
2346639,7
2346648,6
2346770,6
2346771,53
2346795,13
2346811,10
2346883,5
2346909,6
2346922,18
2346929,26
2346932,7
2346965,9
2347046,12
2347076,26
2347098,10
2347120,42
2347124,6
2347158,53
2347202,8
2347230,20
2347265,5
2347285,19
2347293,6
2347338,10
2347357,8
2347407,7
2347429,22
2347560,12
2347576,6
2347579,7
2347606,55
2347613,46
2347648,8
2347681,103
2347686,6
2347705,9
2347755,7
2347784,6
2347862,6
2347910,7
2347911,7
2347926,14
2347935,6
2348027,28
2348103,7
2348143,5
2348225,36
2348231,42
2348240,6
2348241,6
2348253,9
2348259,6
2348267,6
2348288,25
2348292,20
2348302,33
2348326,6
2348335,6
2348395,5
2348538,7
2348581,6
2348595,45
2348605,15
2348623,9
2348673,8
2348719,24
2348742,87
2348769,11
2348777,19
2348852,6
2348868,11
2348874,5
2348907,10
2348958,29
2348982,8
2348989,43
2349001,7
2349017,13
2349101,7
2349112,6
2349151,8
2349220,34
2349228,7
2349235,5
2349259,10
2349289,7
2349346,18
2349368,36
2349377,11
2349395,8
2349402,6
2349416,12
2349511,23
2349524,6
2349531,11
2349549,5
2349552,9
2349598,8
2349683,17
2349717,13
2349740,9
2349744,6
2349770,45
2349889,37
2349893,5
2349960,12
2349984,15
2349993,8
2350019,6
2350075,5
2350113,8
2350134,20
2350195,15
2350202,16
2350211,6
2350212,6
2350213,7
2350214,6
2350234,87
2350361,7
2350368,19
2350408,342
2350410,6
2350411,59
2350535,5
2350563,8
2350591,31
2350618,8
2350634,7
2350638,9
2350644,6
2350648,6
2350652,11
2350657,11
2350674,75
2350696,28
2350860,12
2350971,7
2351024,6
2351031,7
2351086,5
2351124,5
2351199,22
2351201,6
2351208,6
2351209,12
2351232,11
2351234,7
2351257,7
2351263,6
2351273,25
2351496,9
2351502,7
2351522,7
2351536,7
2351551,93
2351561,6
2351593,8
2351597,5
2351620,5
2351667,8
2351670,12
2351684,6
2351754,16
2351787,6
2351846,37
2351847,81
2351857,10
2351870,15
2351958,11
2351976,10
2351977,5
2351990,46
2352024,9
2352049,15
2352053,5
2352069,7
2352085,26
2352091,9
2352110,6
2352163,10
2352167,7
2352208,9
2352227,5
2352230,11
2352247,17
2352314,8
2352365,45
2352389,8
2352407,13
2352468,38
2352482,5
2352491,45
2352524,567
2352550,11
2352558,5
2352570,25
2352605,89
2352643,8
2352657,43
2352690,18
2352707,28
2352710,7
2352715,347
2352744,8
2352757,6
2352821,9
2352845,5
2352908,5
2352910,7
2352955,8
2353008,18
2353024,6
2353075,8
2353096,22
2353105,8
2353182,40
2353241,5
2353244,10
2353248,8
2353261,6
2353300,7
2353305,21
2353396,7
2353454,9
2353474,9
2353489,10
2353497,18
2353578,20
2353609,5
2353632,17
2353643,15
2353664,9
2353672,9
2353715,7
2353752,5
2353840,12
2353900,62
2353962,7
2354030,15
2354031,215
2354039,51
2354191,13
2354202,7
2354212,13
2354219,8
2354297,7
2354337,20
2354434,9
2354467,16
2354468,6
2354488,19
2354529,11
2354561,6
2354579,11
2354663,9
2354723,8
2354750,16
2354838,31
2354868,10
2354896,10
2354916,9
2354958,10
2354972,6
2354990,6
2355030,6
2355039,12
2355055,6
2355090,18
2355184,7
2355189,9
2355238,5
2355256,5
2355277,48
2355304,9
2355315,10
2355404,6
2355443,8
2355479,5
2355481,12
2355491,5
2355492,24
2355497,6
2355502,10
2355510,6
2355523,5
2355646,6
2355674,14
2355679,21
2355693,7
2355751,25
2355758,18
2355779,9
2355789,5
2355815,35
2355826,14
2355853,6
2355866,6
2355867,20
2355909,56
2355914,5
2355928,7
2355954,24
2355980,14
2356112,23
2356138,5
2356154,12
2356195,73
2356243,12
2356262,16
2356321,34
2356325,6
2356519,48
2356521,47
2356527,67
2356598,765
2356605,8
2356715,14
2356734,5
2356742,6
2356788,6
2356809,6
2356818,6
2356824,9
2356835,28
2356860,56
2356906,111
2356918,7
2356961,7
2356970,8
2357020,203
2357023,12
2357053,11
2357063,10
2357079,7
2357080,6
2357097,10
2357123,7
2357155,6
2357157,7
2357165,5
2357242,10
2357355,7
2357372,25
2357400,10
2357419,8
2357426,6
2357458,10
2357557,18
2357558,18
2357581,27
2357653,6
2357654,5
2357666,7
2357719,6
2357720,18
2357740,49
2357830,8
2357835,5
2357887,6
2357896,7
2357930,5
2357996,11
2358003,6
2358082,9
2358155,179
2358213,9
2358214,6
2358232,6
2358269,11
2358276,26
2358356,8
2358402,8
2358442,23
2358452,6
2358457,8
2358466,61
2358473,7
2358479,6
2358520,8
2358556,8
2358823,73
2358896,100
2358907,27
2358928,15
2358983,27
2358990,26
2359004,7
2359045,6
2359050,6
2359133,37
2359147,29
2359153,6
2359165,29
2359169,6
2359271,7
2359274,5
2359303,6
2359308,6
2359338,11
2359370,5
2359377,10
2359385,6
2359387,9
2359408,7
2359464,7
2359485,6
2359502,9
2359555,11
2359573,6
2359588,19
2359589,5
2359602,5
2359647,27
2359697,12
2359703,38
2359741,21
2359811,46
2359818,8
2359819,20
2359896,11
2359949,20
2360032,8
2360093,8
2360202,5
2360243,7
2360249,85
2360291,28
2360315,8
2360324,7
2360401,7
2360474,24
2360495,9
2360497,11
2360498,19
2360506,7
2360513,9
2360575,9
2360635,10
2360656,7
2360668,10
2360679,8
2360692,38
2360731,9
2360737,17
2360751,6
2360797,28
2360834,8
2360886,17
2360937,193
2361006,15
2361019,24
2361044,5
2361073,10
2361074,9
2361080,8
2361090,5
2361102,7
2361171,9
2361178,32
2361197,52
2361204,6
2361235,22
2361248,14
2361252,13
2361259,47
2361286,7
2361339,18
2361383,12
2361405,15
2361409,20
2361457,5
2361534,5
2361602,9
2361614,6
2361616,9
2361659,7
2361673,15
2361684,7
2361761,29
2361764,16
2361804,22
2361805,5
2361848,11
2361874,14
2361934,8
2361947,21
2361980,11
2362061,10
2362111,7
2362138,5
2362141,8
2362144,24
2362152,6
2362179,25
2362212,73
2362281,14
2362327,6
2362337,10
2362485,8
2362490,42
2362495,9
2362516,5
2362558,9
2362579,6
2362591,9
2362609,35
2362610,21
2362618,15
2362619,5
2362631,5
2362681,8
2362731,10
2362796,10
2362797,11
2362818,24
2362881,14
2362885,8
2362895,26
2362936,6
2362947,9
2362995,18
2363009,993
2363011,16
2363016,10
2363024,7
2363068,8
2363089,12
2363173,7
2363179,16
2363208,28
2363228,28
2363265,5
2363272,8
2363350,20
2363400,15
2363432,7
2363433,9
2363436,47
2363449,15
2363517,8
2363525,8
2363670,7
2363673,124
2363679,22
2363680,9
2363702,14
2363763,8
2363804,56
2363821,6
2363844,35
2364020,6
2364035,78
2364046,12
2364076,19
2364101,66
2364125,6
2364130,11
2364131,12
2364168,9
2364205,25
2364208,8
2364267,7
2364294,6
2364295,9
2364297,16
2364331,5
2364343,6
2364402,6
2364423,6
2364576,23
2364609,26
2364692,6
2364742,5
2364823,7
2364861,16
2364877,75
2364880,9
2364973,15
2365043,37
2365049,19
2365187,7
2365214,5
2365223,8
2365228,6
2365235,13
2365253,564
2365260,51
2365277,12
2365329,11
2365341,113
2365349,5
2365350,37
2365368,15
2365373,6
2365434,5
2365528,7
2365529,5
2365546,123
2365567,9
2365571,11
2365630,9
2365691,11
2365701,10
2365706,31
2365890,145
2365918,9
2365947,85
2365966,6
2365978,7
2366045,11
2366051,11
2366075,10
2366126,9
2366197,70
2366201,6
2366237,21
2366264,37
2366301,9
2366337,6
2366453,6
2366469,9
2366480,7
2366485,7
2366495,8
2366613,7
2366642,5
2366667,50
2366676,11
2366691,6
2366801,8
2366812,213
2366828,12
2366842,22
2366936,6
2366941,4807
2366944,7
2366972,9
2367054,5
2367062,9
2367103,6
2367107,6
2367153,65
2367157,23
2367163,7
2367196,10
2367201,6
2367267,15
2367299,5
2367357,12
2367385,86
2367420,12
2367423,10
2367431,22
2367520,6
2367542,7
2367566,10
2367569,112
2367590,5
2367634,54
2367705,86
2367715,6
2367738,10
2367754,8
2367755,7
2367773,6
2367778,36
2367792,11
2367845,18
2367913,6
2367990,10
2368013,9
2368125,7
2368209,7
2368236,6
2368293,93
2368308,268
2368339,88
2368356,18
2368393,17
2368466,6
2368477,51
2368483,9
2368504,6
2368536,7
2368566,9
2368591,26
2368689,9
2368741,7
2368746,115
2368792,6
2368794,38
2368800,11
2368875,230
2368880,7
2368903,35
2368911,6
2368915,18
2368945,15
2368963,438
2368981,7
2369037,22
2369057,8
2369137,9
2369151,5
2369177,36
2369210,5
2369211,8
2369224,39
2369292,90
2369300,9
2369321,5
2369349,5
2369353,15
2369354,11
2369394,8
2369406,6
2369430,7
2369436,15
2369472,6
2369493,12
2369503,13
2369510,5
2369512,39
2369552,12
2369600,14
2369678,6
2369721,6
2369722,8
2369760,22
2369852,6
2369942,6
2369960,258
2370019,14
2370036,44
2370050,20
2370077,6
2370088,10
2370152,6
2370154,16
2370157,39
2370178,12
2370319,7
2370429,12
2370502,9
2370505,9
2370509,7
2370535,10
2370618,13
2370644,9
2370664,51
2370670,12
2370694,12
2370701,7
2370705,8
2370708,8
2370728,6
2370729,8
2370736,6
2370750,9
2370882,7
2370950,6
2370967,8
2371027,8
2371044,17
2371073,40
2371118,12
2371121,6
2371132,18
2371177,117
2371266,6
2371360,11
2371408,29
2371451,10
2371464,7
2371493,6
2371495,11
2371588,36
2371607,6
2371623,9
2371652,7
2371660,22
2371661,17
2371680,15
2371710,6
2371740,6
2371756,6
2371834,9
2371844,7
2371847,70
2371856,54
2371865,6
2371867,8
2371875,8
2371944,7
2372007,12
2372011,8
2372017,14
2372101,27
2372111,17
2372143,16
2372159,37
2372161,5
2372179,92
2372185,6
2372216,17
2372236,8
2372272,8
2372346,10
2372396,28
2372422,25
2372453,33
2372558,10
2372561,10
2372638,15
2372678,24
2372722,40
2372758,18
2372776,94
2372793,5
2372836,7
2372895,10
2372896,8
2372920,21
2372972,6
2373043,5
2373066,56
2373099,15
2373108,7
2373120,6
2373157,7
2373251,22
2373255,7
2373263,34
2373370,8
2373372,7
2373386,26
2373391,7
2373410,17
2373416,230
2373471,6
2373568,9
2373575,6
2373585,282
2373642,51
2373647,10
2373654,167
2373668,7
2373671,6
2373689,19
2373694,8
2373695,5
2373699,51
2373786,39
2373792,9
2373821,6
2373872,55
2373880,40
2373902,10
2373920,412
2373934,10
2373963,50
2373983,73
2373988,44
2373990,83
2374008,8
2374009,6
2374072,6
2374150,6
2374169,6
2374190,12
2374269,6
2374270,25
2374271,11
2374284,9
2374321,9
2374335,5
2374345,5
2374348,20
2374360,37
2374370,7
2374410,7
2374429,8
2374481,8
2374483,6
2374494,82
2374507,14
2374545,14
2374548,11
2374593,15
2374710,12
2374805,7
2374809,5
2374816,13
2374827,17
2374864,11
2374876,19
2374911,7
2374933,6
2374962,18
2374972,8
2375015,8
2375024,7
2375051,18
2375056,83
2375097,10
2375099,6
2375161,8
2375171,6
2375192,8
2375239,15
2375244,6
2375328,27
2375333,5
2375351,11
2375386,9
2375422,9
2375426,7
2375431,23
2375439,5
2375446,6
2375472,14
2375539,6
2375549,34
2375555,8
2375594,27
2375611,6
2375739,23
2375740,13
2375769,6
2375791,7
2375799,16
2375843,9
2375865,6
2375932,5
2375943,5
2375995,8
2376018,14
2376044,5
2376048,12
2376131,6
2376222,15
2376233,11
2376255,7
2376268,24
2376269,16
2376271,14
2376304,6
2376346,15
2376355,6
2376394,8
2376409,11
2376414,9
2376481,268
2376510,5
2376568,17
2376574,6
2376581,6
2376636,7
2376652,7
2376673,12
2376778,5
2376804,6
2376837,10
2376851,22
2376867,98
2376879,32
2376953,9
2376962,6
2376964,6
2376993,12
2377007,6
2377049,10
2377054,11
2377146,5
2377174,14
2377190,6
2377225,295
2377272,10
2377375,9
2377376,7
2377409,7
2377448,6
2377473,7
2377497,14
2377536,51
2377549,12
2377611,5
2377673,51
2377731,21
2377827,13
2377829,10
2377856,6
2377875,7
2377913,5
2377978,46
2377991,30
2378121,5
2378138,5
2378145,14
2378172,8
2378183,6
2378200,15
2378202,6
2378226,18
2378235,8
2378266,7
2378291,3114
2378324,8
2378378,18
2378398,6
2378416,22
2378418,9
2378456,14
2378534,6
2378569,10
2378636,29
2378708,31
2378715,9
2378716,17
2378719,5
2378769,26
2378772,20
2378802,8
2378813,6
2378831,5
2378837,9
2378855,7
2378925,149
2378985,37
2378987,10
2378990,5
2379001,8
2379002,11
2379003,10
2379016,46
2379029,119
2379045,7
2379046,20
2379098,5
2379111,5
2379136,6
2379150,10
2379186,10
2379200,13
2379203,5
2379225,45
2379227,6
2379231,8
2379236,18
2379268,9
2379280,6
2379405,12
2379419,9
2379433,16
2379465,56
2379514,6
2379524,7
2379553,14
2379557,12
2379575,7
2379576,12
2379605,6
2379630,7
2379634,15
2379723,9
2379732,9
2379795,6
2379852,19
2379856,32
2379887,11
2379915,6
2379943,10
2380021,5
2380035,8
2380045,6
2380072,40
2380083,7
2380113,8
2380134,5
2380135,26
2380146,6
2380160,10
2380176,7
2380210,7
2380212,7
2380242,5
2380291,8
2380312,13
2380316,16
2380329,81
2380391,6
2380392,9
2380434,6
2380443,8
2380446,12
2380457,8
2380465,14
2380520,11
2380533,16
2380552,7
2380572,24
2380578,8
2380579,5092
2380592,8
2380598,8
2380606,11
2380619,5
2380629,6
2380634,9
2380643,9
2380650,1045
2380656,7
2380672,10
2380683,8
2380713,7
2380727,13
2380730,6
2380770,6
2380850,9
2380885,6
2380935,8
2380937,21
2380940,10
2380949,7
2380979,7
2381013,19
2381019,24
2381020,9
2381046,8
2381101,195
2381208,6
2381214,18
2381248,11
2381273,8
2381280,6
2381325,6
2381334,9
2381345,6
2381356,8
2381402,7
2381420,5
2381443,7
2381459,39
2381463,284
2381492,7
2381513,16
2381515,9
2381538,5
2381550,7
2381558,8
2381646,8
2381718,21
2381764,16
2381780,10
2381801,18
2381803,6
2381813,39
2381819,14
2381820,12
2381899,13
2381966,22
2381985,51
2381986,9
2382000,20
2382002,58
2382042,6
2382050,5
2382062,10
2382075,9
2382111,6
2382235,12
2382296,14
2382331,16
2382346,6
2382348,6
2382398,30
2382419,8
2382435,7
2382438,14
2382521,12
2382542,6
2382543,6
2382544,6
2382566,6
2382580,9
2382582,39
2382631,5
2382679,54
2382736,10
2382738,40
2382757,7
2382789,5
2382994,10
2383044,7
2383056,25
2383142,12
2383149,8
2383157,23
2383198,6
2383269,150
2383300,7
2383400,9
2383411,22
2383428,9
2383450,6
2383486,7
2383502,6
2383508,8
2383512,11
2383529,47
2383541,8
2383542,6
2383581,6
2383587,5
2383607,32
2383645,18
2383662,12
2383663,11
2383716,8
2383731,180
2383758,8
2383771,9
2383789,5
2383805,8
2383824,8
2383842,7
2383887,8
2383948,32
2384020,7
2384120,6
2384131,11
2384132,6
2384133,7
2384163,20
2384167,14
2384200,8
2384231,6
2384295,12
2384334,19
2384340,11
2384351,7
2384488,21
2384517,5
2384524,10
2384537,7
2384547,10
2384664,5
2384708,8
2384721,6
2384734,121
2384782,17
2384864,9297
2384867,14
2384881,5
2384992,56
2385021,11
2385025,7
2385090,8
2385094,9
2385162,5
2385204,11
2385228,14
2385239,6
2385244,25
2385249,5
2385282,6
2385342,6
2385406,5
2385421,12
2385439,8
2385444,49
2385458,14
2385480,6
2385488,11
2385537,11
2385565,6
2385601,14
2385681,6
2385684,6
2385729,6
2385769,6
2385810,11
2385813,8
2385839,9
2385903,11
2385921,14
2385979,12
2385991,7
2386004,9
2386038,20
2386058,7
2386064,73
2386082,63
2386106,8
2386131,15
2386204,29
2386233,7
2386267,16
2386273,5
2386301,5
2386351,172
2386418,6
2386450,11
2386451,33
2386545,11
2386549,9
2386556,21
2386560,6
2386615,87
2386646,6
2386704,8
2386805,8
2386888,7
2386963,8
2386987,10
2387046,13
2387047,6
2387064,721
2387079,7
2387167,6
2387168,56
2387170,8
2387175,5
2387234,214
2387314,6
2387376,26
2387384,7
2387385,20
2387426,12
2387445,18
2387456,17
2387462,39
2387469,14
2387494,173
2387518,6
2387587,5
2387620,5
2387643,25
2387675,8
2387686,18
2387690,6
2387705,38
2387720,9
2387738,14
2387785,5
2387814,7
2387821,8
2387835,7
2387866,5
2387874,46
2387893,8
2387897,6
2387922,6
2387950,8
2387989,36
2387991,10
2388040,50
2388066,7
2388078,12
2388150,426
2388155,7
2388191,13
2388205,7
2388235,23
2388236,15
2388278,59
2388429,10
2388431,5
2388501,35
2388554,33
2388576,18
2388577,32
2388578,5
2388598,10
2388623,9
2388631,8
2388632,5
2388662,6
2388669,22
2388682,18
2388716,6
2388747,302
2388749,9
2388784,11
2388879,8
2388890,11
2388892,45
2388903,20
2388936,7
2388965,17
2388971,7
2388984,8
2389004,7
2389045,5
2389136,24
2389190,98
2389194,7
2389340,54
2389391,60
2389400,16
2389429,11
2389499,6
2389541,29
2389565,9
2389638,51
2389706,6
2389734,6
2389825,8
2389826,9
2389832,8
2389838,6
2389874,18
2389900,107
2389937,10
2389938,7
2389946,26
2390012,7
2390028,7
2390051,14
2390082,16
2390084,8
2390100,18
2390105,8
2390177,5
2390178,7
2390213,5
2390227,14
2390231,5
2390245,13
2390270,132
2390276,10
2390323,5
2390330,6
2390365,9
2390391,6
2390392,14
2390488,28
2390532,5
2390570,5
2390614,8
2390618,34
2390636,49
2390718,22
2390763,10
2390846,8
2391019,29
2391033,22
2391034,7
2391060,9
2391067,38
2391106,7
2391121,16
2391126,7
2391138,6
2391213,9
2391242,6
2391296,6
2391311,8
2391350,26
2391370,6
2391383,9
2391428,408
2391432,11
2391518,6
2391631,15
2391650,10
2391683,7
2391686,186
2391726,11
2391815,5
2391872,7
2391922,32
2391943,8
2391962,8
2391974,8
2392008,10
2392015,8
2392071,5
2392079,31
2392080,32
2392081,120
2392096,10
2392119,6
2392168,10
2392179,12
2392188,5
2392213,12
2392235,55
2392247,6
2392250,8
2392280,6
2392303,6
2392359,17
2392402,66
2392417,37
2392444,5
2392459,1861
2392473,22
2392489,12
2392490,29
2392560,18
2392606,5
2392663,12
2392676,6
2392702,9
2392747,13
2392788,7
2392798,47
2392886,19
2392904,32
2392925,16
2392926,7
2392934,6
2392961,5
2393032,7
2393048,19
2393054,428
2393055,6
2393057,7
2393136,6
2393162,8
2393205,11
2393216,54
2393223,9
2393235,6
2393286,16
2393296,9
2393300,8
2393320,8
2393386,6
2393411,7
2393452,9
2393467,7
2393470,19
2393545,11
2393584,8
2393615,22
2393669,37
2393673,8
2393697,8
2393729,8
2393776,14
2393833,12
2393876,12
2393931,5
2394005,7
2394010,8
2394039,31
2394054,11
2394062,5
2394131,74
2394237,8
2394238,9
2394272,12
2394321,6
2394328,6
2394362,19
2394467,6
2394523,6
2394532,12
2394546,14
2394647,5
2394656,14
2394661,32
2394663,6
2394666,6
2394685,18
2394696,9
2394756,9
2394793,6
2394798,5
2394813,34
2394817,17
2394821,22
2394844,14
2394885,14
2394890,10
2394891,7
2394899,6
2394951,11
2394975,17
2394988,6
2394994,9
2395063,7
2395111,9
2395121,9
2395166,7
2395167,5
2395193,5
2395208,7
2395220,14
2395229,7
2395255,7
2395289,7
2395290,13
2395291,6
2395337,20
2395338,5
2395345,8
2395387,13
2395422,8
2395427,6
2395606,11
2395619,6
2395652,6
2395656,5
2395689,14
2395742,8
2395743,8
2395763,15
2395797,32
2395839,9
2395934,37
2395979,7
2396024,8
2396038,16
2396041,9
2396141,6
2396143,8
2396181,10
2396213,154
2396233,19
2396252,9
2396261,5
2396344,11
2396402,5
2396459,7
2396472,25
2396498,5
2396538,6
2396554,11
2396568,5
2396582,6
2396614,16
2396638,10
2396683,11
2396763,7
2396804,6
2396815,32
2396822,6
2396829,29
2396844,6
2396851,17
2396879,8
2396924,12
2396967,6
2396976,6
2397080,12
2397131,7
2397165,21
2397194,127
2397200,16
2397244,8
2397247,9
2397278,10
2397349,16
2397398,6
2397427,9
2397454,13
2397490,7
2397503,16
2397562,63
2397572,13
2397578,6
2397601,47
2397605,6
2397609,90
2397627,9
2397731,9
2397752,6
2397758,15
2397823,8
2397830,685
2397847,6
2397870,7
2397894,30
2397903,28
2397991,8
2398037,6
2398098,11
2398155,11
2398173,7
2398229,9
2398230,17
2398243,9
2398248,8
2398260,16
2398286,6
2398330,5
2398417,26
2398442,5
2398552,8
2398563,9
2398568,6
2398628,6
2398635,12
2398659,39
2398660,11
2398678,14
2398683,26
2398698,9
2398747,31
2398761,11
2398801,5
2398818,5
2398834,8
2398852,9
2398853,8
2398912,8
2398933,33
2398955,10
2399025,9
2399034,9
2399057,7
2399074,22
2399126,6
2399134,6
2399140,179
2399147,6
2399160,8
2399230,90
2399243,99
2399244,41
2399247,18
2399318,12
2399353,40
2399393,6
2399430,11
2399447,7
2399504,33
2399527,111
2399529,7
2399545,7
2399576,168
2399626,6
2399627,8
2399628,17
2399718,5
2399752,5
2399754,19
2399762,32
2399836,5
2399846,6
2399854,10
2399899,7
2399979,12
2400065,21
2400081,15
2400143,14
2400156,5
2400221,336
2400237,7
2400242,6
2400251,6
2400344,7
2400425,10
2400430,6
2400463,11
2400497,8
2400501,6
2400541,6
2400597,8
2400613,20
2400614,10
2400653,48
2400675,13
2400678,6
2400688,8
2400738,7
2400756,12
2400811,8
2400819,9
2400828,6
2400895,5
2400928,6
2400958,6
2400993,20
2400999,8
2401059,16
2401102,5
2401125,6
2401126,6
2401154,7
2401188,6
2401198,10
2401255,5
2401263,11
2401270,7
2401274,109
2401294,7
2401458,7
2401513,19
2401532,9
2401554,7
2401559,26
2401584,7
2401610,6
2401652,9
2401696,14
2401788,6
2401799,15
2401819,14
2401842,17
2401843,6
2401869,14
2401874,40
2401876,8
2401895,13
2401916,9
2402033,13
2402051,17
2402142,9
2402167,6
2402191,15
2402234,6
2402272,7
2402289,20
2402291,18
2402437,6
2402443,7
2402444,48
2402484,8
2402485,7
2402493,7
2402518,14
2402565,16
2402633,6
2402634,11
2402636,6
2402651,16
2402693,6
2402695,233
2402700,5
2402703,9
2402749,21
2402810,9
2402820,5
2402865,9
2402871,9
2402875,8
2402989,6
2403008,6
2403154,109
2403199,90
2403264,7
2403310,6
2403314,7
2403399,15
2403432,20
2403466,10
2403481,6
2403490,17
2403491,613
2403493,10
2403533,10
2403542,7
2403675,8
2403717,6
2403772,9
2403795,6
2403797,14
2403872,6
2403876,14
2403886,6
2403959,13
2403971,34
2403988,8
2403997,5
2404023,8
2404055,13
2404082,22
2404111,45
2404232,8
2404243,8
2404283,6
2404293,5
2404318,71
2404338,6
2404406,9
2404441,10
2404478,8
2404555,5
2404573,10
2404598,19
2404674,13
2404689,5
2404691,6
2404693,6
2404723,9
2404726,8
2404763,6
2404782,82
2404797,12
2404873,6
2404926,12
2404965,8
2404970,7
2404993,42
2405004,9
2405151,7
2405156,19
2405171,6
2405178,26
2405201,5
2405267,13
2405324,21
2405325,8
2405345,6
2405352,13
2405418,6
2405438,58
2405477,6
2405509,8
2405557,7
2405576,8
2405628,10
2405642,16
2405661,5
2405683,15
2405754,7
2405794,6
2405834,9
2405837,15
2405871,6
2405892,9
2405923,5
2405961,10
2405962,5
2406066,30
2406282,8
2406327,8
2406358,7
2406395,10
2406402,20
2406413,8
2406415,8
2406424,9
2406488,8
2406515,6
2406540,174
2406574,6
2406594,9
2406616,12
2406675,24
2406711,7
2406745,8
2406748,8
2406819,16
2406901,14
2406909,18
2406937,14
2406947,23
2406953,8
2406957,11
2407025,74
2407030,159
2407083,6
2407089,15
2407116,8
2407193,6
2407341,12
2407347,17
2407351,16
2407359,12
2407446,8
2407460,6
2407542,6
2407562,6
2407566,7
2407571,15
2407612,18
2407662,7
2407682,10
2407687,25
2407707,25
2407719,5
2407757,9
2407763,7
2407782,7
2407855,8
2407900,7
2407922,12
2407996,7
2408006,6
2408035,8
2408062,307
2408131,5
2408133,10
2408170,7
2408279,5
2408282,9
2408313,7
2408332,24
2408334,14
2408343,6
2408350,5
2408364,7
2408368,5
2408369,16
2408399,23
2408404,6
2408425,6
2408459,6
2408542,7
2408557,12
2408628,9
2408643,14
2408662,14
2408760,8
2408761,16
2408824,9
2408833,79
2408848,5
2408904,20
2408933,6
2408934,14
2408951,6
2408978,7
2409025,50
2409073,8
2409174,7
2409191,76
2409214,10
2409277,6
2409297,20
2409322,7
2409404,6
2409412,5
2409429,54
2409441,6
2409442,6
2409460,6
2409528,11
2409592,7
2409638,90
2409639,9
2409655,440
2409799,11
2409823,9
2409962,6
2409991,8
2410023,19
2410065,32
2410079,107
2410082,14
2410089,7
2410101,8
2410132,10
2410140,15
2410158,9
2410215,8
2410221,35
2410224,6
2410247,17
2410264,6
2410265,21
2410287,7
2410290,11
2410332,8
2410344,5
2410351,8
2410352,8
2410395,11
2410409,15
2410474,13
2410522,14
2410525,14
2410536,6
2410556,36
2410558,7
2410559,10
2410603,17
2410627,7
2410646,8
2410693,12
2410705,16
2410800,8
2410815,29
2410816,21
2410845,5
2410892,370
2410910,6
2410932,6
2410945,6
2410972,6
2410977,8
2410983,15
2410999,8
2411011,6
2411048,5
2411053,6
2411069,8
2411076,8
2411094,20
2411124,9
2411129,6
2411192,23
2411207,6
2411212,13
2411228,10
2411234,19
2411258,12
2411261,24
2411280,10
2411316,18
2411365,5
2411404,6
2411441,14
2411464,45
2411495,5
2411498,6
2411538,9
2411559,12
2411590,6
2411594,5
2411598,64
2411622,19
2411630,9
2411689,17
2411769,11
2411801,77
2411803,18
2411813,5
2411869,9
2411882,8
2411922,26
2411927,6
2411942,26
2411969,5
2412020,7
2412064,7
2412106,6
2412153,689
2412225,13
2412231,14
2412232,37
2412326,8
2412338,8
2412372,29
2412389,28
2412390,6
2412410,6
2412439,42
2412484,10
2412505,9
2412506,20
2412562,14
2412563,8
2412564,18
2412574,6
2412613,126
2412621,9
2412629,8
2412634,6
2412652,15
2412741,8
2412812,11
2412813,25
2412830,6
2412857,10
2412862,6
2412898,7
2412936,15
2412954,18
2412972,9
2413009,18
2413059,474
2413064,6
2413125,23
2413133,6
2413233,172
2413241,33
2413312,12
2413330,21
2413348,7
2413369,15
2413399,11
2413421,8
2413445,7
2413463,11
2413508,9
2413546,5
2413555,6
2413557,15
2413576,6
2413577,10
2413647,6
2413656,7
2413671,11
2413705,6
2413716,29
2413722,26
2413745,5
2413748,76
2413896,25
2413970,10
2413986,19
2414003,29
2414013,41
2414017,8
2414043,8
2414051,16
2414240,14
2414261,7
2414270,7
2414366,10
2414503,16
2414504,14
2414535,5
2414544,8
2414548,7
2414609,12
2414611,8
2414639,82
2414674,9
2414688,5
2414735,14
2414794,59
2414796,10
2414823,11
2414893,8
2414916,10
2414958,8
2414973,7
2415010,6
2415017,7
2415059,14
2415060,5
2415068,5
2415099,11
2415106,35
2415117,12
2415275,8
2415297,11
2415312,95
2415424,13
2415434,6
2415439,5
2415488,14
2415512,27
2415546,6
2415598,30
2415639,6
2415644,12
2415719,23
2415739,6
2415759,145
2415799,13
2415806,8
2415817,19
2415820,8
2415877,131
2415895,6
2415913,13
2415956,9
2415991,102
2416003,5
2416102,10
2416127,23
2416228,8
2416332,7
2416333,23
2416399,7
2416427,63
2416444,13
2416482,15
2416532,31
2416536,8
2416544,8
2416574,523
2416606,45
2416677,63
2416733,6
2416736,11
2416740,46
2416741,17
2416755,10
2416810,8
2416819,10
2416872,21
2416878,5
2416923,30
2416987,5
2417046,40
2417204,5
2417214,6
2417245,16
2417253,5
2417306,6
2417321,5
2417382,7
2417430,9
2417434,38
2417439,6
2417454,17
2417520,10
2417533,9
2417564,5
2417581,10
2417591,6
2417601,6
2417603,8
2417674,11
2417690,7
2417700,14
2417739,25
2417790,14
2417804,40
2417817,14
2417885,25
2417886,10
2417911,9
2417935,12
2417988,29
2418044,8
2418104,12
2418110,6
2418114,9
2418132,6
2418243,9
2418270,31
2418322,6
2418337,5
2418417,9
2418453,22
2418515,24
2418615,13
2418636,13
2418642,7
2418665,16
2418677,7
2418678,15
2418680,9
2418687,65
2418707,6
2418789,10
2418819,6
2418866,6
2418872,28
2418883,19
2418899,7
2418925,15
2418932,174
2418961,18
2418970,32
2418980,11
2419019,23
2419039,7
2419043,11
2419091,88
2419115,13
2419116,6
2419165,9
2419185,34
2419212,5
2419219,97
2419241,6
2419453,8
2419541,10
2419555,35
2419580,68
2419701,9
2419737,14
2419751,8
2419793,9
2419901,5
2419936,9
2419941,9
2419950,17
2419969,44
2419978,9
2419982,6
2420018,7
2420019,16
2420024,9
2420055,48
2420083,9
2420101,13
2420122,11
2420140,16
2420184,14
2420194,12
2420223,16
2420313,9
2420318,10
2420349,6
2420381,7
2420396,13
2420413,6
2420435,27
2420548,10
2420558,14
2420593,7
2420597,18
2420614,6
2420621,12
2420630,12
2420633,5
2420650,16
2420664,6
2420679,7
2420787,6
2420799,9
2420813,6
2420886,8
2420911,7
2420915,22
2420926,70
2420978,6
2421035,7
2421036,5
2421060,5
2421064,5
2421150,6
2421236,7
2421303,7
2421310,6
2421338,6
2421340,8
2421341,12
2421358,6
2421362,37
2421372,6
2421391,6
2421494,5
2421506,6
2421539,146
2421546,25
2421567,5
2421592,9
2421601,10
2421609,10
2421610,76
2421661,54
2421681,7
2421683,6
2421756,6
2421766,11
2421802,5
2421913,306
2421935,29
2421951,6
2422002,5
2422010,10
2422067,7
2422257,91
2422268,5
2422316,16
2422319,10
2422342,38
2422401,7
2422429,15
2422483,9
2422493,40
2422495,13
2422525,7
2422560,7
2422608,9
2422616,8
2422629,9
2422657,30
2422705,19
2422772,248
2422779,28
2422796,12
2422890,7
2422892,5
2422893,8
2422994,13
2423071,14
2423080,25
2423135,11
2423201,9
2423235,11
2423277,5
2423310,9
2423312,10
2423321,22
2423351,9
2423352,23
2423371,21
2423379,10
2423385,7
2423473,5
2423474,6
2423515,7
2423588,11
2423632,9
2423637,25
2423664,75
2423719,6
2423746,6
2423785,41
2423789,13
2423795,6
2423812,14
2423878,6
2423886,9
2423889,10
2423895,12
2423929,10
2423948,7
2423952,8
2423970,25
2423974,214
2423987,11
2424003,58
2424038,17
2424047,36
2424089,52
2424106,14
2424107,8
2424118,44
2424131,14
2424136,15
2424175,12
2424228,73
2424234,6
2424326,7
2424328,6
2424338,6
2424353,5
2424398,5
2424445,9
2424458,6
2424461,7
2424481,7
2424484,15
2424499,8
2424502,6
2424509,6
2424543,25
2424557,9
2424576,22
2424610,43
2424624,7
2424630,7
2424678,21
2424756,15
2424762,6
2424770,6
2424785,37
2424786,11
2424800,17
2424903,9
2424939,18
2424940,29
2424952,9
2424978,8
2425024,22
2425027,7
2425038,6
2425058,7
2425078,5
2425090,9
2425097,6
2425098,6
2425112,9
2425189,6
2425197,19
2425256,8
2425288,27
2425354,6
2425367,23
2425454,7
2425455,7
2425493,9
2425627,5
2425664,22
2425702,8
2425733,17
2425735,5
2425778,8
2425825,8
2425833,6
2425906,8
2425932,59
2425936,12
2425937,54
2425963,7
2425991,9
2426001,12
2426041,6
2426049,25
2426062,5
2426065,1872
2426071,10
2426139,13
2426154,5
2426193,7
2426242,74
2426262,44
2426269,127
2426275,13
2426313,41
2426396,7
2426418,7
2426467,5
2426482,5
2426497,17
2426513,106
2426540,7
2426549,292
2426578,6
2426585,12
2426610,22
2426756,23
2426864,19
2426867,6
2426918,39
2426983,6
2426997,7
2427003,17
2427066,15
2427134,12
2427215,8
2427240,6
2427264,8
2427265,13
2427298,10
2427361,7
2427427,7
2427451,11
2427467,16
2427497,5
2427499,8
2427540,9
2427570,9
2427605,5
2427636,8
2427671,13
2427699,13
2427784,12
2427808,106
2427815,87
2427816,9
2427848,6
2427904,21
2427919,6
2427944,74
2427946,21
2427999,26
2428006,6
2428013,5
2428032,6
2428093,10
2428187,6
2428197,13
2428204,17
2428240,7
2428258,5
2428275,5
2428304,11
2428325,8
2428345,8
2428369,31
2428380,6
2428381,36
2428383,34
2428453,9
2428489,7
2428504,5
2428515,122
2428603,20
2428644,18
2428686,5
2428785,9
2428786,15
2428843,6
2428879,6
2428883,6
2428894,5
2428924,6
2428992,10
2429053,10
2429073,10
2429082,10
2429119,9
2429126,6
2429134,8
2429153,463
2429169,15
2429183,6
2429235,5
2429304,8
2429352,11
2429355,6
2429363,6
2429378,6
2429402,5
2429413,645
2429523,7
2429526,170
2429561,7
2429562,16
2429579,5
2429582,13
2429626,6
2429690,5
2429715,6
2429718,16
2429765,26
2429766,6
2429848,7
2429849,6
2429867,7
2429886,6
2429887,5
2429955,498
2429967,5
2429975,11
2429980,6
2430001,10
2430010,6
2430016,6
2430051,7
2430138,30
2430226,8
2430245,52
2430252,8
2430272,5
2430303,35
2430346,7
2430353,8
2430399,14
2430426,12
2430438,30
2430493,6
2430509,12
2430704,23
2430723,77
2430804,6
2430835,8
2430875,10
2430937,9
2430959,28
2431004,10
2431012,286
2431033,16
2431075,6
2431082,35
2431260,12
2431323,17
2431335,6
2431351,5
2431367,8
2431377,39
2431403,9
2431527,7
2431541,56
2431550,21
2431551,6
2431553,7
2431557,13
2431558,13
2431621,6
2431660,132
2431770,11
2431792,5
2431811,8
2431815,56
2431873,5
2431880,18
2431898,6
2431918,17
2431924,5
2431925,19
2432001,37
2432025,8
2432035,12
2432046,8
2432068,23
2432079,20
2432092,24
2432136,36
2432151,8
2432155,32
2432179,35
2432227,5
2432251,36
2432320,9
2432367,6
2432386,6
2432417,7
2432438,13
2432452,11
2432483,5
2432506,343
2432520,10
2432521,5
2432564,5
2432625,44
2432715,6
2432814,9
2432871,29
2432895,12
2432911,20
2432977,7
2432994,24
2433030,36
2433054,62
2433062,26
2433141,16
2433147,9
2433185,5
2433198,8
2433212,9
2433320,6
2433383,12
2433393,5
2433445,20
2433491,36
2433537,8
2433550,9
2433581,14
2433595,11
2433609,9
2433672,9
2433720,13
2433728,8
2433766,7
2433787,6
2433810,6
2433844,6
2433848,433
2433859,23
2433890,97
2433975,26
2433991,6
2434009,34
2434020,6
2434024,8
2434075,7
2434109,12
2434139,7
2434164,8
2434172,11
2434213,12
2434277,8
2434368,12
2434378,7
2434428,19
2434439,75
2434445,6
2434456,11
2434493,6
2434528,23
2434551,6
2434554,14
2434575,8
2434611,32
2434628,24
2434688,11
2434692,12
2434809,6
2434906,6
2434911,6
2434975,9
2434987,5
2435009,10
2435030,6
2435041,7
2435058,6
2435068,5
2435075,6
2435080,16
2435112,6
2435113,98
2435130,6
2435141,7
2435197,42
2435255,31
2435336,35
2435357,5
2435458,20
2435460,17
2435476,8
2435478,19
2435491,11
2435510,15
2435543,11
2435561,12
2435584,5
2435596,30
2435617,11
2435627,63
2435681,11
2435715,10
2435721,6
2435724,5
2435743,9
2435751,6
2435757,18
2435791,19
2435793,6
2435804,24
2435826,12
2435838,15
2435881,13
2435918,6
2435920,8
2435928,12
2435932,9
2435942,9
2435960,13
2436003,43
2436137,6
2436184,10
2436223,7
2436250,22
2436267,12
2436276,25
2436325,6
2436354,21
2436399,6
2436425,13
2436474,16
2436492,50
2436495,9
2436517,5
2436535,7
2436564,13
2436575,7
2436599,7
2436619,6
2436640,9
2436830,13
2436847,11
2436899,14
2436927,6
2436948,24
2436959,7
2436971,89
2436975,6
2436993,5
2437008,12
2437054,15
2437068,10
2437069,12
2437078,19
2437082,7
2437097,7
2437141,11
2437153,202
2437194,338
2437267,6
2437268,6
2437284,5
2437297,23
2437321,9
2437342,5
2437481,45
2437516,8
2437543,14
2437554,12
2437641,11
2437695,13
2437706,261
2437733,13
2437851,17
2437857,11
2437862,129
2437912,32
2437918,14
2437966,20
2437981,6
2438055,6
2438061,6
2438072,15
2438181,16
2438184,10
2438221,8
2438224,10
2438225,11
2438231,9
2438260,13
2438282,5
2438283,5
2438294,27
2438302,6
2438319,7
2438355,7
2438375,6
2438444,7
2438614,6
2438647,9
2438731,6
2438781,7
2438788,34
2438790,10
2438791,36
2438936,6
2438964,5
2439021,6
2439025,15
2439101,12
2439121,6
2439139,5
2439178,18
2439188,7
2439218,5
2439296,59
2439311,5
2439347,10
2439359,14
2439439,14
2439475,6
2439502,6
2439505,6
2439561,12
2439563,22
2439577,35
2439605,29
2439645,9
2439646,15
2439650,11
2439655,9
2439683,19
2439695,8
2439699,23
2439708,6
2439712,158
2439830,5
2439839,9
2439860,10
2439941,16
2440006,26
2440029,20
2440062,16
2440104,26
2440122,9
2440233,19
2440253,24
2440258,17
2440274,9
2440320,5
2440375,12
2440379,20
2440401,9
2440459,5
2440488,6
2440500,9
2440501,6
2440642,6
2440669,6
2440683,6
2440755,5
2440798,7
2440799,6
2440821,8
2440827,11
2440858,23
2440915,33
2440937,6
2440992,6
2441094,19
2441112,32
2441122,8
2441150,10
2441187,551
2441191,11
2441231,10
2441234,13
2441235,86
2441238,5
2441274,9
2441291,7
2441292,7
2441338,9
2441391,19
2441409,15
2441447,8
2441448,14
2441449,8
2441538,13
2441580,6
2441581,5
2441629,6
2441676,15
2441681,15
2441741,8
2441749,11
2441873,19
2441909,6
2441916,9
2441934,9
2441952,10
2441964,20
2441977,6
2442045,5
2442060,15
2442079,9
2442090,9
2442104,18
2442170,41
2442272,12
2442284,8
2442364,11
2442410,15
2442428,6
2442449,13
2442474,10
2442552,91
2442574,7
2442619,6
2442632,22
2442659,16
2442660,7
2442673,6
2442727,31
2442800,14
2442885,6
2442887,6
2442892,12
2442945,18
2442958,14
2443075,16
2443087,7
2443114,64
2443132,5
2443198,20
2443202,8
2443213,5
2443227,12
2443230,8
2443260,10
2443262,72
2443290,18
2443335,243
2443344,9
2443369,42
2443401,40
2443413,1513
2443434,9
2443452,97
2443505,5
2443543,13
2443552,6
2443621,19
2443640,6
2443644,20
2443652,29
2443659,6
2443669,6
2443673,5
2443757,7
2443764,12
2443820,25
2443840,11
2443876,9
2443900,7
2443934,8
2443953,47
2443987,7
2444022,79
2444045,8
2444069,7
2444073,25
2444077,20
2444150,18
2444168,136
2444186,9
2444199,97
2444213,6
2444256,11
2444260,13
2444294,7
2444327,117
2444338,52
2444375,6
2444468,10
2444526,7
2444551,24
2444559,5
2444678,13
2444698,37
2444777,10
2444779,27
2444790,6
2444819,6
2444837,24
2444850,52
2444863,10
2444867,8
2444923,11
2444924,7
2444970,13
2444971,12
2444976,8
2445003,8
2445023,21
2445031,6
2445032,24
2445095,9
2445137,6
2445204,6
2445222,14
2445292,6
2445293,230
2445296,10
2445322,10
2445341,7
2445436,6
2445497,29
2445545,8
2445578,7
2445624,7
2445659,21
2445675,6
2445679,368
2445751,6
2445795,45
2445797,9
2445810,10
2445839,8
2445847,9
2445911,13
2445917,20
2445944,14
2445960,8
2445999,22
2446018,9
2446038,6
2446090,158
2446101,27
2446167,8
2446174,25
2446196,18
2446214,9
2446259,10
2446286,18
2446340,9
2446374,7
2446378,14
2446386,9
2446434,10
2446468,5
2446470,9
2446493,8
2446531,9
2446541,39
2446572,6
2446625,30
2446635,9
2446653,5
2446675,8
2446685,13
2446699,5
2446741,6
2446742,17
2446782,7
2446795,36
2446836,6
2446930,17
2446935,7
2446943,67
2446953,15
2446971,42
2447024,8
2447032,5
2447036,7
2447055,18
2447058,11
2447072,16
2447089,9
2447124,62
2447125,26
2447174,12
2447189,5
2447200,18
2447207,11
2447212,7
2447281,7
2447293,151
2447338,13
2447339,9
2447340,16
2447348,14
2447360,20
2447362,8
2447394,8
2447435,10
2447458,7
2447476,8
2447492,6
2447501,52
2447508,5
2447588,16
2447611,53
2447668,7
2447675,7
2447693,9
2447716,124
2447749,7
2447792,24
2447875,7
2447961,415
2447997,8
2448004,15
2448026,11
2448032,35
2448142,7
2448166,7
2448202,8
2448230,10
2448262,6
2448263,8
2448276,7
2448281,68
2448282,8
2448292,8
2448308,11
2448316,10
2448421,8
2448423,22
2448436,11
2448498,5
2448502,8
2448657,7
2448670,6
2448689,57
2448731,31
2448735,10
2448753,9
2448788,17
2448790,6
2448834,6
2448835,17
2448843,99
2448957,7
2448962,25
2449048,6
2449116,19
2449182,15
2449196,6
2449243,7
2449257,10
2449301,7
2449307,11
2449434,7
2449436,17
2449439,15
2449441,7
2449464,13
2449475,7
2449488,6
2449491,5
2449537,6
2449547,13
2449551,6
2449584,8
2449608,40
2449644,13
2449653,23
2449660,11
2449677,17
2449722,6
2449728,31
2449742,8
2449744,15
2449801,6
2449825,20
2449878,30
2449886,6
2449918,7
2449928,44
2449960,10
2450021,13
2450058,43
2450059,7
2450094,48
2450109,6
2450114,8
2450119,23
2450145,10
2450188,5
2450199,12
2450211,6
2450249,12
2450324,12
2450334,7
2450392,6
2450429,8
2450464,59
2450469,6
2450545,6
2450618,6
2450648,6
2450682,5
2450710,8
2450761,5
2450772,19
2450807,19
2450818,12
2450859,7
2450881,17
2450890,13
2450898,8
2450939,34
2450998,6
2451024,10
2451025,8
2451046,26
2451161,24
2451175,9
2451222,8
2451249,10
2451254,18
2451312,6
2451314,37
2451321,6
2451325,7
2451352,9
2451362,8
2451389,147
2451391,14
2451612,11
2451705,5
2451714,27
2451719,6
2451738,5
2451749,11
2451802,20
2451816,6
2451869,9
2451885,6
2451904,6
2451933,6
2451950,6
2451995,10
2451999,6
2452053,7
2452078,12
2452079,7
2452162,21
2452169,32
2452185,10
2452186,39
2452233,10
2452318,7
2452326,10
2452341,6
2452355,5
2452356,8
2452358,12
2452359,32
2452377,11
2452386,11
2452405,20
2452436,9
2452452,8
2452472,6
2452566,8
2452597,7
2452643,12
2452668,5
2452713,20
2452734,8
2452751,19
2452769,9
2452839,10
2452852,9
2452855,16
2452859,18
2452886,5
2452913,8
2452928,8
2452933,55
2452939,7
2453098,28
2453166,20
2453232,7
2453236,24
2453266,10
2453267,5
2453309,7
2453321,11
2453335,10
2453360,12
2453361,11
2453371,7
2453420,7
2453433,6
2453465,31
2453522,13
2453585,12
2453641,6
2453678,6
2453680,6
2453704,24
2453728,56
2453764,21
2453810,33
2453835,9
2453849,15
2453886,5
2453908,36
2453922,6
2453995,9
2453997,7
2454040,216
2454064,12
2454083,32
2454084,15
2454137,14
2454145,15
2454152,5
2454163,7
2454174,7
2454175,6
2454183,5
2454185,18
2454302,12
2454320,5
2454344,19
2454372,7
2454375,6
2454391,6
2454398,6
2454407,58
2454409,6
2454453,20
2454456,10
2454459,13
2454506,11
2454561,12
2454582,14
2454590,106
2454607,5
2454624,7
2454634,5
2454657,13
2454748,9
2454780,18
2454802,46
2454866,10
2454905,88
2454945,25
2454954,17
2455025,11
2455026,41
2455063,7
2455098,6
2455129,16
2455139,9
2455141,5
2455247,11
2455375,6
2455383,13
2455420,15
2455474,8
2455535,15
2455596,27
2455626,11
2455672,9
2455674,7
2455681,6
2455689,6
2455802,9
2455861,16
2455873,6
2455898,33
2455912,11
2455944,20
2455948,11
2455982,21
2456061,6
2456134,18
2456148,14
2456196,6
2456208,165
2456209,22
2456211,11
2456219,9
2456251,12
2456264,26
2456310,12
2456313,6
2456323,30
2456347,5
2456363,7
2456372,9
2456403,35
2456433,7
2456459,5
2456485,10
2456516,26
2456549,6
2456556,6
2456585,13
2456643,6
2456666,8
2456674,32
2456678,6
2456695,11
2456784,10
2456802,21
2456818,8
2456821,6
2456931,5
2456943,5
2456957,8
2456964,5
2456966,10
2457095,6
2457153,8
2457225,5
2457226,7
2457232,57
2457295,11
2457331,17
2457387,8
2457403,10
2457509,6
2457550,6
2457619,8
2457647,8
2457657,18
2457674,6
2457689,22
2457723,41
2457780,94
2457794,7
2457802,33
2457807,12
2457821,9
2457825,15
2457851,20
2457867,7
2457899,16
2457977,5
2457992,14
2458056,7
2458068,6
2458073,13
2458102,9
2458114,9
2458124,7
2458201,7
2458220,7
2458249,10
2458252,12
2458283,10
2458351,19
2458409,14
2458478,6
2458530,6
2458553,5
2458633,16
2458644,5
2458693,22
2458701,11
2458716,6
2458735,6
2458779,8
2458784,6
2458871,9
2458875,18
2458887,8
2458951,8
2458952,8
2458977,15
2458980,16
2459002,7
2459036,15
2459040,8
2459043,12
2459069,72
2459110,6
2459187,7
2459206,6
2459211,10
2459216,9
2459226,6
2459329,19
2459405,22
2459420,7
2459432,56
2459479,8
2459481,7
2459523,13
2459555,11
2459655,13
2459656,14
2459660,7
2459665,13
2459671,5
2459678,8
2459693,6
2459716,17
2459730,10
2459757,8
2459764,7
2459839,7
2459841,5
2459860,6
2459869,55
2459926,21
2459967,123
2460002,12
2460004,7
2460073,5
2460089,6
2460090,8
2460093,9
2460141,30
2460173,5
2460188,12
2460234,5
2460286,9
2460296,5
2460414,8
2460420,6
2460439,11
2460444,18
2460469,8
2460496,200
2460540,29
2460548,6
2460564,6
2460600,9
2460611,6
2460662,7
2460673,7
2460755,12
2460799,5
2460822,8
2460874,24
2460889,8
2460907,16
2460928,12
2460949,6
2460973,11
2461002,13
2461025,6
2461058,8
2461060,137
2461078,14
2461088,18
2461158,11
2461169,13
2461192,21
2461218,7
2461224,14
2461278,7
2461298,7
2461303,8
2461424,12
2461426,7
2461455,6
2461465,17
2461650,5
2461667,6
2461668,5
2461731,25
2461782,30
2461791,11
2461804,134
2461811,7
2461847,150
2461858,11
2461860,23
2461865,10
2461873,9
2461891,7
2461899,9
2461933,7
2461969,25
2462005,151
2462007,6
2462023,5
2462027,49
2462028,7
2462047,5
2462050,6
2462060,5
2462063,8
2462064,12
2462088,7
2462166,12
2462189,12
2462190,9
2462316,12
2462322,6
2462333,6
2462337,8
2462503,17
2462549,7
2462735,9
2462792,39
2462827,19
2462846,724
2462851,6
2462868,18
2462875,9
2462902,31
2462926,8
2462948,24
2462998,53
2462999,8
2463084,12
2463093,50
2463130,7
2463142,6
2463196,8
2463237,13
2463352,9
2463371,13
2463434,26
2463486,7
2463558,7
2463563,37
2463614,11
2463639,5
2463650,18
2463712,8
2463755,8
2463764,13
2463816,18
2463853,6
2463871,23
2463972,21
2464082,9
2464086,7
2464146,46
2464181,6
2464227,5
2464299,7
2464346,6
2464351,5
2464369,5
2464393,27
2464395,7
2464436,6
2464456,5
2464479,9
2464503,7
2464549,33
2464633,77
2464697,8
2464713,6
2464736,14
2464737,41
2464759,15
2464848,10
2464931,15
2464961,5
2464989,59
2465073,45
2465096,6
2465143,27
2465211,23
2465225,32
2465271,10
2465273,6
2465274,32
2465280,12
2465346,7
2465410,6
2465429,6
2465448,5
2465504,14
2465520,12
2465538,23
2465564,6
2465575,6
2465576,10
2465591,17
2465599,179
2465644,6
2465733,7
2465740,7
2465797,6
2465806,6
2465854,8
2465858,8
2465859,32
2465886,6
2465933,10
2465935,7
2465961,5
2465982,8
2466132,7
2466143,37
2466153,65
2466166,6
2466170,6
2466245,7
2466270,9
2466284,52
2466295,7
2466322,8
2466351,6
2466368,11
2466374,11
2466450,39
2466551,284
2466570,28
2466626,6
2466636,6
2466712,14
2466774,13
2466801,34
2466816,6
2466875,7
2466944,6
2466954,9
2466957,6
2466988,29
2467008,6
2467012,5
2467112,25
2467124,17
2467147,57
2467151,12
2467174,5
2467203,189
2467233,7
2467236,6
2467248,6
2467281,8
2467311,12
2467313,74
2467346,20
2467354,5
2467429,7
2467438,7
2467470,7
2467471,16
2467547,8
2467548,18
2467578,7
2467583,17
2467599,20
2467600,6
2467633,5
2467686,16
2467711,6
2467802,9
2467823,11
2467847,15
2467905,14
2467936,9
2467947,43
2467949,17
2468017,8
2468022,12
2468023,11
2468030,25
2468033,7
2468045,5
2468070,8
2468097,10
2468099,15
2468110,34
2468118,12
2468124,8
2468194,16
2468201,6
2468249,11
2468302,5
2468317,6
2468339,11
2468353,7
2468361,6
2468467,6
2468483,7
2468487,10
2468495,6
2468519,5
2468525,8
2468569,7
2468589,33
2468617,7
2468619,9052
2468692,5
2468712,9
2468814,7
2468833,24
2468838,39
2468861,11
2468910,7
2468925,7
2468942,6
2468965,6
2468998,20
2469010,7
2469022,8
2469048,7
2469082,11
2469091,8
2469118,19
2469220,7
2469258,21
2469267,5
2469300,6
2469321,9
2469334,5
2469464,46
2469480,85
2469483,9
2469495,12
2469516,6
2469553,90
2469557,8
2469619,13
2469625,13
2469650,9
2469707,6
2469713,7
2469831,6
2469839,12
2469857,52
2469874,26
2469921,6
2469922,29
2469971,104
2470013,19
2470058,6
2470061,29
2470167,6
2470177,11
2470218,5
2470250,78
2470258,7
2470262,7
2470315,5
2470324,92
2470354,10
2470379,6
2470383,5
2470569,7
2470641,7
2470660,17
2470731,15
2470734,12
2470795,24
2470814,15
2470837,11
2470860,6
2470909,6
2471057,300
2471085,7
2471162,11
2471193,11
2471197,15
2471207,11
2471209,10
2471308,7
2471331,8
2471362,9
2471367,7
2471377,6
2471408,6
2471418,9
2471434,85
2471440,9
2471487,23
2471500,27
2471540,17
2471570,8
2471595,18
2471638,10
2471643,59
2471645,26
2471652,9
2471658,6
2471719,21
2471767,6
2471802,9
2471842,8
2471872,16
2471877,16
2471883,41
2471910,6
2471940,8
2472001,6
2472019,16
2472035,70
2472098,30
2472150,5
2472162,325
2472194,6
2472203,9
2472206,11
2472217,7
2472230,5
2472236,15
2472312,10
2472318,6
2472322,8
2472335,14
2472342,13
2472380,20
2472396,11
2472408,5
2472511,10
2472536,6
2472538,17
2472554,6
2472555,14
2472612,21
2472631,5
2472644,13
2472691,8
2472730,15
2472798,14
2472859,52
2472904,6
2472996,8
2473000,6
2473030,7
2473031,9
2473113,5
2473119,5
2473138,5
2473144,66
2473160,58
2473184,7
2473202,6
2473235,8
2473250,17
2473279,10
2473329,5
2473337,8
2473390,9
2473395,27
2473434,322
2473447,6
2473458,16
2473518,7
2473529,9
2473538,63
2473579,47
2473676,33
2473677,13
2473683,5
2473719,5
2473747,7
2473783,22
2473841,63
2473852,6
2473908,6
2473955,9
2473972,10
2474003,10
2474013,78
2474055,6
2474067,10
2474088,7
2474089,5
2474123,6
2474130,9
2474187,11
2474192,6
2474238,14
2474251,12
2474266,8
2474279,12
2474282,7
2474333,49
2474337,33
2474348,43
2474362,31
2474368,15
2474391,27
2474420,31
2474431,9
2474448,7
2474450,5
2474452,6
2474459,18
2474465,18
2474480,20
2474498,8
2474533,12
2474571,11
2474637,17
2474638,5
2474655,7
2474690,13
2474709,25
2474740,5
2474750,6
2474787,9
2474873,10
2474899,10
2474931,36
2474932,31
2474933,18
2474955,14
2474961,81
2474973,5
2475017,5
2475056,6
2475088,9
2475097,17
2475129,11
2475132,6
2475143,30
2475176,5
2475188,11
2475208,15
2475254,97
2475283,140
2475347,8
2475348,8
2475374,5
2475384,75
2475416,32
2475517,6
2475536,41
2475576,8
2475623,5
2475645,8
2475654,7
2475677,48
2475693,7
2475712,5
2475848,11
2475867,60
2475876,174
2475889,8
2475902,8
2475943,6
2475945,18
2476009,6
2476035,9
2476041,9
2476104,7
2476141,12
2476173,6
2476205,29
2476245,17
2476264,5
2476266,7
2476310,13
2476316,7
2476361,8
2476375,6
2476380,6
2476384,24
2476404,6
2476405,22
2476421,47
2476535,5
2476587,12
2476604,60
2476609,11
2476660,6
2476728,19
2476760,83
2476769,44
2476777,14
2476781,9
2476784,9
2476810,8
2476815,26
2476841,13
2476853,19
2476858,31
2476905,34
2477028,6
2477140,6
2477143,13
2477144,14
2477262,21
2477276,6
2477277,15
2477294,23
2477313,8
2477422,22
2477497,46
2477512,22
2477520,12
2477624,17
2477741,8
2477754,12
2477756,7
2477764,12
2477771,75
2477830,9
2477879,6
2477881,8
2477882,28
2477887,370
2477980,5
2478023,55
2478105,312
2478154,6
2478280,161
2478395,6
2478411,6
2478456,45
2478461,10
2478476,10
2478477,5
2478511,23
2478561,10
2478575,7
2478576,9
2478599,7
2478636,9
2478691,12
2478740,13
2478750,13
2478756,6
2478788,14
2478802,7
2478890,19
2478936,14
2478952,12
2478966,20
2478994,16
2479000,45
2479014,7
2479021,5
2479050,51
2479068,25
2479111,11
2479136,29
2479164,8
2479176,11
2479252,66
2479258,21
2479272,6
2479316,45
2479317,20
2479351,10
2479392,13
2479495,27
2479503,20
2479506,7
2479527,6
2479584,9
2479600,43
2479607,6
2479635,8
2479642,10
2479673,21
2479735,9
2479811,7
2479819,8
2479893,7
2480017,79
2480051,110
2480073,7
2480091,6
2480110,5
2480118,9
2480145,43
2480213,54
2480223,20
2480231,13
2480232,7
2480237,6
2480246,5
2480297,24
2480303,130
2480307,162
2480355,5
2480381,6
2480439,7
2480473,18
2480522,11
2480551,6
2480602,5
2480639,9
2480689,20
2480723,5
2480756,9
2480783,9
2480796,7
2480822,9
2480885,6
2481015,6
2481019,9
2481049,8
2481080,5
2481084,9
2481100,5
2481119,12
2481124,20
2481142,6
2481147,5
2481185,7
2481202,7
2481234,761
2481241,6
2481253,5
2481257,26
2481273,19
2481279,73
2481320,36
2481350,23
2481357,8
2481391,18
2481409,10
2481419,6
2481430,69
2481455,11
2481488,6
2481499,12
2481582,7
2481804,22
2481809,11
2481826,9
2481835,9
2481836,9
2481887,7
2481914,88
2481942,7
2482115,20
2482170,12
2482182,9
2482185,5
2482192,8
2482243,47
2482258,10
2482324,16
2482342,7
2482346,15
2482359,40
2482391,18
2482410,33
2482430,8
2482431,146
2482461,7
2482473,7
2482484,16
2482500,6
2482542,18
2482586,5
2482663,37
2482696,6
2482737,10
2482749,7
2482785,6
2482787,60
2482842,6
2482851,9
2482862,8
2482888,7
2483012,5
2483018,85
2483032,5
2483044,8
2483061,8
2483073,20
2483126,503
2483128,6
2483152,19
2483169,5
2483170,84
2483191,17
2483204,8
2483223,13
2483238,5
2483369,7
2483419,10
2483436,7
2483451,21
2483473,7
2483488,74
2483528,5
2483548,5
2483572,13
2483587,5
2483610,6
2483653,6
2483656,64
2483660,8
2483662,6
2483663,44
2483724,6
2483733,10
2483753,5
2483790,5
2483820,39
2483879,6
2483886,8
2483917,27
2484003,12
2484021,90
2484041,6
2484066,13
2484083,6
2484106,19
2484121,45
2484204,11
2484217,9
2484219,7
2484249,95
2484256,16
2484278,7
2484290,5
2484302,7
2484308,8
2484331,25
2484332,7
2484334,7
2484342,6
2484390,13
2484405,11
2484464,46
2484472,30
2484566,12
2484571,6
2484642,5
2484665,6
2484679,9
2484680,6
2484746,157
2484748,8
2484752,15
2484762,11
2484794,27
2484800,6
2484852,13
2484918,22
2484969,5
2485045,7
2485084,10
2485106,7
2485144,6
2485157,9
2485172,42
2485182,6
2485189,8
2485232,5
2485255,11
2485323,7
2485338,23
2485372,17
2485389,7
2485419,7
2485441,6
2485460,6
2485484,5
2485486,7
2485494,10
2485521,6
2485541,7
2485554,7
2485587,9
2485593,8
2485682,6
2485713,8
2485715,6
2485717,42
2485746,5
2485779,18
2485796,6
2485835,8
2485841,5
2485871,20
2485898,11
2485899,9
2485986,6
2486002,34
2486077,8
2486109,9
2486111,5
2486125,6
2486141,8
2486174,11
2486184,6
2486225,41
2486226,14
2486230,7
2486283,8
2486292,6
2486323,9
2486346,25
2486347,48
2486433,6
2486454,19
2486479,12
2486493,33
2486502,7
2486518,12
2486539,21
2486547,3892
2486568,92
2486614,25
2486618,16
2486676,9
2486681,15
2486729,49
2486749,13
2486752,17
2486826,59
2486834,7
2486938,25
2486944,11
2486978,6
2486997,71
2487002,18
2487005,9
2487020,8
2487024,6
2487082,11
2487092,12
2487093,8
2487110,37
2487113,9
2487134,76
2487189,21
2487243,6
2487259,7
2487260,27
2487272,25
2487295,12
2487298,16
2487312,15
2487323,8
2487366,6
2487395,8
2487396,10
2487421,23
2487489,43
2487508,7
2487543,20
2487556,18
2487557,9
2487559,5
2487585,9
2487598,5
2487606,7
2487628,35
2487639,39
2487658,13
2487660,7
2487673,7
2487705,29
2487706,15
2487708,13
2487815,89
2487865,14
2487892,56
2487914,6
2487917,7
2487962,8
2487990,19
2487996,6
2488008,7
2488067,5
2488091,16
2488097,48
2488101,27
2488138,12
2488177,23
2488217,6
2488336,20
2488343,45
2488366,368
2488378,7
2488382,31
2488393,7
2488424,6
2488427,18
2488434,7
2488460,15
2488485,44
2488506,12
2488558,6
2488622,5
2488645,9
2488654,14
2488736,7
2488772,16
2488789,11
2488790,8
2488796,100
2488821,7
2488939,70
2488971,66
2488981,7
2489044,6
2489064,6
2489070,5
2489097,6
2489171,8
2489172,7
2489238,9
2489452,5
2489534,10
2489547,17
2489572,26
2489613,9
2489641,6
2489657,6
2489660,7
2489661,68
2489662,12
2489666,8
2489751,13
2489758,103
2489801,20
2489810,7
2489843,6
2489844,11
2489874,8
2489901,8
2489944,7
2489960,8
2489979,10
2490005,12
2490010,7
2490059,20
2490078,6
2490149,15
2490156,6
2490158,21
2490159,23
2490202,8
2490251,10
2490266,14
2490315,238
2490342,11
2490358,6
2490389,356
2490397,10
2490413,9
2490427,12
2490441,5
2490456,14
2490463,6
2490465,7
2490468,11
2490511,6
2490525,9
2490539,7
2490563,11
2490578,6
2490588,21
2490609,6
2490611,24
2490620,11
2490705,6
2490748,12
2490761,6
2490767,6
2490785,108
2490812,8
2490816,15
2490881,5
2490888,6
2490918,20
2490994,19
2491081,6
2491082,16
2491089,14
2491094,6
2491114,17
2491119,22
2491122,46
2491123,9
2491143,7
2491193,6
2491216,5
2491250,11
2491267,22
2491315,16
2491334,8
2491363,9
2491404,16
2491428,38
2491464,7
2491511,6
2491537,33
2491568,67
2491619,6
2491680,9
2491683,31
2491692,23
2491706,5
2491730,6
2491764,98
2491768,12
2491781,6
2491841,11
2491919,9
2492035,13
2492036,39
2492057,7
2492061,106
2492076,8
2492078,7
2492086,10
2492156,24
2492258,9
2492279,11
2492432,10
2492458,6
2492462,5
2492472,10
2492530,7
2492577,5
2492584,9
2492611,6
2492630,42
2492646,11
2492659,5
2492703,141
2492831,39
2492880,8
2492884,9
2492956,10
2493012,5
2493040,18
2493058,6
2493067,14
2493122,6
2493126,7
2493248,11
2493259,10
2493318,76
2493326,7
2493327,7
2493375,8
2493391,14
2493397,6
2493425,6
2493440,7
2493457,9
2493470,7
2493496,5
2493549,26
2493577,6
2493580,11
2493636,6
2493676,7
2493692,7
2493699,9
2493758,6
2493772,74
2493780,5
2493788,6
2493866,7
2493941,12
2493945,15
2494049,9
2494091,7
2494194,6
2494197,11
2494206,6
2494305,6
2494307,25
2494369,38
2494377,9
2494392,7
2494399,9
2494407,6
2494413,18
2494420,7
2494456,12
2494519,5
2494520,5
2494535,12
2494561,58
2494604,5
2494642,135
2494694,55
2494740,32
2494778,11
2494786,8
2494792,16
2494820,5
2494830,5
2494861,7
2494865,37
2494925,8
2495113,10
2495142,61
2495147,58
2495222,7
2495254,11
2495259,6
2495283,230
2495334,43
2495391,6
2495398,9
2495467,5
2495473,6
2495527,13
2495539,6
2495556,7
2495565,6
2495571,9
2495583,7
2495608,5
2495623,6
2495649,12
2495658,5
2495666,7
2495715,8
2495744,12
2495785,11
2495818,7
2495898,5
2495911,6
2496009,907
2496039,19
2496118,5
2496127,7
2496209,8
2496265,7
2496274,11
2496275,14
2496320,18
2496339,8
2496340,56
2496412,8
2496478,11
2496552,15
2496577,8
2496589,9
2496600,8
2496678,11
2496748,11
2496763,7
2496779,47
2496811,12
2496812,7
2496829,7
2496834,12
2496860,7
2496877,10
2497081,32
2497223,76
2497225,5
2497233,8
2497258,6
2497275,10
2497294,14
2497362,8
2497402,5
2497444,12
2497452,6
2497455,272
2497460,6
2497469,6
2497514,10
2497563,7
2497601,89
2497736,11
2497741,10
2497766,6
2497775,6
2497780,9
2497782,6
2497801,7
2497910,7
2497923,9
2497940,21
2497956,9
2497961,27
2497973,18
2497984,18
2498010,6
2498070,8
2498106,18
2498110,24
2498121,7
2498150,10
2498223,6
2498271,32
2498335,11
2498336,7
2498387,11
2498389,5
2498410,23
2498416,22
2498471,26
2498492,91
2498519,9
2498543,7
2498553,6
2498569,8
2498570,6
2498585,6
2498605,7
2498613,11
2498629,13
2498654,12
2498822,6
2498827,8
2498854,11
2498859,8
2498860,6
2498898,9
2498928,58
2498938,45
2498987,12
2499093,6
2499108,9
2499117,8
2499140,21
2499172,11
2499212,13
2499216,18
2499227,100
2499230,11
2499249,8
2499254,34
2499259,6
2499297,11
2499318,6
2499388,25
2499416,8
2499427,12
2499473,6
2499600,11
2499631,134
2499679,16
2499680,26
2499696,10
2499704,8
2499775,10
2499790,6
2499837,11
2499838,6
2499843,17
2499864,6
2499882,19
2499884,33
2499919,11
2499985,12
2500000,7
2500084,13
2500093,12
2500128,6
2500165,5
2500188,6
2500194,9
2500206,10
2500281,5
2500371,13
2500436,9
2500543,21
2500597,7
2500643,5
2500708,7
2500737,34
2500792,10
2500794,13
2500795,5
2500907,16
2500920,5
2500925,7
2500941,6
2500977,52
2501011,7
2501024,5
2501065,7
2501253,20
2501257,5
2501284,14
2501314,47
2501318,16
2501367,6
2501368,16
2501382,6
2501387,9
2501412,8
2501416,6
2501451,18
2501513,8
2501525,7
2501533,5
2501551,8
2501598,26
2501749,10
2501811,104
2501845,39
2501869,624
2501905,5
2501907,8
2501916,13
2501923,18
2502091,10
2502113,10
2502229,6
2502252,110
2502291,6
2502303,6
2502309,12
2502329,20
2502371,9
2502389,9
2502444,9
2502446,7
2502476,9
2502558,5
2502578,7
2502592,21
2502601,29
2502624,6
2502637,12
2502671,5
2502698,691
2502705,5
2502735,7
2502736,6
2502764,7
2502765,8
2502778,14
2502808,8
2502824,21
2502837,5
2502865,30
2502939,9
2502972,46
2502984,14
2502999,5
2503000,19
2503027,8
2503033,31
2503039,10
2503042,7
2503068,6
2503120,5
2503126,9
2503127,8
2503163,13
2503175,15
2503182,7
2503187,8
2503192,6
2503206,5
2503270,14
2503310,13
2503322,16
2503338,5
2503453,10
2503455,5
2503493,20
2503524,21
2503558,7
2503595,26
2503633,6
2503640,6
2503676,10
2503677,6
2503699,16
2503728,15
2503734,18
2503749,7
2503798,16
2503868,6
2503883,6
2503894,7
2503901,6
2503992,6
2504022,13
2504038,15
2504081,7
2504091,9
2504099,14
2504108,24
2504155,7
2504177,18
2504203,6
2504213,13
2504243,156
2504284,16
2504364,6
2504376,8
2504387,41
2504390,7
2504423,7
2504425,17
2504430,20
2504468,9
2504480,6
2504493,9
2504501,7
2504536,11
2504571,6
2504573,23
2504593,10
2504598,6
2504627,18
2504641,9
2504698,8
2504706,9
2504806,22
2504869,59
2504902,21
2504968,38
2504995,11
2505031,12
2505034,7
2505048,17
2505066,14
2505109,8
2505159,6
2505160,6
2505177,6
2505209,8
2505245,6
2505266,18
2505329,24
2505339,6
2505421,5
2505469,10
2505553,41
2505616,7
2505688,7
2505690,15
2505732,11
2505741,158
2505751,8
2505785,5
2505789,234
2505836,25
2505870,23
2505877,9
2505892,9
2505910,9
2505915,8
2505977,16
2506100,24
2506116,13
2506119,7
2506124,5
2506145,7
2506208,6
2506230,10
2506291,6
2506380,8
2506445,33
2506488,17
2506508,59
2506527,6
2506550,6
2506666,18
2506691,7
2506706,9
2506741,14
2506819,8
2506850,6
2506855,6
2506867,6
2506900,7
2506901,15
2507086,6
2507102,25
2507112,28
2507118,25
2507131,361
2507180,10
2507181,7
2507211,5
2507222,6
2507353,5
2507468,7
2507475,6
2507503,9
2507518,11
2507580,6
2507605,5
2507616,10
2507627,15
2507750,18
2507764,5
2507801,6
2507818,43
2507845,11
2507850,9
2507854,9
2507855,6
2507872,7
2507900,12
2507936,69
2507942,7
2507949,25
2508020,8
2508021,417
2508059,5
2508068,5
2508071,31
2508091,5
2508101,24
2508102,6
2508112,14
2508151,8
2508162,6
2508194,22
2508202,5
2508210,16
2508312,8
2508353,14
2508444,6
2508445,20
2508656,9
2508658,6
2508675,8
2508768,50
2508815,15
2508837,8
2508845,49
2508883,8
2508890,47
2508937,6
2508993,12
2509009,13
2509013,6
2509019,9
2509037,8
2509040,15
2509050,6
2509069,7
2509088,16
2509172,7
2509176,6
2509183,35
2509227,18
2509279,110
2509295,23
2509316,973
2509321,14
2509323,7
2509341,8
2509377,6
2509396,9
2509478,7
2509480,9
2509485,5
2509491,11
2509493,7
2509533,7
2509557,11
2509609,7
2509669,11
2509687,10
2509756,16
2509760,5
2509765,21
2509770,12
2509824,6
2509874,10
2509918,12
2509978,17
2509983,6
2509990,142
2509994,6
2510012,5
2510036,32
2510075,6
2510120,18
2510237,6
2510253,7
2510265,6
2510293,7
2510309,19
2510372,9
2510383,11
2510447,57
2510547,22
2510563,6
2510631,6
2510651,53
2510656,13
2510679,5
2510686,15
2510693,9
2510727,12
2510764,11
2510776,15
2510811,9
2510838,7
2510855,9
2510885,5
2510989,6
2511049,6
2511068,5
2511076,33
2511079,5
2511084,7
2511096,14
2511102,13
2511114,40
2511138,11
2511179,6
2511227,46
2511229,6
2511243,11
2511245,13
2511319,8
2511341,6
2511343,19
2511352,9
2511355,5
2511393,10
2511399,7
2511408,5
2511448,833
2511450,133
2511477,9
2511479,16
2511501,7
2511537,9
2511568,5
2511598,6
2511620,6
2511676,6
2511706,13
2511796,52
2511849,11
2511862,56
2511907,10
2511909,10
2511931,9
2511933,8
2511934,13
2511975,9
2511976,250
2511985,6
2511987,73
2512013,7
2512018,14
2512060,6
2512087,7
2512106,31
2512117,11
2512140,5
2512145,14
2512146,15
2512180,7
2512224,5
2512243,6
2512292,18
2512374,75
2512375,8
2512473,39
2512488,8
2512507,37
2512531,6
2512589,17
2512616,7
2512686,11
2512724,6
2512794,9
2512796,7
2512805,10
2512843,6
2512845,10
2512873,6
2512875,24
2512928,17
2512933,7
2512976,5
2512980,7
2512998,6
2513025,6
2513052,7
2513069,6
2513210,27
2513221,9
2513233,7
2513235,17
2513288,7
2513334,17
2513386,42
2513464,7
2513487,9
2513522,17
2513548,10
2513562,7
2513566,107
2513627,6
2513641,6
2513645,24
2513668,7
2513677,32
2513685,9
2513691,7
2513694,6
2513695,8
2513720,28
2513784,8
2513788,23
2513811,6
2513814,8
2513815,61
2513833,28
2513882,20
2513885,6
2513920,7
2513931,23
2513978,6
2513983,34
2513999,59
2514028,7
2514079,17
2514106,15
2514131,7
2514135,5
2514137,57
2514144,5
2514178,55
2514182,7
2514195,11
2514243,16
2514257,11
2514269,6
2514357,52
2514378,10
2514389,6
2514401,26
2514417,6
2514427,8
2514443,7
2514579,5
2514592,11
2514598,6
2514611,7
2514614,101
2514624,6
2514654,29
2514694,7
2514773,5
2514807,27
2514832,6
2514888,8
2514917,21
2514962,6
2514998,37
2515023,83
2515032,666
2515042,73
2515047,9
2515053,8
2515200,7
2515217,5
2515220,5
2515223,5
2515253,8
2515308,8
2515334,10
2515400,7
2515414,9618
2515436,12
2515439,16
2515476,8
2515491,11
2515601,33
2515610,5
2515624,19
2515631,59
2515651,9
2515695,11
2515707,6
2515708,8
2515729,9
2515758,9
2515809,9
2515867,6
2515922,7
2515941,6
2515969,6
2515973,27
2515984,6
2516153,6
2516214,9
2516307,6
2516363,168
2516377,8
2516407,6
2516455,5
2516514,9
2516665,22
2516708,81
2516725,8
2516730,6
2516743,10
2516770,9
2516834,7
2516866,25
2516928,27
2516998,7
2517011,10
2517083,14
2517084,7
2517147,14
2517178,6
2517213,5
2517236,7
2517239,23
2517246,5
2517331,5
2517366,130
2517372,7
2517378,8
2517398,36
2517399,9
2517409,6
2517419,6
2517425,13
2517437,9
2517525,12
2517542,220
2517546,28
2517567,44
2517645,13
2517738,24
2517744,6
2517803,6
2517818,10
2517844,13
2517858,9
2517908,13
2517916,10
2517983,7
2517987,6
2518000,5
2518017,6
2518047,118
2518057,7
2518087,10
2518107,5
2518128,6
2518142,5
2518175,57
2518182,11
2518272,5
2518291,3997
2518318,12
2518353,7
2518354,6
2518432,10
2518435,19
2518500,22
2518509,14
2518590,18
2518597,13
2518603,8
2518642,5
2518693,38
2518708,16
2518733,11
2518753,28
2518762,17
2518791,9
2518875,33
2518913,77
2518946,7
2518948,5
2518964,18
2518965,12
2518967,71
2518968,7
2518985,7
2518993,8
2519009,11
2519084,19
2519139,21
2519164,6
2519177,11
2519181,12
2519221,7
2519244,14
2519270,11
2519288,16
2519322,8
2519324,8
2519352,9
2519372,6
2519452,9
2519457,5
2519481,8
2519491,9
2519558,17
2519564,9
2519571,10
2519632,8
2519633,6
2519674,7
2519850,13
2519871,154
2519875,6
2519905,13
2519921,7
2519959,14
2520026,6
2520048,9
2520076,7
2520104,7
2520136,12
2520146,6
2520156,6
2520178,6
2520180,26
2520187,7
2520231,5
2520257,10
2520305,12
2520424,14
2520515,5
2520523,8
2520543,51
2520556,25
2520591,6
2520637,7
2520645,45
2520660,7
2520713,133
2520734,6
2520801,72
2520859,617
2520873,6
2520889,9
2520912,22
2520925,4048
2521018,10
2521041,5
2521108,39
2521151,28
2521152,24
2521163,12
2521175,5
2521197,7
2521216,6
2521244,7
2521256,7
2521285,21
2521319,10
2521400,6
2521473,5
2521481,6
2521491,5
2521495,19
2521503,15
2521526,32
2521527,18
2521547,8
2521588,11
2521614,20
2521619,22
2521687,8
2521701,101
2521703,6
2521714,7
2521743,53
2521752,7
2521755,6
2521768,7
2521852,10
2521875,6
2521883,6
2521964,6
2521990,6
2522005,10
2522030,6
2522097,5
2522101,7
2522160,19
2522174,24
2522204,6
2522280,11
2522339,14
2522388,6
2522440,21
2522515,6
2522593,29
2522632,9
2522689,7
2522693,17
2522696,13
2522709,23
2522719,5
2522776,7
2522845,7
2522855,10
2522863,6
2522864,5
2522877,12
2522933,5
2522990,18
2523023,5
2523024,5
2523079,6
2523087,17
2523125,25
2523142,7
2523149,16
2523168,5
2523211,11
2523224,88
2523242,35
2523273,14
2523314,8
2523316,10
2523358,10
2523407,7
2523418,75
2523434,26
2523446,18
2523502,11
2523522,10
2523533,5
2523565,14
2523642,6
2523652,8
2523653,8
2523673,7
2523709,9
2523753,8
2523754,9
2523762,5
2523774,18
2523820,17
2523821,737
2523827,20
2523889,6
2523927,6
2523933,8
2523934,6
2524037,9
2524129,33
2524158,8
2524162,9
2524195,25
2524237,7
2524309,71
2524323,6
2524335,6
2524337,57
2524346,13
2524355,5
2524414,27
2524422,134
2524432,16
2524443,22
2524454,13
2524519,13
2524614,11
2524638,9
2524645,10
2524681,6
2524686,7
2524692,6
2524697,18
2524705,37
2524780,12
2524806,12
2524830,6
2524858,11
2524866,8
2524868,28
2524869,6
2524871,8
2524909,8
2524942,22
2524971,6
2524982,59
2524994,8
2525050,15
2525091,21
2525153,19
2525191,21
2525240,82
2525241,9
2525250,54
2525278,6
2525294,8
2525314,7
2525341,16
2525347,14
2525371,6
2525373,5
2525428,8
2525471,23
2525506,5
2525512,5
2525518,30
2525557,6
2525584,12
2525672,9
2525696,13
2525729,13
2525735,6
2525771,8
2525782,6
2525816,6
2525817,5
2525846,9
2525852,8
2525866,22
2525908,5
2525921,8
2525968,729
2526085,9
2526162,20
2526183,5
2526202,31
2526203,11
2526293,6
2526316,9
2526341,8
2526349,6
2526350,12
2526353,5
2526366,22
2526377,7
2526381,22
2526399,7
2526400,6
2526453,6
2526463,5
2526502,42
2526525,20
2526532,8
2526539,6
2526545,8
2526549,5
2526560,11
2526561,5
2526723,9
2526741,6
2526808,48
2526823,24
2526942,20
2527085,13
2527117,68
2527163,10
2527245,9
2527277,6
2527328,6
2527373,5
2527405,9
2527415,14
2527484,7
2527498,10
2527513,6
2527618,6
2527629,15
2527631,25
2527683,15
2527696,14
2527719,6
2527726,9
2527735,6
2527754,26
2527760,6
2527763,6
2527804,48
2527913,8
2527965,6
2528000,12
2528040,7
2528083,5
2528137,12
2528155,10
2528163,11
2528165,6
2528213,10
2528235,23
2528254,7
2528384,14
2528434,6
2528447,87
2528467,6
2528503,12
2528552,26
2528715,367
2528768,10
2528796,8
2528869,9
2528893,12
2528895,14
2528917,14
2528946,7
2528985,7
2529008,6
2529053,11
2529078,19
2529158,242
2529170,18
2529193,7
2529318,8
2529326,6
2529335,22
2529354,12
2529357,69
2529406,81
2529408,12
2529486,64
2529579,6
2529591,16
2529597,19
2529617,7
2529640,14
2529671,6
2529738,20
2529809,36
2529825,13
2529826,11
2529848,11
2529864,9
2529881,12
2529914,10
2529935,5
2529982,7
2529994,12
2529996,6
2530023,7
2530063,10
2530148,19
2530205,5
2530206,5
2530220,7
2530226,6
2530244,28
2530248,5
2530290,11
2530305,6
2530384,5
2530411,10
2530605,110
2530636,7
2530647,8
2530659,8
2530672,12
2530698,11
2530724,16
2530750,6
2530774,7
2530853,7
2530898,25
2530915,7
2530955,10
2530978,13
2530996,5
2531004,60
2531006,42
2531015,25
2531164,22
2531182,7
2531187,105
2531210,6
2531221,30
2531321,19
2531328,16
2531443,12
2531479,6
2531484,5
2531525,8
2531549,30
2531559,11
2531631,35
2531649,9
2531690,8
2531772,10
2531781,9
2531829,31
2531846,16
2531851,12
2531876,11
2531891,7
2531923,16
2531971,28
2532007,6
2532020,6
2532050,31
2532177,6
2532198,7
2532211,10
2532248,9
2532262,8
2532263,6
2532303,12
2532388,13
2532390,10
2532401,32
2532403,11
2532454,16
2532466,6
2532538,6
2532581,5
2532598,12
2532625,5
2532642,13
2532659,7
2532679,16
2532685,8
2532786,13
2532935,12
2532986,13
2532997,10
2532998,15
2533020,24
2533061,121
2533071,7
2533118,131
2533134,6
2533150,25
2533214,181
2533219,16
2533226,6
2533251,25
2533308,9
2533351,42
2533360,6
2533411,7
2533474,11
2533476,6
2533502,5
2533518,10
2533526,14
2533530,20
2533537,6
2533543,12
2533551,18
2533552,11
2533558,390
2533559,6
2533570,33
2533571,26
2533576,7
2533579,5
2533624,55
2533631,10
2533656,7
2533717,6
2533767,9
2533798,5
2533829,6
2533848,6
2533855,7
2533856,7
2533927,9
2533928,12
2533962,6
2533987,9
2534010,8
2534066,16
2534071,5
2534085,7
2534097,40
2534158,8
2534234,7
2534276,5
2534291,8
2534334,13
2534363,30
2534433,7
2534443,14
2534519,11
2534526,7
2534535,6
2534610,6
2534618,16
2534654,5
2534659,8
2534712,11
2534739,20
2534856,6
2534866,8
2534879,6
2534881,8
2534902,9
2534938,15
2534955,18
2535001,6
2535043,6
2535057,12
2535087,17
2535088,40
2535099,6
2535105,13
2535114,52
2535118,5
2535124,5
2535143,7
2535152,5
2535195,53
2535235,7
2535238,6
2535239,9
2535293,17
2535327,24
2535371,17
2535396,8
2535400,50
2535425,5
2535456,11
2535467,198
2535553,13
2535569,7
2535596,10
2535698,8
2535735,33
2535808,13
2535829,45
2535894,11
2535901,6
2535915,6
2535984,11
2536034,10
2536135,8
2536158,51
2536179,187
2536183,12
2536202,18
2536224,6
2536226,5
2536245,26
2536259,34
2536262,6
2536270,13
2536274,5
2536280,7
2536302,9
2536306,28
2536314,10
2536341,30
2536370,9
2536398,96
2536427,5
2536433,20
2536443,21
2536454,43
2536461,21
2536506,5
2536530,13
2536668,56
2536697,7
2536714,7
2536730,6
2536761,7
2536768,7
2536784,7
2536787,30
2536823,6
2536832,7
2536858,7
2536938,24
2536948,25
2536986,5
2537000,12
2537062,8
2537095,8
2537143,7
2537187,6
2537232,7
2537245,8
2537348,5
2537354,62
2537360,6
2537363,6
2537364,10
2537396,65
2537434,47
2537471,12
2537492,5
2537503,7
2537517,155
2537545,13
2537551,14
2537575,17
2537594,17
2537609,10
2537648,7
2537667,32
2537669,9
2537684,13
2537691,13
2537728,32
2537776,112
2537830,19
2537882,7
2537899,9
2537950,12
2537962,7
2537965,8
2537968,1922
2537971,6
2538037,38
2538092,5
2538180,6
2538189,6
2538220,6
2538242,14
2538243,5
2538263,14
2538322,18
2538338,13
2538346,15
2538375,23
2538388,6
2538402,8
2538423,9
2538428,12
2538447,9
2538453,6
2538457,6
2538481,24
2538496,7
2538502,5
2538524,5
2538572,10
2538608,22
2538654,7
2538663,8
2538670,25
2538760,7
2538786,33
2538792,6
2538866,9
2538912,15
2538919,11
2538921,8
2538994,5
2539001,6
2539079,8
2539118,11
2539287,43
2539288,8
2539294,6
2539309,9
2539393,19
2539397,11
2539410,5
2539412,25
2539447,6
2539457,40
2539459,39
2539488,5
2539505,91
2539533,6
2539573,5
2539650,12
2539663,6
2539673,79
2539719,30
2539726,13
2539755,28
2539762,7
2539773,24
2539783,7
2539789,21
2539790,6
2539797,10
2539908,8
2539949,14
2539956,12
2539960,13
2539965,9
2539971,7
2540067,8
2540076,37
2540160,102
2540184,9
2540197,7
2540242,20
2540283,14
2540286,11
2540298,16
2540304,6
2540319,6
2540345,5
2540390,8
2540442,38
2540443,8
2540452,11
2540454,13
2540494,6
2540497,50
2540510,7
2540539,5
2540608,6
2540617,6
2540626,77
2540676,7
2540678,26
2540686,23
2540692,8
2540702,5
2540716,5
2540722,30
2540765,7
2540810,9
2540839,7
2540858,7
2540859,9
2540872,10
2540950,8
2541033,17
2541034,6
2541046,18
2541052,11
2541087,16
2541101,74
2541152,8
2541153,14
2541161,57
2541236,75
2541259,7
2541265,13
2541298,25
2541377,74
2541433,13
2541470,8
2541536,6
2541585,63
2541606,7
2541705,40
2541707,6
2541780,76
2541809,10
2541838,8
2541846,7
2541849,13
2541880,10
2541895,6
2541937,6
2541941,8
2541945,9
2541952,9
2541960,6
2542103,5
2542169,5
2542174,7
2542222,7
2542262,6
2542266,30
2542314,8
2542373,9
2542398,8
2542406,15
2542425,384
2542428,6
2542443,15
2542487,7
2542526,6
2542534,8
2542536,6
2542552,20
2542614,38
2542706,7
2542712,6
2542714,21
2542715,928
2542730,11
2542735,5
2542788,13
2542889,6
2542891,7
2542894,87
2542954,6
2543003,7
2543007,6
2543156,13
2543162,6
2543190,7
2543212,8
2543258,9
2543324,15
2543350,6
2543374,674
2543378,11
2543396,6
2543410,7
2543433,8
2543469,15
2543502,50
2543548,13
2543564,10
2543583,2679
2543655,5
2543658,19
2543686,9
2543695,15
2543703,9
2543716,14
2543721,16
2543801,8
2543828,11
2543834,21
2543859,42
2543863,17
2543876,26
2543905,5
2543954,11
2543968,6
2543976,6
2544015,9
2544030,7
2544034,8
2544067,6
2544097,8
2544098,5
2544124,5
2544143,29
2544155,24
2544191,6
2544194,6
2544252,12
2544257,9
2544294,7
2544307,16
2544362,6
2544373,9
2544589,14
2544676,9
2544737,6
2544803,7
2544815,9
2544820,8
2544852,6
2544880,26
2544897,13
2544920,11
2544924,40
2544950,602
2545040,5
2545128,6
2545135,19
2545141,47
2545154,8
2545155,28
2545168,11
2545192,52
2545263,10
2545416,5
2545417,143
2545430,5
2545437,8
2545446,6
2545449,5
2545527,7
2545582,8
2545620,13
2545669,26
2545678,7
2545679,6
2545686,14
2545697,8
2545698,5
2545712,6
2545718,7
2545724,42
2545780,6
2545808,11
2545820,12
2545841,15
2545842,10
2545855,11
2545856,7
2545868,6
2545985,12
2545989,7
2546000,7
2546007,7
2546008,7
2546019,11
2546065,25
2546075,7
2546140,13
2546151,7
2546174,14
2546227,18
2546285,6
2546295,64
2546300,64
2546437,16
2546442,16
2546476,5
2546499,18
2546522,7
2546525,9
2546554,13
2546584,13
2546694,7
2546698,9
2546748,19
2546777,9
2546804,6
2546832,691
2546842,15
2546867,12
2546887,13
2546921,20
2546941,6
2546949,68
2546987,16
2546999,8
2547035,9
2547040,6
2547057,6
2547185,10
2547186,5
2547218,9
2547267,31
2547268,15
2547276,6
2547388,6
2547389,10
2547415,17
2547430,12
2547472,6
2547482,13
2547508,6
2547531,13
2547535,14
2547556,8
2547601,11
2547612,15
2547691,6
2547746,37
2547757,41
2547806,10
2547828,45
2547835,15
2547877,8
2547883,6
2547972,7
2547984,7
2548012,182
2548055,10
2548098,28
2548112,17
2548139,6
2548149,7
2548151,91
2548152,8
2548173,7
2548229,22
2548293,10
2548322,8
2548401,14
2548482,6
2548483,5
2548504,10
2548561,6
2548605,6
2548606,9
2548629,112
2548676,6
2548697,6
2548707,5
2548730,6
2548782,7
2548793,39
2548837,5
2548850,7
2548869,5
2548945,7
2548984,6
2548988,7
2549010,8
2549030,31
2549060,15
2549081,7
2549112,13
2549147,5
2549202,6
2549294,7
2549314,8
2549381,32
2549526,8
2549571,57
2549686,7
2549691,7
2549696,5
2549713,9
2549759,12
2549769,6
2549958,45
2550031,5
2550130,12
2550148,41
2550167,11
2550176,11
2550319,8
2550332,8
2550341,8
2550347,8
2550353,48
2550363,6
2550371,46
2550373,7
2550410,5
2550421,6
2550427,11
2550468,6
2550476,5
2550541,34
2550565,10
2550599,31
2550617,15
2550652,9
2550671,7
2550703,8
2550746,6
2550769,6
2550778,6
2550780,25
2550799,7
2550813,9
2550817,22
2550866,6
2550875,9
2550876,5
2550896,8
2550906,7
2550918,8
2550970,9
2551002,5
2551045,37
2551094,7
2551171,26
2551196,7
2551205,5
2551231,7
2551245,6
2551256,12
2551263,8
2551264,7
2551292,9
2551404,9
2551471,7
2551486,16
2551496,10
2551582,9
2551593,7
2551619,19
2551715,5
2551735,13
2551751,36
2551765,16
2551771,5
2551794,18
2551849,71
2551870,8
2551889,7
2551924,47
2551929,14
2551958,137
2551964,5
2552013,10
2552031,15
2552041,6
2552048,61
2552079,23
2552097,5
2552146,9
2552201,7
2552215,71
2552245,8
2552253,6
2552365,5
2552393,37
2552421,6
2552472,5
2552532,13
2552534,8
2552535,11
2552536,7
2552537,111
2552573,10
2552599,6
2552642,6
2552711,27
2552731,27
2552744,13
2552745,44
2552763,20
2552811,27
2552813,8
2552837,6
2552843,7
2552847,67
2552944,21
2552968,22
2552980,6
2553009,8
2553021,16
2553026,15
2553076,8
2553079,7
2553182,7
2553198,17
2553239,7
2553243,17
2553265,19
2553281,6
2553296,12
2553342,139
2553350,8
2553351,17
2553376,8
2553424,19
2553433,6
2553501,6
2553509,7
2553531,9
2553563,14
2553564,46
2553592,28
2553636,6
2553642,7
2553666,8
2553669,28
2553689,11
2553694,17
2553708,5
2553727,90
2553737,7
2553745,18
2553762,13
2553767,6
2553808,7
2553843,7
2553901,5
2553933,8
2553946,8
2554045,7
2554064,6
2554073,16
2554089,8
2554137,11
2554185,14
2554239,6
2554244,7
2554292,133
2554364,13
2554372,11
2554426,14
2554435,10
2554443,7
2554467,23
2554527,9
2554551,8
2554569,13
2554595,6
2554596,6
2554659,23
2554680,7
2554685,117
2554728,8
2554738,6
2554829,7
2554897,26
2554900,14
2554901,19
2554937,10
2554990,5
2555001,6
2555023,7
2555043,8
2555096,6
2555112,13
2555125,12
2555163,8
2555195,13
2555246,236
2555274,8
2555275,5
2555386,8
2555419,25
2555434,6
2555464,6
2555499,5
2555507,5
2555553,10
2555586,8
2555602,6
2555627,6
2555650,5
2555674,6
2555692,11
2555733,5
2555756,15
2555758,28
2555770,7
2555774,6
2555780,8
2555786,19
2555804,13
2555899,10
2555998,6
2556028,6
2556031,15
2556070,8
2556072,6
2556088,14
2556108,7
2556127,12
2556128,32
2556169,6
2556172,231
2556205,6
2556262,5
2556350,6
2556415,7
2556426,6
2556437,30
2556438,10
2556451,7
2556489,112
2556559,8
2556581,6
2556601,72
2556680,7
2556742,8
2556786,8
2556861,7
2556869,9
2556876,15
2556891,5
2556972,10
2557034,13
2557046,8
2557121,7
2557130,10
2557178,23
2557180,7
2557219,6
2557224,17
2557295,20
2557307,6
2557343,20
2557344,5
2557368,6
2557380,7
2557447,16
2557500,5
2557518,6
2557553,7
2557574,20
2557592,14
2557597,7
2557598,10
2557644,29
2557767,6
2557780,17
2557879,8
2557890,7
2558021,10
2558023,5
2558088,23
2558131,6
2558144,9
2558228,10
2558279,17
2558280,7
2558288,8
2558290,16
2558305,11
2558320,11
2558327,79
2558378,19
2558394,16
2558444,65
2558516,8
2558527,12
2558551,11
2558569,7
2558588,12
2558616,6
2558642,16
2558666,7
2558711,20
2558731,8
2558741,34
2558815,13
2558834,41
2558855,10
2558866,8
2558893,18
2558945,7
2558952,84
2559013,6
2559031,9
2559046,7
2559098,9
2559145,7
2559173,8
2559183,11
2559192,21
2559220,18
2559261,51
2559262,8
2559266,6
2559295,6
2559329,45
2559378,12
2559381,8
2559386,6
2559413,10
2559415,25
2559417,6
2559462,10
2559519,13
2559568,8
2559613,10
2559615,12
2559640,17
2559701,6
2559737,13
2559755,6
2559820,10
2559826,7
2559842,10
2559859,5
2559880,7
2559884,8
2559918,17
2559975,6
2560054,14
2560083,45
2560088,7
2560129,9
2560164,7
2560166,7
2560179,7
2560186,6
2560209,7
2560240,12
2560256,7
2560267,6
2560338,7
2560374,16
2560437,13
2560487,11
2560522,19
2560577,12
2560592,7
2560594,33
2560619,6
2560716,15
2560756,5
2560757,8
2560766,35
2560796,8
2560808,10
2560847,7
2560853,9
2560859,33
2560901,110
2560951,5
2560999,6
2561044,19
2561054,6
2561121,8
2561185,17
2561236,89
2561249,215
2561292,14
2561331,5
2561387,5
2561413,6
2561428,11
2561435,12
2561514,6
2561570,44
2561593,6
2561644,26
2561663,16
2561677,8
2561721,9
2561727,15
2561749,6
2561793,8
2561805,6
2561850,9
2561880,9
2561894,22
2561895,14
2561925,6
2561942,7
2561948,6
2561950,17
2562012,8
2562017,5
2562024,63
2562031,7
2562051,12
2562069,7
2562094,7
2562097,7
2562113,12
2562132,7
2562137,7
2562154,18
2562205,6
2562213,15
2562235,22
2562239,25
2562257,22
2562261,7
2562305,11
2562329,8
2562333,17
2562381,13
2562408,6
2562467,21
2562558,13
2562560,16
2562569,6
2562668,8
2562680,5
2562693,10
2562721,11
2562736,10
2562755,7
2562865,8
2562975,9
2562986,13
2562989,6
2563004,7
2563022,43
2563048,7
2563073,7
2563095,11
2563209,7
2563213,24
2563219,50
2563282,14
2563319,8
2563345,7
2563389,21
2563407,9
2563408,35
2563448,7
2563511,6
2563517,9
2563529,13
2563537,20
2563590,20
2563599,11
2563604,8
2563606,7
2563618,7
2563718,5
2563721,7
2563735,9
2563736,29
2563762,6
2563765,25
2563805,6
2563827,5
2563879,6
2563893,6
2563897,67
2564003,10
2564005,8
2564023,7
2564051,21
2564054,5
2564071,11
2564107,6
2564257,13
2564267,17
2564308,53
2564314,11
2564410,10
2564411,6
2564484,10
2564512,7
2564571,6
2564629,11
2564636,6
2564686,14
2564694,11
2564761,8
2564796,20
2564824,6
2564825,5
2564832,26
2564864,23
2564889,992
2564898,13
2564908,35
2564915,50
2564923,34
2564926,159
2564968,6
2564979,11
2565105,7
2565175,6
2565185,5
2565245,15
2565281,8
2565312,8
2565366,20
2565375,6
2565439,9
2565444,8
2565455,35
2565609,6
2565610,7
2565668,9
2565696,6
2565786,10
2565798,9
2566026,7
2566044,6
2566070,9
2566081,6
2566094,16
2566116,9
2566186,8
2566196,9
2566236,8
2566311,63
2566315,11
2566318,11
2566342,17
2566383,7
2566428,29
2566464,10
2566504,6
2566544,44
2566559,5
2566570,11
2566670,9
2566678,22
2566694,6
2566695,10
2566700,5
2566715,28
2566732,6
2566774,18
2566847,11
2566855,11
2566882,6
2566908,6
2566950,11
2566994,7
2567070,41
2567079,9
2567100,6
2567130,11
2567136,6
2567142,7
2567172,12
2567179,12
2567185,7
2567216,8
2567233,7
2567303,5
2567348,17
2567364,56
2567426,11
2567487,5
2567508,8
2567513,5
2567569,9
2567582,12
2567622,17
2567624,19
2567637,9
2567651,38
2567693,6
2567742,11
2567796,23
2567877,7
2567880,34
2567910,21
2568000,7
2568040,7
2568047,6
2568084,60
2568117,7
2568203,7
2568287,8
2568319,7
2568327,6
2568359,8
2568367,20
2568394,16
2568482,13
2568503,14
2568550,11
2568568,6
2568615,6
2568627,6
2568649,12
2568679,16
2568711,13
2568751,16
2568815,6
2568819,14
2568911,492
2568922,8
2568945,68
2568980,6
2569063,173
2569093,19
2569098,6
2569110,10
2569128,19
2569140,26
2569141,6
2569212,7
2569230,7
2569240,57
2569254,11
2569304,6
2569323,7
2569349,346
2569383,8
2569433,7
2569439,8
2569446,20
2569456,8
2569465,8
2569470,26
2569476,9
2569507,16
2569563,6
2569575,5
2569607,21
2569631,688
2569685,211
2569748,7
2569764,8
2569858,12
2569888,9
2569947,20
2570015,7
2570115,21
2570134,8
2570174,7
2570183,16
2570184,5
2570220,28
2570243,6
2570277,7
2570316,324
2570325,11
2570364,16
2570404,10
2570414,52
2570453,8
2570488,6
2570544,6
2570673,8
2570681,6
2570719,10
2570721,23
2570770,8
2570849,9
2570860,13
2570871,19
2570876,5
2570922,7
2570947,24
2571034,8
2571069,5
2571105,29
2571209,10
2571221,14
2571261,6
2571278,7
2571285,6
2571358,7
2571374,12
2571391,8
2571414,7
2571430,15
2571456,8
2571496,14
2571509,8
2571510,6
2571515,5
2571688,13
2571722,69
2571723,18
2571730,5
2571764,19
2571792,11
2571854,9
2571943,21
2571983,63
2572011,22
2572030,6
2572035,13
2572065,36
2572068,15
2572072,6
2572087,6
2572092,19
2572150,10
2572174,6
2572175,62
2572191,6
2572203,149
2572336,8
2572374,30
2572419,7
2572428,14
2572434,6
2572497,6
2572498,9
2572513,14
2572546,19
2572554,7
2572561,6
2572573,10
2572576,10
2572587,9
2572608,13
2572614,7
2572633,7
2572648,8
2572657,23
2572658,5
2572710,12
2572747,18
2572749,10
2572765,6
2572772,36
2572782,6
2572838,7
2572839,7
2572901,22
2572907,8
2572917,12
2572970,5
2572976,68
2572977,6
2572990,6
2572991,8
2573020,5
2573039,18
2573041,8
2573182,50
2573211,15
2573222,22
2573306,12
2573355,13
2573417,15
2573423,27
2573528,34
2573550,6
2573559,18
2573601,21
2573607,6
2573670,6
2573693,6
2573700,30
2573704,21
2573799,22
2573843,5
2573851,32
2573873,6
2573903,8
2573931,16
2573953,10
2573954,13
2574009,13
2574056,8
2574074,7
2574095,10
2574149,16
2574228,13
2574275,12
2574303,396
2574311,94
2574407,13
2574419,11
2574475,17
2574542,17
2574543,36
2574562,7
2574564,11
2574602,7
2574632,5
2574656,7
2574663,7
2574676,8
2574710,10
2574742,8
2574834,16
2574931,95
2574952,34
2574978,5
2574982,9
2575001,6
2575019,43
2575029,132
2575104,5
2575105,18
2575110,6
2575129,5
2575142,15
2575148,6
2575165,6
2575193,28
2575271,15
2575318,45
2575323,6
2575344,23
2575358,7
2575369,6
2575421,20
2575434,234
2575460,17
2575475,11
2575506,18
2575517,5
2575553,58
2575593,6
2575672,6
2575801,6
2575864,9
2575935,12
2575954,7
2575957,24
2575958,62
2575964,5
2575972,16
2575983,28
2576016,10
2576025,10
2576085,10
2576189,9
2576206,8
2576235,6
2576248,6
2576266,13
2576329,16
2576336,13
2576339,9
2576345,12
2576350,7
2576401,5
2576442,141
2576532,6
2576533,12
2576537,10
2576559,7
2576577,11
2576586,33
2576591,7
2576597,9
2576634,8
2576727,8
2576729,25
2576803,8
2576805,35
2576811,7
2576822,12
2576828,56
2576832,10
2576867,6
2576907,15
2577033,7
2577067,6
2577095,181
2577148,7
2577167,7
2577177,34
2577209,10
2577226,6
2577261,43
2577272,19
2577342,5
2577361,13
2577378,6
2577383,11
2577388,12
2577397,15
2577436,6
2577460,21
2577604,72
2577629,8
2577664,7
2577671,23
2577672,6
2577694,14
2577815,13
2577820,19
2577909,7
2577952,5
2578011,7
2578023,6
2578112,9
2578201,6
2578241,5
2578242,6
2578243,8
2578273,5
2578295,6
2578311,13
2578331,6
2578372,36
2578431,8
2578432,8
2578435,6
2578454,10
2578476,12
2578487,46
2578494,12
2578549,104
2578555,13
2578561,20
2578582,9
2578591,5
2578596,8
2578681,29
2578682,61
2578740,6
2578772,10
2578844,16
2578871,15
2578904,18
2578913,7
2578959,10
2578993,7
2579022,5
2579041,7
2579048,14
2579076,12
2579077,8
2579089,5
2579153,12
2579155,6
2579163,7
2579178,9
2579179,5
2579190,7
2579193,5
2579194,9
2579232,8
2579272,8
2579277,6
2579298,18
2579310,18
2579392,6
2579428,26
2579440,5
2579444,6
2579450,7
2579485,77
2579486,7
2579607,6
2579610,40
2579636,6
2579694,9
2579719,7
2579737,19
2579785,6
2579851,7
2579865,5
2579871,5
2579920,7
2579923,5
2579969,9
2579998,10
2580001,47
2580002,14
2580019,14
2580055,7
2580059,28
2580069,6
2580071,78
2580100,19
2580114,6
2580287,24
2580301,7
2580332,25
2580346,92
2580359,15
2580403,16
2580409,5
2580457,23
2580481,7
2580486,5
2580496,15
2580520,11
2580578,7
2580582,5
2580623,10
2580682,9
2580754,6
2580777,17
2580791,18
2580833,7
2580839,28
2580844,28
2580848,9
2580862,8
2580907,11
2580934,6
2580942,6
2580945,2279
2581038,49
2581062,10
2581074,20
2581077,10
2581173,7
2581176,10
2581195,15
2581271,45
2581386,7
2581392,13
2581407,6
2581461,6
2581541,8
2581559,35
2581575,5
2581584,6
2581586,5
2581591,30
2581594,410
2581601,37
2581608,13
2581686,26
2581708,17
2581748,13
2581750,7
2581762,27
2581767,6
2581793,6
2581803,7
2581864,14
2581865,8
2581873,5
2581878,7
2581892,13
2581902,23
2581923,12
2581936,11
2581970,8
2581983,7
2581985,6
2582002,12
2582012,9
2582042,6
2582089,7
2582099,17
2582115,6
2582116,6
2582157,7
2582210,183
2582214,51
2582238,5
2582399,7
2582400,6
2582402,5
2582417,15
2582429,18
2582554,14
2582557,5
2582564,6
2582628,14
2582634,8
2582650,44
2582657,6
2582662,11
2582670,7
2582679,34
2582700,29
2582786,15
2582821,9
2582822,6
2582856,28
2582864,9
2582868,6
2582874,55
2583104,31
2583111,13
2583132,108
2583134,5
2583160,5
2583220,18
2583315,140
2583325,15
2583352,6
2583366,5
2583376,6
2583399,9
2583423,16
2583425,6
2583481,6
2583508,6
2583531,59
2583532,45
2583541,5
2583583,10
2583609,7
2583627,10
2583661,6
2583673,6
2583677,22
2583770,9
2583773,11
2583777,6
2583783,19
2583814,6
2583828,28
2583835,6
2583843,31
2583877,20
2583898,10
2583930,17
2583981,6
2583991,7
2584010,7
2584026,9
2584032,7
2584177,5
2584370,6
2584407,9
2584437,14
2584490,6
2584496,35
2584551,13
2584556,25
2584564,5
2584582,8
2584584,114
2584601,8
2584617,8
2584623,9
2584649,7
2584662,11
2584727,26
2584731,25
2584779,19
2584782,23
2584795,48
2584817,89
2584834,27
2584836,9
2584846,8
2584876,8
2584957,10
2584960,11
2584973,45
2584976,45
2584984,7
2585000,24
2585001,6
2585012,22
2585048,13
2585107,6
2585108,41
2585167,700
2585181,6
2585271,58
2585300,26
2585312,9
2585327,7
2585401,9
2585445,70
2585452,49
2585459,11
2585495,6
2585510,14
2585572,6
2585614,50
2585622,11
2585623,13
2585641,19
2585651,7
2585665,14
2585673,6
2585682,5
2585707,11
2585711,21
2585716,39
2585779,35
2586004,1191
2586020,10
2586021,8
2586051,6
2586081,12
2586091,7
2586097,9
2586131,7
2586138,8
2586151,30
2586167,8
2586201,7
2586210,10
2586211,165
2586221,17
2586226,13
2586280,11
2586297,7
2586300,10
2586332,18
2586342,10
2586351,10
2586392,8
2586401,23
2586428,8
2586476,23
2586508,6
2586535,12
2586550,88
2586569,10
2586588,10
2586589,6
2586634,6
2586652,6
2586658,9
2586677,6
2586718,27
2586799,15
2586810,15
2586841,16
2586878,14
2586927,6
2586933,8
2586994,6
2587004,37
2587073,10
2587106,11
2587120,20
2587130,6
2587147,13
2587181,38
2587187,24
2587203,23
2587257,5
2587282,22
2587291,5
2587300,7
2587310,28
2587333,5
2587335,8
2587371,10
2587381,6
2587400,10
2587409,12
2587411,13
2587419,6
2587426,12
2587446,6
2587502,19
2587509,6
2587525,7
2587532,6
2587608,19
2587631,7
2587641,11
2587656,103
2587668,6
2587726,16
2587734,7
2587764,7
2587768,37
2587774,29
2587789,26
2587829,11
2587881,22
2587896,5
2587906,7
2587930,16
2587942,10
2587951,8
2587956,15
2587957,10
2587991,5
2588039,5
2588054,6
2588073,7
2588076,11
2588125,39
2588167,17
2588169,35
2588245,27
2588270,8
2588281,15
2588302,69
2588334,13
2588352,15
2588393,6
2588413,5
2588439,5
2588473,8
2588491,41
2588502,5
2588523,12
2588544,8
2588550,8
2588556,7
2588576,31
2588577,26
2588621,7
2588631,6
2588632,14
2588711,11
2588712,6
2588718,9
2588765,9
2588793,12
2588811,6
2588921,8
2588951,10
2588968,7
2588979,7
2589066,6
2589069,6
2589228,9
2589249,8
2589298,6
2589315,242
2589321,11
2589355,10
2589365,16
2589369,7
2589378,5
2589391,6
2589402,29
2589403,5
2589408,5
2589426,6
2589436,7
2589450,12
2589619,101
2589652,17
2589664,44
2589689,9
2589703,7
2589707,6
2589709,11
2589740,12
2589758,13
2589773,26
2589781,7
2589785,12
2589786,35
2589797,10
2589879,27
2589993,11
2590001,6
2590034,7
2590090,9
2590113,7
2590172,14
2590179,6
2590195,17
2590206,13
2590222,11
2590300,7
2590374,17
2590471,7
2590568,48
2590662,79
2590700,30
2590705,7
2590764,7
2590765,40
2590775,16
2590789,9
2590839,32
2590844,11
2590881,5
2590926,6
2590931,12
2590935,9
2590951,16
2590965,31
2590982,20
2591007,5
2591014,143
2591017,7
2591024,7
2591058,13
2591062,13
2591110,10
2591177,9
2591277,16
2591337,18
2591424,8
2591447,14
2591479,11
2591486,16
2591515,10
2591555,19
2591618,21
2591659,7
2591675,22
2591694,9
2591828,5
2591868,312
2591895,12
2591904,19
2591978,6
2592003,201
2592016,7
2592044,6
2592170,46
2592191,8
2592203,22
2592232,29
2592279,17
2592289,9
2592317,11
2592361,8
2592401,76
2592452,29
2592548,6
2592567,35
2592637,2050
2592642,8
2592648,115
2592652,6
2592683,8
2592709,13
2592747,8
2592796,5
2592811,6
2592812,12
2592834,13
2592862,5
2592890,42
2592891,11
2592949,6
2592958,6
2592975,10
2592995,14
2593027,13
2593077,5
2593214,390
2593225,7
2593245,11
2593251,6
2593277,13
2593309,9
2593310,151
2593346,10
2593376,6
2593397,7
2593413,25
2593422,11
2593426,8
2593471,9
2593561,12
2593579,216
2593600,5
2593614,8
2593630,17
2593680,8
2593723,6
2593745,6
2593762,8
2593838,20
2593870,6
2593876,7
2593894,7
2593926,6
2594019,6
2594120,28
2594190,8
2594217,5
2594235,39
2594266,7
2594289,10
2594304,10
2594332,8
2594338,189
2594349,6
2594352,9
2594354,10
2594361,5
2594441,6
2594454,9
2594544,9
2594575,13
2594614,7
2594637,5
2594642,48
2594643,9
2594649,7
2594675,15
2594676,6
2594703,6
2594704,6
2594719,11
2594735,6
2594773,15
2594856,42
2594884,20
2594905,5
2594911,9
2595032,10
2595064,6
2595069,16
2595084,11
2595089,44
2595095,11
2595119,7
2595136,6
2595209,8
2595243,6
2595294,26
2595295,11
2595376,9
2595408,53
2595409,30
2595610,7
2595674,6
2595675,5
2595704,13
2595723,18
2595736,7
2595748,6
2595810,8
2595814,9
2595828,13
2595867,11
2595881,13
2595885,5
2595914,16
2595925,5
2595936,7
2595954,11
2595994,7
2596022,17
2596041,6
2596046,5
2596088,5
2596089,8
2596096,9
2596173,73
2596174,12
2596240,5
2596322,6
2596350,7
2596351,14
2596377,25
2596399,13
2596417,7
2596429,7
2596509,6
2596515,10
2596534,19
2596666,5
2596680,6
2596758,12
2596764,6
2596765,11
2596769,21
2596929,44
2596993,75
2597041,6
2597043,9
2597048,72
2597118,9
2597137,8
2597150,19
2597154,10
2597211,7
2597223,21
2597290,12
2597403,6
2597420,6
2597421,7
2597432,13
2597440,7
2597445,38
2597458,10
2597468,9
2597469,77
2597470,52
2597496,17
2597541,37
2597582,9
2597585,54
2597602,8
2597605,10
2597670,7
2597671,6
2597735,22
2597762,5
2597777,12
2597781,6
2597819,6
2597842,10
2597856,5
2597878,6
2597924,8
2597936,11
2598073,7
2598097,9
2598159,99
2598188,17
2598244,47
2598317,7
2598339,34
2598343,35
2598427,57
2598506,117
2598515,14
2598573,40
2598578,6
2598584,33
2598642,5
2598665,19
2598744,16
2598850,8
2598855,8
2598926,113
2599003,7
2599038,5
2599053,7
2599082,16
2599095,18
2599100,6
2599218,29
2599230,13
2599239,13
2599254,6
2599288,26
2599342,5
2599379,7
2599438,11
2599461,30
2599464,17
2599519,13
2599555,9
2599570,8
2599670,7
2599683,21
2599694,6
2599704,10
2599707,304
2599710,34
2599725,19
2599746,5
2599774,16
2599828,6
2599847,7
2599858,48
2599883,52
2599925,10
2599937,6
2599950,8
2599968,10
2599979,6
2599982,13
2600030,5
2600042,17
2600053,7
2600113,6
2600144,6
2600176,10
2600181,14
2600230,6
2600234,13
2600237,17
2600253,6
2600256,11
2600300,8
2600325,26
2600399,15
2600406,12
2600419,9
2600498,7
2600529,8
2600539,6
2600560,18
2600611,21
2600665,14
2600667,86
2600669,9
2600698,14
2600706,5
2600714,56
2600786,5
2600814,7
2600860,9
2600936,12
2600959,19
2601021,5
2601037,34
2601097,13
2601125,59
2601163,8
2601171,15
2601185,8
2601204,8
2601231,12
2601297,18
2601341,5
2601348,10
2601388,7
2601408,6
2601489,17
2601498,8
2601502,8
2601515,8
2601516,5
2601528,14
2601567,6
2601589,5
2601619,7
2601629,8
2601681,13
2601686,27
2601704,7
2601711,5
2601730,84
2601756,6
2601764,8
2601800,6
2601809,25
2601819,5
2601835,7
2601861,17
2601863,7
2601938,22
2601984,9
2602098,11
2602109,5
2602201,6
2602212,12
2602239,18
2602262,66
2602276,6
2602280,35
2602320,15
2602360,7
2602444,6
2602461,8
2602487,10
2602499,6
2602504,6
2602533,28
2602563,19
2602578,149
2602629,10
2602691,14
2602697,8
2602724,379
2602738,5
2602797,6
2602838,10
2602861,8
2602897,6
2602898,45
2602919,6
2602983,7
2602990,8
2602996,8
2603000,65
2603014,198
2603064,6
2603153,9
2603165,9
2603229,109
2603245,8
2603249,66
2603340,6
2603368,13
2603383,46
2603408,36
2603440,15
2603446,5
2603448,14
2603451,6
2603464,6
2603480,6
2603543,5
2603549,6
2603573,5
2603620,6
2603634,8
2603635,19
2603657,6
2603664,23
2603707,8
2603717,6
2603731,4414
2603751,9
2603772,24
2603801,8
2603898,9
2603975,198
2603983,21
2603998,22
2604021,14
2604038,19
2604039,5
2604043,28
2604082,7
2604090,31
2604095,8
2604107,12
2604235,8
2604276,6
2604292,6
2604461,10
2604465,16
2604489,32
2604509,5
2604530,11
2604537,6
2604552,21
2604559,6
2604648,6
2604650,6
2604654,29
2604683,9
2604749,7
2604780,6
2604785,8
2604786,6
2604828,5
2604836,94
2604845,12
2604856,12
2604955,9
2604959,7
2604968,7
2604979,5
2605004,7
2605015,11
2605043,7
2605091,14
2605115,9
2605116,6
2605117,9
2605214,7
2605230,10
2605237,16
2605282,13
2605339,13
2605343,6
2605369,6
2605372,11
2605408,14
2605410,6
2605434,6
2605524,9
2605572,38
2605575,9
2605693,6
2605769,5
2605772,22
2605799,17
2605845,17
2605849,8
2605853,66
2605862,13
2605963,11
2606048,131
2606053,6
2606058,10
2606166,11
2606201,79
2606203,6
2606214,6
2606246,8
2606253,15
2606358,8
2606393,142
2606408,11
2606427,7
2606473,7
2606515,5
2606516,12
2606530,42
2606557,11
2606559,37
2606565,13
2606629,8
2606697,6
2606704,27
2606739,5
2606887,13
2606892,10
2606924,26
2607002,45
2607025,19
2607075,54
2607076,7
2607124,6
2607130,32
2607151,7
2607208,8
2607222,9
2607226,23
2607274,8
2607350,6
2607360,11
2607415,26
2607426,7
2607427,8
2607495,8
2607559,7
2607567,30
2607573,8
2607583,11
2607590,18
2607642,6
2607653,78
2607731,9
2607732,10
2607897,30
2607906,9
2607918,12
2607939,12
2607950,15
2607953,111
2607962,10
2607975,10
2607983,18
2608003,17
2608016,10
2608101,9
2608214,8
2608257,12
2608263,8
2608274,12
2608310,13
2608327,8
2608331,6
2608418,7
2608487,7
2608514,7
2608541,5
2608578,15
2608604,9
2608607,6
2608620,8
2608630,20
2608682,17
2608710,21
2608746,14
2608771,10
2608811,19
2608884,34
2608905,5
2608918,6
2608920,20
2608962,6
2608981,7
2608982,10
2608986,9
2609003,696
2609068,10
2609079,420
2609168,6
2609210,17
2609251,17
2609300,6
2609358,41
2609361,6
2609376,9
2609390,6
2609414,8
2609432,7
2609433,5
2609469,6
2609485,79
2609500,6
2609551,5
2609599,9
2609606,10
2609672,7
2609735,22
2609754,5
2609763,16
2609786,6
2609818,33
2609842,6
2609846,6
2609868,10
2609887,11
2609892,6
2609922,20
2610109,9
2610134,6
2610176,16
2610215,9
2610234,21
2610248,14
2610249,29
2610312,8
2610315,37
2610316,9
2610373,21
2610448,30
2610462,10
2610586,6
2610625,14
2610631,12
2610640,11
2610667,7
2610671,15
2610689,7
2610705,5
2610716,7
2610726,20
2610736,8
2610790,52
2610791,264
2610802,42
2610824,9
2610845,20
2610874,5
2610944,14
2610954,8
2610984,13
2611045,18
2611048,192
2611051,6
2611087,7
2611147,9
2611155,10
2611209,12
2611263,875
2611294,7
2611327,12
2611328,5
2611329,7
2611355,7
2611383,6
2611419,9
2611420,7
2611432,31
2611434,71
2611435,15
2611462,14
2611490,6
2611497,7
2611524,12
2611643,6
2611665,72
2611668,38
2611669,15
2611670,6
2611680,16
2611716,11
2611736,11
2611771,12
2611815,7
2611820,7
2611891,17
2611914,5
2611962,9
2612028,7
2612097,7
2612157,29
2612160,12
2612185,10
2612202,9
2612211,38
2612250,5
2612251,11
2612255,7
2612260,10
2612267,74
2612270,7
2612278,12
2612288,5
2612323,12
2612448,6
2612570,17
2612677,7
2612762,17
2612766,11
2612780,14
2612786,5
2612797,6
2612840,18
2612843,9
2612884,8
2612914,310
2612929,6
2612948,7
2612980,6
2612984,11
2613012,8
2613081,9
2613098,18
2613147,6
2613165,67
2613228,74
2613235,44
2613287,6
2613297,5
2613318,7
2613330,9
2613342,7
2613370,6
2613383,7
2613390,9
2613420,6
2613472,7
2613593,6
2613594,7
2613619,7
2613623,5
2613644,5
2613677,26
2613697,11
2613710,43
2613771,13
2613777,6
2613866,14
2613868,8
2613890,13
2613907,11
2613908,9
2613968,6
2614002,5
2614036,58
2614060,8
2614075,71
2614081,12
2614082,7
2614104,6
2614117,5
2614166,5
2614196,7
2614259,11
2614260,13
2614285,6
2614311,150
2614392,18
2614405,297
2614438,6
2614452,8
2614476,6
2614536,18
2614546,7
2614586,6
2614587,10
2614670,6
2614731,38
2614744,5
2614749,11
2614883,6
2614889,104
2614900,5
2614918,10
2614942,6
2615019,39
2615022,12
2615032,10
2615036,7
2615058,22
2615075,12
2615108,11
2615110,6
2615136,10
2615228,15
2615237,7
2615240,10
2615328,6
2615329,8
2615363,54
2615403,22
2615438,8
2615439,7
2615464,7
2615493,12
2615555,24
2615569,11
2615631,9
2615637,5
2615638,8
2615653,13
2615656,7
2615687,5
2615688,5
2615720,11
2615738,9
2615799,9
2615805,6
2615823,21
2615871,36
2615879,8
2615907,103
2615911,13
2615912,10
2615936,5
2615957,6
2616055,17
2616113,16
2616153,5
2616157,7
2616165,6
2616176,7
2616219,10
2616253,22
2616294,39
2616296,14
2616398,7
2616423,57
2616424,7
2616447,8
2616471,6
2616524,17
2616529,11
2616556,20
2616559,33
2616580,6
2616581,14
2616608,75
2616633,34
2616681,14
2616739,23
2616791,6
2616818,9
2616825,12
2616858,9
2616859,14
2616870,17
2616882,193
2616907,13
2616911,14
2616944,5
2617001,6
2617037,108
2617055,83
2617099,9
2617129,11
2617137,9
2617185,6
2617214,9
2617265,16
2617272,6
2617273,6
2617303,8
2617330,9
2617334,5
2617373,23
2617407,5
2617429,115
2617450,30
2617467,10
2617487,5
2617488,5
2617566,6
2617694,31
2617709,32
2617711,6
2617740,6
2617749,6
2617799,10
2617801,11
2617811,7
2617826,63
2617830,10
2617845,30
2617864,15
2617870,19
2617927,23
2617995,7
2617996,7
2617998,29
2618003,7
2618066,6
2618105,22
2618108,20
2618109,7
2618158,5
2618173,7
2618214,11
2618259,12
2618293,10
2618317,15
2618328,8
2618348,11
2618370,26
2618391,5
2618430,14
2618441,5
2618449,6
2618455,11
2618467,9
2618527,6
2618537,7
2618551,5
2618560,5
2618597,81
2618637,11
2618638,11
2618645,14
2618668,12
2618682,7
2618685,11
2618697,8
2618718,31
2618733,9
2618743,63
2618794,8
2618834,6
2618869,7
2618894,16
2618899,14
2618913,40
2618980,5
2618982,6
2619050,12
2619089,7
2619098,66
2619112,8
2619122,9
2619153,21
2619158,38
2619172,21
2619236,5
2619260,12
2619278,25
2619285,6
2619286,10
2619304,7
2619356,18
2619364,8
2619402,7
2619404,45
2619430,81
2619454,28
2619459,6
2619489,18
2619528,6
2619564,6
2619600,6
2619611,9
2619680,5
2619765,8
2619770,5
2619838,13
2619914,6
2619933,12
2619985,6
2619989,106
2620000,12
2620007,9
2620102,7
2620116,25
2620228,18
2620260,26
2620265,10
2620355,6
2620380,6
2620394,17
2620395,9
2620430,153
2620588,15
2620655,16
2620664,85
2620736,8
2620758,22
2620773,13
2620799,7
2620914,6
2620986,7
2620995,6
2621067,5
2621086,214
2621139,19
2621144,6
2621186,7
2621232,25
2621270,66
2621272,16
2621291,5
2621299,5
2621471,8
2621499,21
2621530,1628
2621534,30
2621547,6
2621568,8
2621588,5
2621625,6
2621642,6
2621660,6
2621667,9
2621681,8
2621686,14
2621793,12
2621855,7
2621887,5
2621942,5
2621975,6
2621993,26
2622018,8
2622030,7
2622036,15
2622048,9
2622094,9
2622182,11
2622192,7
2622203,39
2622216,10
2622355,268
2622398,16
2622456,9
2622459,9
2622486,77
2622491,14
2622499,21
2622511,12
2622544,23
2622577,5
2622636,6
2622696,8
2622699,21
2622703,6
2622737,9
2622748,41
2622753,51
2622769,5
2622805,9
2622843,7
2622848,5
2622858,6
2622897,13
2622901,6
2622970,7
2622971,7
2623003,14
2623016,8
2623028,24
2623055,9
2623097,16
2623098,19
2623157,9
2623162,6
2623211,30
2623226,6
2623254,7
2623268,14
2623292,24
2623314,12
2623340,11
2623341,20
2623361,6
2623385,11
2623387,10
2623401,32
2623417,15
2623437,7
2623455,7
2623456,6
2623470,8
2623472,13
2623496,7
2623620,22
2623699,9
2623712,9
2623717,6
2623732,54
2623772,14
2623774,7
2623780,8
2623822,28
2623823,7
2623835,13
2623894,7
2623935,46
2623936,23
2624052,6
2624108,9
2624146,6
2624198,5
2624302,7
2624358,11
2624376,14
2624404,7
2624430,6
2624464,6
2624488,5
2624518,6
2624557,12
2624570,6
2624587,18
2624588,16
2624666,9
2624701,5
2624713,7
2624751,7
2624775,9
2624804,14
2624810,6
2624814,6
2624856,13
2624891,144
2624904,10
2624916,6
2624921,38
2624944,9
2624953,27
2624954,6
2624960,6
2624968,46
2625012,5
2625015,8
2625052,68
2625207,13
2625266,6
2625273,9
2625366,20
2625408,8
2625435,48
2625438,10
2625501,6
2625591,10
2625604,40
2625615,10
2625641,17
2625661,28
2625699,9
2625723,41
2625962,6
2625990,6
2625993,18
2626037,13
2626111,38
2626153,34
2626158,8
2626304,6
2626305,8
2626307,10
2626371,12
2626441,28
2626448,24
2626469,72
2626507,15
2626595,6
2626598,6
2626687,10
2626740,6
2626787,8
2626798,33
2626825,461
2626953,15
2626982,12
2626986,6
2627025,9
2627027,6
2627039,106
2627042,10
2627045,8
2627050,67
2627136,5
2627137,47
2627169,5
2627172,10
2627178,5
2627225,25
2627323,7
2627368,6
2627405,25
2627410,225
2627416,6
2627467,10
2627472,10
2627473,17
2627477,75
2627503,10
2627540,16
2627559,26
2627622,110
2627635,14
2627643,10
2627654,6
2627775,11
2627790,17
2627805,6
2627806,10
2627827,7
2627845,7
2627859,11
2627865,6
2627875,6
2627928,20
2627935,14
2627936,13
2627963,5
2628018,8
2628023,9
2628083,10
2628092,6
2628110,5
2628139,26
2628167,16
2628197,10
2628213,8
2628218,6
2628221,6
2628276,17
2628299,21
2628303,6
2628308,11
2628322,9
2628335,11
2628432,11
2628451,15
2628466,21
2628500,8
2628511,38
2628514,237
2628523,17
2628525,30
2628528,9
2628579,51
2628597,8
2628650,60
2628667,153
2628747,14
2628775,8
2628800,13
2628821,7
2628837,14
2628904,9
2628965,16
2628982,29
2629014,19
2629072,7
2629119,6
2629138,6
2629195,10
2629257,130
2629314,7
2629328,8
2629343,30
2629358,8
2629425,12
2629442,11
2629468,9
2629479,7
2629539,9
2629596,6
2629630,9
2629667,5
2629709,11
2629754,45
2629776,7
2629922,6
2629953,7
2629971,6
2630007,5
2630025,7
2630036,6
2630046,7
2630118,10
2630129,11
2630174,6
2630236,10
2630290,5
2630314,5
2630366,7
2630372,11
2630406,5
2630435,7
2630436,15
2630465,7
2630528,6
2630585,11
2630627,8
2630672,10
2630687,6
2630689,9
2630739,7
2630744,26
2630814,13
2630816,8
2630817,7
2630818,9
2630855,9
2630897,6
2630898,23
2630949,9
2630963,12
2631043,8
2631074,8
2631081,5
2631117,18
2631137,5
2631139,5
2631140,6
2631195,12
2631231,6
2631244,8
2631276,5
2631295,12
2631316,17
2631346,12
2631353,9
2631354,17
2631399,14
2631499,7
2631549,27
2631551,6
2631552,6
2631555,19
2631563,9
2631588,5
2631619,7
2631659,8
2631709,9
2631738,8
2631743,32
2631759,8
2631791,10
2631815,19
2631844,8
2631895,10
2631915,5
2631948,85
2631956,11
2632011,6
2632012,9
2632014,8
2632061,12
2632066,8
2632075,10
2632138,9
2632139,47
2632141,6
2632165,6
2632221,14
2632238,7
2632250,6
2632253,8
2632261,6
2632276,6
2632294,7
2632314,15
2632412,37
2632425,48
2632444,11
2632512,16
2632567,7
2632573,59
2632578,43
2632589,39
2632608,6
2632626,5
2632660,11
2632662,20
2632711,5
2632714,23
2632733,13
2632766,6
2632810,6
2632998,5
2633054,11
2633103,5
2633184,9
2633211,6
2633236,9
2633237,7
2633265,141
2633300,13
2633316,6
2633323,15
2633359,28
2633452,8
2633460,5
2633468,7
2633476,18
2633538,15
2633584,5
2633589,24
2633615,11
2633616,8
2633629,6
2633763,7
2633783,23
2633858,11
2633879,28
2633909,5
2633932,17
2633936,8
2633942,8
2633978,9
2633987,5
2634000,6
2634047,11
2634048,6
2634060,11
2634208,6
2634213,17
2634253,9
2634281,19
2634294,6
2634295,247
2634300,20
2634329,13
2634342,7
2634365,8
2634497,5
2634506,6
2634513,8
2634515,31
2634524,6
2634550,16
2634562,9
2634585,5
2634591,29
2634602,6
2634618,8
2634727,6
2634737,5
2634743,6
2634761,7
2634767,13
2634784,5
2634804,9
2634839,14
2634873,8
2634958,8
2634992,16
2635011,8
2635013,6
2635026,875
2635031,5
2635056,6
2635077,8
2635131,36
2635151,6
2635161,14
2635189,6
2635223,7
2635231,6
2635258,11
2635276,5
2635287,8
2635342,21
2635387,9
2635444,13
2635445,15
2635448,9
2635464,8
2635614,9
2635635,16
2635672,16
2635701,18
2635720,12
2635728,7
2635767,6
2635802,8
2635809,40
2635830,5
2635831,9
2635832,8
2635841,88
2635862,13
2635868,8
2635873,141
2635900,20
2635967,27
2635982,8
2636004,6
2636028,14
2636096,27
2636113,5
2636172,9
2636192,15
2636194,10
2636196,6
2636281,5
2636294,74
2636295,8
2636353,5
2636386,26
2636390,5
2636413,30
2636460,34
2636470,6
2636471,29
2636517,12
2636535,8
2636549,10
2636561,6
2636575,9
2636672,13
2636688,23
2636694,11
2636705,34
2636706,13
2636744,51
2636750,713
2636751,20
2636771,6
2636786,7
2636849,6
2636870,7
2636888,13
2636911,7
2636913,9
2636928,12
2636954,7
2637037,61
2637119,11
2637124,6
2637133,7
2637141,18
2637157,8
2637187,9
2637220,7
2637226,11
2637291,11
2637320,67
2637338,26
2637387,11
2637413,6
2637420,12
2637485,9
2637553,6
2637558,8
2637566,15
2637573,7
2637583,7
2637584,8
2637702,12
2637738,7
2637762,6
2637806,9
2637842,9
2637855,6
2637883,8
2637886,7
2637892,7
2637904,89
2637909,22
2637937,9
2637953,15
2637954,6
2637981,29
2637987,13
2638030,9
2638051,14
2638071,24
2638081,6
2638091,6
2638199,10
2638247,13
2638248,9
2638340,8
2638352,11
2638370,11
2638396,28
2638411,16
2638423,6
2638441,20
2638462,17
2638467,11
2638469,10
2638539,15
2638657,6
2638683,37
2638695,6
2638707,5
2638726,8
2638745,7
2638748,11
2638846,6
2638864,6
2638880,34
2638892,182
2638959,14
2638977,11
2638999,7
2639062,22
2639079,10
2639086,7
2639090,6
2639097,7
2639150,8
2639200,9
2639224,5
2639226,7
2639258,23
2639260,5
2639298,20
2639300,10
2639342,89
2639369,248
2639452,15
2639477,66
2639585,24
2639624,6
2639685,8
2639716,135
2639743,6
2639791,5
2639804,16
2639826,6
2639843,8
2639899,5
2639909,6
2639922,15
2639942,6
2639959,6
2639960,6
2639977,8
2639990,6
2639991,6
2640051,33
2640093,12
2640094,6
2640186,8
2640254,177
2640263,38
2640269,11
2640364,12
2640389,20
2640413,12
2640422,14
2640478,26
2640565,6
2640576,24
2640581,7
2640594,14
2640613,11
2640620,6
2640704,29
2640720,194
2640887,6
2640904,12
2640913,105
2641015,10
2641020,9
2641025,42
2641044,6
2641062,25
2641064,11
2641077,8
2641129,5
2641193,7
2641236,16
2641364,20
2641375,8
2641378,15
2641434,30
2641453,8
2641484,15
2641514,7
2641527,74
2641549,15
2641560,50
2641580,6
2641721,8
2641771,10
2641776,7
2641808,30
2641820,14
2641879,12
2641897,6
2641905,6
2641908,21
2641926,11
2641948,9
2642076,10
2642082,19
2642098,6
2642169,9
2642223,64
2642253,9
2642276,18
2642314,6
2642316,30
2642344,9
2642357,7
2642358,12
2642382,30
2642402,6
2642505,10
2642532,5
2642547,6
2642593,6
2642626,27
2642660,21
2642695,157
2642736,8
2642737,24
2642746,12
2642747,9
2642765,8
2642783,7
2642807,13
2642829,11
2642836,6
2642849,33
2642905,122
2642906,8
2642942,13
2642944,22
2642948,5
2642983,6
2643005,31
2643014,9
2643054,10
2643066,17
2643073,6
2643074,8
2643131,25
2643140,7
2643146,10
2643208,11
2643247,5
2643294,273
2643339,6
2643393,8
2643398,8
2643414,6
2643438,14
2643493,10
2643496,5
2643510,22
2643513,75
2643536,6
2643602,12
2643603,10
2643648,8
2643664,26
2643676,12
2643695,88
2643696,9
2643697,545
2643723,14
2643737,14
2643779,10
2643800,7
2643826,9
2643873,9
2643896,6
2643913,9
2643918,64
2643919,9
2644020,15
2644024,6
2644071,27
2644111,6
2644129,34
2644164,7
2644240,6
2644245,9
2644247,16
2644265,51
2644292,9
2644329,29
2644345,7
2644377,6
2644470,148
2644479,6
2644494,13
2644497,5
2644530,6
2644618,12
2644664,11
2644711,6
2644726,6
2644775,39
2644795,22
2644876,7
2644927,5
2644934,10
2644943,7
2644954,49
2644987,9
2645000,35
2645025,15
2645128,12
2645153,10
2645187,6
2645215,19
2645235,5
2645277,21
2645296,5
2645307,49
2645316,15
2645449,8
2645476,21
2645505,15
2645515,7
2645524,8
2645560,15
2645572,6
2645573,7
2645574,24
2645581,7
2645586,16
2645609,9
2645622,9
2645640,21
2645700,17
2645745,12
2645789,16
2645798,23
2645839,8
2645877,1605
2645912,11
2645998,42
2646009,5
2646057,17
2646058,10
2646078,8
2646079,212
2646165,17
2646197,6
2646227,7
2646266,57
2646356,5
2646420,8
2646455,6
2646460,12
2646500,11
2646533,363
2646593,5
2646609,8
2646635,6
2646644,5
2646651,6
2646668,31
2646672,7
2646677,9
2646688,6
2646741,43
2646784,8
2646872,40
2646902,6
2646934,12
2646938,17
2646943,6
2646997,6
2647006,6
2647026,8
2647051,7
2647053,6
2647081,6
2647176,8
2647195,7
2647199,51
2647217,7
2647237,9
2647269,6
2647270,9
2647285,19
2647309,7
2647310,24
2647311,5
2647350,6
2647371,10
2647481,5
2647499,6
2647558,53
2647579,18
2647609,7
2647635,6
2647658,6
2647663,8
2647715,5
2647729,12
2647769,27
2647862,8
2647910,15
2647969,6
2647970,8
2647972,15
2648006,5
2648037,18
2648043,37
2648161,10
2648168,6
2648176,11
2648196,8
2648197,53
2648205,17
2648210,11
2648274,33
2648298,6
2648309,11
2648316,14
2648336,17
2648371,7
2648410,19
2648421,6
2648441,6
2648491,6
2648495,5
2648500,9
2648502,33
2648563,26
2648582,13
2648586,7
2648596,40
2648617,7
2648657,132
2648710,11
2648751,9
2648775,6
2648783,27
2648802,16
2648810,9
2648830,20
2648861,9
2648900,6
2648907,14
2648911,6
2648917,47
2648942,8
2648950,11
2648951,70
2648957,5
2649008,32
2649107,15
2649129,7
2649131,17
2649159,7
2649196,94
2649217,8
2649249,19
2649250,5
2649279,11
2649327,181
2649480,6
2649484,9
2649596,7
2649602,97
2649639,8
2649674,8
2649683,7
2649695,21
2649755,41
2649759,32
2649783,71
2649856,7
2649857,6
2649877,37
2649890,15
2649891,5
2649919,5
2649946,14
2649981,39
2650015,20
2650048,11
2650053,69
2650073,10
2650107,5
2650116,8
2650151,75
2650159,31
2650163,20
2650173,9
2650201,11
2650202,8
2650212,6
2650252,11
2650256,5
2650335,16
2650362,6
2650434,22
2650503,45
2650541,6
2650588,16
2650648,19
2650656,42
2650682,17
2650711,8
2650781,9
2650802,7
2650803,6
2650809,17
2650811,6
2650827,6
2650832,33
2650884,10
2650923,7
2650941,175
2650948,14
2650957,11
2650985,6
2650998,9
2651025,25
2651039,7
2651040,8
2651117,19
2651118,15
2651132,38
2651188,17
2651241,6
2651246,10
2651296,43
2651324,48
2651335,9
2651370,75
2651386,5
2651423,299
2651426,5
2651427,72
2651459,11
2651476,7
2651478,6
2651530,13
2651542,6
2651553,6
2651586,8
2651613,8
2651621,149
2651623,9
2651757,257
2651851,5
2651865,5
2651893,6
2651946,9
2651976,37
2652012,7
2652017,9
2652036,49
2652099,10
2652169,10
2652234,7
2652238,82
2652275,88
2652286,383
2652338,86
2652342,13
2652365,18
2652426,7
2652434,5
2652455,8
2652456,11
2652464,20
2652466,34
2652468,5
2652484,16
2652531,7
2652578,8
2652606,6
2652653,6
2652673,12
2652681,16
2652722,5
2652754,7
2652804,7
2652833,7
2652903,6
2652967,7
2652982,6
2653010,12
2653095,7
2653137,10
2653138,9
2653149,47
2653177,12
2653239,9
2653241,8
2653283,38
2653291,11
2653299,5
2653334,12
2653347,6
2653348,6
2653400,10
2653438,167
2653442,15
2653447,6
2653541,5
2653562,8
2653578,35
2653653,7
2653694,29
2653728,9
2653751,25
2653798,11
2653944,7
2654006,6
2654013,7
2654047,9
2654067,15
2654076,12
2654117,7
2654122,30
2654156,7
2654161,6
2654166,9
2654263,8
2654312,553
2654380,6
2654427,38
2654449,21
2654500,6
2654520,6
2654527,13
2654532,9
2654557,5
2654576,74
2654650,17
2654697,14
2654716,25
2654801,5
2654802,16
2654955,21
2654999,10
2655008,8
2655052,8
2655056,7
2655093,5
2655100,8
2655101,10
2655103,522
2655229,5
2655263,8
2655302,12
2655341,47
2655361,8
2655365,44
2655388,18
2655457,7
2655462,5
2655498,16
2655534,10
2655550,18
2655598,20
2655606,27
2655634,5
2655657,7
2655674,228
2655679,13
2655687,5
2655700,7
2655714,6
2655751,7
2655752,7
2655761,10
2655786,76
2655851,9
2655878,7
2655916,6
2655921,8
2655923,17
2655949,7
2655967,5
2655970,6
2655973,18
2656010,12
2656069,7
2656112,13
2656157,7
2656270,16
2656301,6
2656381,9
2656447,11
2656481,7
2656501,100
2656566,22
2656612,6
2656615,8
2656618,10
2656625,8
2656667,24
2656673,8
2656677,7
2656683,8
2656685,23
2656794,6
2656798,337
2656833,8
2656852,10
2656870,11
2656893,6
2656908,5
2656921,5
2656930,8
2656932,7
2656936,20
2656953,17
2656961,14
2656966,7
2656974,10
2656992,7
2656993,73
2657026,5
2657139,12
2657170,20
2657180,21
2657218,44
2657231,5
2657285,6
2657292,8
2657300,6
2657306,5
2657337,6
2657342,10
2657354,10
2657376,8
2657439,6
2657440,15
2657467,5
2657471,6
2657499,15
2657506,7
2657512,7
2657546,10
2657553,16
2657554,6
2657566,6
2657616,27
2657628,6
2657660,12
2657664,6
2657726,7
2657730,14
2657766,27
2657791,27
2657808,88
2657835,44
2657879,23
2657883,7
2657907,15
2657909,5
2657927,7
2657937,7
2657942,8
2658048,6
2658060,30
2658076,10
2658078,15
2658129,8
2658150,8
2658167,6
2658199,6
2658211,5
2658220,5
2658235,8
2658258,6
2658289,12
2658321,6
2658352,7
2658382,7
2658456,6
2658457,52
2658466,8
2658516,15
2658563,6
2658661,15
2658704,9
2658715,176
2658727,602
2658746,97
2658754,5
2658765,6
2658766,5
2658768,7
2658772,18
2658833,18
2658837,9
2658875,6
2658894,13
2658896,6
2658897,17
2658928,7
2658948,33
2659037,11
2659121,13
2659139,6
2659171,8
2659229,17
2659236,8
2659268,13
2659286,9
2659300,8
2659336,5
2659338,12
2659342,9
2659354,6
2659364,9
2659407,9
2659441,41
2659443,11
2659463,6
2659467,6
2659471,37
2659521,5
2659534,10
2659584,11
2659587,10
2659598,40
2659647,142
2659669,7
2659723,9
2659735,6
2659736,30
2659791,6
2659816,24
2659817,8
2659841,6
2659869,12
2659872,8
2659889,268
2659892,15
2659894,17
2659949,5
2659959,10
2660015,27
2660043,9
2660085,16
2660106,47
2660193,32
2660253,6
2660314,39
2660329,6
2660419,5
2660431,33
2660451,10
2660459,5
2660507,7
2660511,7
2660597,12
2660600,7
2660627,9
2660689,38
2660744,48
2660745,8
2660809,19
2660810,7
2660833,15
2660845,40
2660871,7
2660906,5
2660998,9
2661003,11
2661013,14
2661014,958
2661032,7
2661041,8
2661059,5
2661065,6
2661097,13
2661122,7
2661135,11
2661155,14
2661190,6
2661217,44
2661253,13
2661256,22
2661278,11
2661338,6
2661363,9
2661367,10
2661391,7
2661403,6
2661472,8
2661480,8
2661483,11
2661527,10
2661548,21
2661564,13
2661631,7
2661633,12
2661666,7
2661670,6
2661705,6
2661717,15
2661790,20
2661794,21
2661814,15
2661818,13
2661872,7
2661899,8
2661901,7
2661902,11
2661910,66
2661952,23
2661960,5
2661985,35
2662063,8
2662089,10
2662109,12
2662190,93
2662383,9
2662421,279
2662438,6
2662440,6
2662453,6
2662469,18
2662512,11
2662569,42
2662598,9
2662604,6
2662621,11
2662673,7
2662688,10
2662690,6
2662728,5
2662730,17
2662736,38
2662750,11
2662751,9
2662767,6
2662810,85
2662878,22
2662879,43
2662895,23
2662938,5
2662982,5
2662983,8
2662989,16
2663003,7
2663015,5
2663029,5
2663107,11
2663135,7
2663163,9
2663166,7
2663197,8
2663203,5
2663216,25
2663219,6
2663221,22
2663254,5
2663319,17
2663366,18
2663367,8
2663395,5
2663496,10
2663631,10
2663679,7
2663746,14
2663862,18
2663885,23
2663992,11
2664137,56
2664140,9
2664146,15
2664182,6
2664206,6
2664269,9
2664299,5
2664316,71
2664380,16
2664418,16
2664444,465
2664446,10
2664472,8
2664478,27
2664495,63
2664536,6
2664557,23
2664579,7
2664581,5
2664641,8
2664673,7
2664675,8
2664722,17
2664732,6
2664772,8
2664823,136
2664861,7
2664874,6
2664920,7
2664953,9
2665036,11
2665054,7
2665081,19
2665113,28
2665141,7
2665156,25
2665209,6
2665214,53
2665239,7
2665258,6
2665259,5
2665330,6
2665399,61
2665420,9
2665499,11
2665500,61
2665504,12
2665514,28
2665517,12
2665518,18
2665521,6
2665527,7
2665533,7
2665561,7
2665567,105
2665615,20
2665651,17
2665673,8
2665681,24
2665691,7
2665707,56
2665709,5
2665727,7
2665761,6
2665786,6
2665851,9
2665860,7
2665927,9
2665949,57
2665955,36
2665965,9
2665982,5
2665991,11
2666011,6
2666043,7
2666056,9
2666074,7
2666088,7
2666107,29
2666141,6
2666194,14
2666199,7
2666226,99
2666253,9
2666268,5
2666288,5
2666321,32
2666334,8
2666340,19
2666380,16
2666406,26
2666432,9
2666438,14
2666520,13
2666580,42
2666655,278
2666731,31
2666758,13
2666761,88
2666878,6
2666901,5
2666918,8
2666969,5
2666975,12
2666992,15
2667065,10
2667081,6
2667085,5
2667130,10
2667183,27
2667185,6
2667254,10
2667256,13
2667302,9
2667316,9
2667397,101
2667422,10
2667427,6
2667472,5
2667522,5
2667540,12
2667541,103
2667560,39
2667572,44
2667612,14
2667631,9
2667737,38
2667742,14
2667786,11
2667947,7
2667968,10
2667978,6
2667983,18
2667989,12
2668024,7
2668152,95
2668179,8
2668280,7
2668328,7
2668329,36
2668333,12
2668361,6
2668385,7
2668393,7
2668424,8
2668430,5
2668472,8
2668507,6
2668515,8
2668520,11
2668531,197
2668644,12
2668653,5
2668654,11
2668657,8
2668666,22
2668759,7
2668771,9
2668772,8
2668829,7
2668852,47
2668856,6
2668874,33
2668943,9
2668945,16
2668956,8
2668957,8
2668971,8
2669016,7
2669078,13
2669141,8
2669160,8
2669168,21
2669207,7
2669261,6
2669280,30
2669307,43
2669314,5
2669333,27
2669378,13
2669488,10
2669540,8
2669567,11
2669596,72
2669602,5
2669625,9
2669627,5
2669656,19
2669675,69
2669707,15
2669841,7
2669861,29
2669896,6
2669898,7
2669904,6
2669935,12
2669941,7
2669984,10
2670026,8
2670027,10
2670044,8
2670066,11
2670108,11
2670126,45
2670134,10
2670166,6
2670207,7
2670250,10
2670252,16
2670299,10
2670305,6
2670325,12
2670354,7
2670420,6
2670426,26
2670431,9
2670482,9
2670496,7
2670552,16
2670625,23
2670652,6
2670707,7
2670715,6
2670725,6
2670771,6
2670775,12
2670776,15
2670839,31
2670859,8
2670868,7
2670874,8
2670886,6
2670911,246
2670933,10
2670963,12
2671084,13
2671131,11
2671137,44
2671153,7
2671215,36
2671265,6
2671319,25
2671357,6
2671362,11
2671369,16
2671401,10
2671404,5
2671458,7
2671484,11
2671486,6
2671491,10
2671638,6
2671707,38
2671711,10
2671770,12
2671823,8
2671880,16
2671914,7
2671923,20
2671981,11
2671990,11
2671998,6
2671999,6
2672002,7
2672091,17
2672117,12
2672138,7
2672148,10
2672151,7
2672161,7
2672192,9
2672216,6
2672244,8
2672287,11
2672296,12
2672339,7
2672342,39
2672367,6
2672486,8
2672497,5
2672543,15
2672559,7
2672568,11
2672629,8
2672647,11
2672649,7
2672675,11
2672735,12
2672745,84
2672786,9
2672794,353
2672808,7
2672825,7
2672829,174
2672839,7
2672854,6
2672859,7
2672882,6
2672884,5
2672894,6
2672911,7
2672926,9
2672929,210
2672955,7
2672960,8
2672995,14
2673021,7
2673022,7
2673025,59
2673122,9
2673139,73
2673184,13
2673242,7
2673260,6
2673312,10
2673316,12
2673345,7
2673357,12
2673376,7
2673379,7
2673383,22
2673390,25
2673434,9
2673438,8
2673445,33
2673449,6
2673455,14
2673476,16
2673501,8
2673522,27
2673533,6
2673593,33
2673597,13
2673642,68
2673699,19
2673733,11
2673758,62
2673804,5
2673832,6
2673858,7
2673878,9
2673880,15
2673897,9
2673992,10
2674003,5
2674031,10
2674060,13
2674086,5
2674111,8
2674139,5
2674177,20
2674190,14
2674212,6
2674237,6
2674238,6
2674239,13
2674259,8
2674292,7
2674297,10
2674300,21
2674303,8
2674351,14
2674358,11
2674360,7
2674368,9
2674462,5
2674472,6
2674506,9
2674551,7
2674557,190
2674639,9
2674640,6
2674649,6
2674760,5
2674775,6
2674790,6
2674838,242
2674870,17
2674874,6
2674917,34
2674953,9
2674977,13
2675009,9
2675014,7
2675051,33
2675084,8
2675087,7
2675095,33
2675128,5
2675165,8
2675170,20
2675176,6
2675186,8
2675194,16
2675215,202
2675283,23
2675305,59
2675310,9
2675330,6
2675394,10
2675429,5
2675435,27
2675439,15
2675479,15
2675525,15
2675538,17
2675575,17
2675589,5
2675615,6
2675641,8
2675642,18
2675656,9
2675660,5
2675693,6
2675749,33
2675791,179
2675835,43
2675888,10
2675899,6
2675927,108
2676035,6
2676057,14
2676107,9
2676112,7
2676128,6
2676135,9
2676189,14
2676216,13
2676242,313
2676251,46
2676300,7
2676340,21
2676344,26
2676353,5
2676390,12
2676411,11
2676456,14
2676468,9
2676473,6
2676488,11
2676544,8
2676602,19
2676664,6
2676687,8
2676700,29
2676724,6
2676743,16
2676748,7
2676789,5
2676790,16
2676834,6
2676838,8
2676844,7
2676850,13
2676863,72
2676876,6
2676884,8
2676906,43
2676951,14
2676986,7
2676995,6
2677044,5
2677058,8
2677071,24
2677122,6
2677128,284
2677133,105
2677152,8
2677166,6
2677197,8
2677210,27
2677219,11
2677230,6
2677245,5
2677261,14
2677262,44
2677342,8
2677352,10
2677455,9
2677470,6
2677474,5
2677479,8
2677505,13
2677510,9
2677515,5
2677526,6
2677536,8
2677702,10
2677728,44
2677746,115
2677749,7
2677781,6
2677802,7
2677805,12
2677816,7
2677822,16
2677911,5
2677917,10
2677922,70
2678055,14
2678075,29
2678098,7
2678122,14
2678161,6
2678164,26
2678231,6
2678280,16
2678295,7
2678299,10
2678304,7
2678316,5
2678330,7
2678342,10
2678345,15
2678387,6
2678402,10
2678435,8
2678539,10
2678546,5
2678556,9
2678617,163
2678645,252
2678655,10
2678681,6
2678687,23
2678724,113
2678725,11
2678765,11
2678771,14
2678865,9
2678899,46
2678920,5
2678954,11
2678978,6
2679012,6
2679028,7
2679051,5
2679088,6
2679102,5
2679312,34
2679335,8
2679349,6
2679351,7
2679359,7
2679392,10
2679414,8
2679428,11
2679449,164
2679454,19
2679572,15
2679585,18
2679607,17
2679625,6
2679626,11
2679629,12
2679655,6
2679656,8
2679667,8
2679715,6
2679801,9
2679874,10
2679905,9
2679923,30
2679961,6
2680002,7
2680076,8
2680082,8
2680084,191
2680172,14
2680183,5
2680193,6
2680253,16
2680295,5
2680342,6
2680359,14
2680369,23
2680372,23
2680378,9
2680391,19
2680411,6
2680440,13
2680488,7
2680515,8
2680604,14
2680608,11
2680616,422
2680617,29
2680679,17
2680698,10
2680713,42
2680756,12
2680765,34
2680814,10
2680824,16
2680910,9
2680954,19
2680962,160
2680969,16
2680978,11
2680993,12
2681081,80
2681102,5
2681116,8
2681119,11
2681123,21
2681137,64
2681186,18
2681206,6
2681260,10
2681266,29
2681288,13
2681347,13
2681440,7
2681458,6
2681533,6
2681579,8
2681614,10
2681667,14
2681697,7
2681710,6
2681733,50
2681756,43
2681764,10
2681821,55
2681856,17
2681986,318
2682025,7
2682047,42
2682178,22
2682180,8
2682236,24
2682247,8
2682251,8
2682342,9
2682348,14
2682349,22
2682370,9
2682385,9
2682407,12
2682409,13
2682435,6
2682501,6
2682509,11
2682525,9
2682615,156
2682620,8
2682670,12
2682693,13
2682748,5
2682762,7
2682781,37
2682785,9
2682799,11
2682809,5
2682885,7
2682893,7
2682947,7
2682963,30
2683003,6
2683024,23
2683026,7
2683038,5
2683058,7
2683117,7
2683130,8
2683140,25
2683142,7
2683149,7
2683153,5
2683188,18
2683278,19
2683300,9
2683332,6
2683365,12
2683410,8
2683428,9
2683440,8
2683446,12
2683463,6
2683478,6
2683558,10
2683606,6
2683612,44
2683643,6
2683668,6
2683680,9
2683688,48
2683690,7
2683696,10
2683724,273
2683746,23
2683811,6
2683816,5
2683851,22
2683887,5
2683921,56
2683935,8
2683938,7
2683944,6
2684128,30
2684129,6
2684140,140
2684175,6
2684211,15
2684224,11
2684236,6
2684292,6
2684315,11
2684319,14
2684337,8
2684361,11
2684364,44
2684372,12
2684383,9
2684410,6
2684423,23
2684436,15
2684561,20
2684573,20
2684587,25
2684611,7
2684616,24
2684710,10
2684729,7
2684759,133
2684769,33
2684785,16
2684832,6
2684837,21
2684930,10
2684987,21
2685092,6
2685100,6
2685203,21
2685210,11
2685234,7
2685235,5
2685247,5
2685258,5
2685284,7
2685297,6
2685436,34
2685441,22
2685544,6
2685603,8
2685639,5
2685669,20
2685679,54
2685760,8
2685793,7
2685796,12
2685810,8
2685816,10
2685827,6
2685857,13
2685886,48
2685900,5
2686000,10
2686008,6
2686016,60
2686044,6
2686167,6
2686201,30
2686226,5
2686257,11
2686260,6
2686290,12
2686300,5
2686301,36
2686348,15
2686355,15
2686446,394
2686456,12
2686457,7
2686494,8
2686525,6
2686531,23
2686603,19
2686620,8
2686633,6
2686697,9
2686735,10
2686787,10
2686798,5
2686818,63
2686836,11
2686916,5
2686927,7
2686968,6
2686995,71
2687057,5
2687148,13
2687151,189
2687179,19
2687189,7
2687219,11
2687276,27
2687330,7
2687356,11
2687422,5
2687430,5
2687442,11
2687455,13
2687461,11
2687465,8
2687468,7
2687526,44
2687532,8
2687626,19
2687665,6
2687675,6
2687684,11
2687694,11
2687702,14
2687734,7
2687745,17
2687757,209
2687764,6
2687770,41
2687815,5
2687862,6
2687910,40
2687927,35
2687943,5
2687952,6
2687958,6
2687985,6
2687988,52
2688047,8
2688114,6
2688130,11
2688202,14
2688225,11
2688303,13
2688306,6
2688329,31
2688335,12
2688336,8
2688340,7
2688342,7
2688347,11
2688439,6
2688543,86
2688568,10
2688609,10
2688684,5
2688688,9
2688721,5
2688745,184
2688769,18
2688795,6
2688854,6
2688946,213
2688968,58
2689042,5
2689160,18
2689172,6
2689176,7
2689187,73
2689205,31
2689287,19
2689296,28
2689322,17
2689323,27
2689398,48
2689435,6
2689543,56
2689548,26
2689554,17
2689567,7
2689580,5
2689591,11
2689611,9
2689612,13
2689676,5
2689715,10
2689744,8
2689812,6
2689836,9
2689837,13
2689940,66
2689968,16
2689986,38
2690055,9
2690109,6
2690161,8
2690164,7
2690180,7
2690217,16
2690228,26
2690278,8
2690281,22
2690284,6
2690298,16
2690346,6
2690351,8
2690369,21
2690392,9
2690411,7
2690423,5
2690426,6
2690432,5
2690450,8
2690489,19
2690493,7
2690561,6
2690567,8
2690587,8
2690593,9
2690595,6
2690622,27
2690648,7
2690655,6
2690665,60
2690722,9
2690824,12
2690834,6
2690857,6
2690874,16
2690910,5
2690972,9
2691008,9
2691013,9
2691020,7
2691081,8
2691088,7
2691130,5
2691196,8
2691240,7
2691270,6
2691275,5
2691287,5
2691308,7
2691368,17
2691395,10
2691411,7
2691432,30
2691433,8
2691448,6
2691450,10
2691469,6
2691492,14
2691494,8
2691634,13
2691659,11
2691665,45
2691688,9
2691693,28
2691713,8
2691782,8
2691790,8
2691815,65
2691831,43
2691872,12
2691898,17
2691924,10
2691938,10
2691967,33
2692013,8
2692016,7
2692054,11
2692081,7
2692090,29
2692121,8
2692206,6
2692227,11
2692330,10
2692346,5
2692370,67
2692384,18
2692409,6
2692416,64
2692427,8
2692445,13
2692480,6
2692486,7
2692494,96
2692525,7
2692546,6
2692547,8
2692554,9
2692570,13
2692608,5
2692706,13
2692812,6
2692816,8
2692835,8
2692899,36
2692902,83
2692953,15
2693025,24
2693042,9
2693090,40
2693141,477
2693176,7
2693198,6
2693199,12
2693290,11
2693303,6
2693415,20
2693424,18
2693498,7
2693505,1269
2693512,13
2693519,8
2693582,9
2693682,15
2693719,17
2693793,33
2693813,7
2693841,10
2693859,34
2693874,10
2693877,14
2693916,89
2693941,7
2693943,332
2693952,12
2693996,5
2693999,9
2694026,6
2694065,6
2694072,9
2694115,20
2694238,28
2694290,6
2694311,615
2694327,6
2694423,6
2694427,13
2694434,7
2694438,35
2694467,9
2694490,6
2694505,7
2694519,13
2694563,9
2694565,6
2694646,144
2694664,7
2694822,460
2694842,14
2694843,87
2694885,6
2694960,12
2694962,7
2695008,19
2695023,5
2695061,9
2695066,17
2695068,5
2695082,13
2695104,6
2695118,9
2695148,31
2695190,6
2695217,96
2695273,8
2695311,67
2695360,6
2695363,22
2695364,6
2695372,6
2695378,8
2695384,8
2695388,6
2695406,6
2695426,6
2695507,6
2695548,7
2695550,7
2695584,50
2695631,35
2695674,39
2695803,5
2695806,8
2695887,10
2695906,8
2695921,38
2695942,8
2695965,8
2696019,16
2696021,63
2696036,9
2696038,7
2696045,9
2696056,26
2696073,5
2696076,6
2696121,10
2696161,9
2696172,6
2696217,12
2696235,12
2696239,6
2696264,26
2696306,18
2696345,8
2696347,8
2696349,11
2696351,6
2696374,8
2696387,8
2696402,7
2696416,6
2696576,6
2696588,6
2696633,6
2696638,26
2696655,5
2696658,77
2696668,18
2696713,17
2696751,24
2696760,8
2696771,28
2696782,5
2696784,6
2696786,6
2696799,8
2696803,110
2696841,6
2696861,21
2696868,13
2696928,10
2696942,7
2696960,7
2697030,90
2697121,12
2697122,9
2697148,8
2697189,9
2697249,6
2697269,42
2697272,6
2697297,10
2697307,11
2697334,11
2697342,6
2697352,6
2697373,43
2697374,9
2697397,28
2697400,6
2697406,39
2697498,5
2697514,22
2697542,25
2697547,6
2697558,6
2697610,7
2697654,12
2697681,29
2697740,6
2697798,19
2697829,5
2697844,6
2697944,23
2697948,6
2697955,11
2697976,11
2698008,9
2698012,8
2698090,8
2698095,7
2698121,11
2698131,6
2698135,10
2698138,32
2698144,16
2698170,6
2698171,6
2698172,7
2698214,22
2698234,9
2698251,6
2698325,5
2698334,10
2698389,6
2698394,7
2698398,7
2698436,6
2698442,21
2698446,5
2698474,16
2698477,6
2698605,17
2698621,7
2698634,10
2698641,8
2698652,11
2698708,38
2698727,8
2698733,6
2698769,18
2698841,10
2698844,8
2698846,9
2698969,6
2699001,6
2699032,7
2699037,25
2699068,21
2699083,9
2699127,7
2699158,20
2699197,6
2699212,37
2699258,12
2699291,5
2699304,6
2699313,31
2699359,6
2699364,163
2699442,7
2699496,5
2699539,9
2699547,5
2699614,40
2699679,6
2699715,17
2699739,11
2699747,7
2699771,6
2699787,9
2699789,5
2699795,13
2699796,21
2699801,20
2699849,6
2699851,7
2699864,34
2699896,12
2699910,41
2699946,5
2700008,10
2700087,7
2700128,6
2700150,8
2700217,36
2700221,27
2700233,6
2700256,12
2700268,10
2700269,6
2700325,59
2700350,20
2700431,7297
2700462,26
2700465,6
2700486,19
2700494,48
2700528,6
2700541,20
2700562,8
2700583,6
2700594,11
2700601,6
2700612,6
2700615,6
2700627,11
2700638,149
2700653,14
2700679,8
2700699,26
2700763,34
2700765,13
2700808,5
2700816,9
2700826,10
2700841,5
2700874,7
2700880,8
2700940,8
2700962,16
2701014,18
2701030,8
2701111,14
2701112,10
2701120,15
2701143,99
2701166,40
2701209,51
2701264,13
2701311,12
2701338,6
2701365,10
2701387,16
2701403,53
2701434,8
2701490,6
2701491,16
2701548,6
2701568,8
2701592,8
2701601,60
2701677,7
2701683,14
2701762,6
2701794,13
2701850,224
2701856,9
2701882,9
2701896,8
2701927,7
2702045,6
2702089,10
2702098,22
2702099,8
2702122,13
2702123,6
2702124,6
2702157,6
2702166,9
2702215,7
2702216,11
2702225,19
2702236,38
2702253,17
2702292,6
2702381,15
2702417,8
2702430,16
2702588,28
2702618,12
2702707,13
2702721,9
2702737,7
2702741,40
2702746,10
2702754,21
2702803,5
2702844,32
2702874,6
2702916,14
2702927,16
2702950,9
2702952,6
2702957,15
2702958,13
2702961,5
2702975,6
2702999,7
2703009,14
2703030,6
2703062,7
2703098,6
2703125,18
2703132,5
2703200,6
2703302,6
2703366,19
2703370,119
2703417,14
2703418,5
2703459,7
2703472,10
2703516,9
2703534,20
2703575,6
2703680,11
2703681,7
2703693,1607
2703704,8
2703737,11
2703756,5
2703758,8
2703783,13
2703800,7
2703806,6
2703826,25
2703828,5
2703842,21
2703848,17
2703884,8
2703942,11
2703971,5
2703999,20
2704002,14
2704011,10
2704088,6
2704109,9
2704110,227
2704117,16
2704142,15
2704159,33
2704207,15
2704230,5
2704231,37
2704320,8
2704371,5
2704424,15
2704522,5
2704572,13
2704607,7
2704635,6
2704701,5
2704705,13
2704715,7
2704721,5
2704726,9
2704730,45
2704733,8
2704746,5
2704827,7
2704860,7
2704874,8
2704890,18
2704916,8
2704956,669
2704964,6
2705003,17
2705031,45
2705033,7
2705058,10
2705062,17
2705173,5
2705176,7
2705222,43
2705241,21
2705248,9
2705317,13
2705324,8
2705328,14
2705365,60
2705376,9
2705395,8
2705405,14
2705412,93
2705423,14
2705434,11
2705467,9
2705475,7
2705487,9
2705542,166
2705583,23
2705599,9
2705659,55
2705668,186
2705698,7
2705706,6
2705718,7
2705719,8
2705724,8
2705725,6
2705732,6
2705778,147
2705810,10
2705902,9
2705907,22
2705932,7
2705946,23
2705965,6
2706049,5
2706082,8
2706111,18
2706277,363
2706295,8
2706300,10
2706320,14
2706329,6
2706350,12
2706358,9
2706390,9
2706393,53
2706437,13
2706453,12
2706467,6
2706526,9
2706537,5
2706548,17
2706572,6
2706651,7
2706730,6
2706746,14
2706801,40
2706820,12
2706831,5
2706889,21
2706972,5
2707012,13
2707034,8
2707090,5
2707108,436
2707127,11
2707195,6
2707208,16
2707220,6
2707243,6
2707248,43
2707282,10
2707284,6
2707392,13
2707497,25
2707503,6
2707527,73
2707551,6
2707579,7
2707597,9
2707639,46
2707658,5
2707701,7
2707722,8
2707738,7
2707742,6
2707763,6
2707816,6
2707836,7
2707841,9
2707904,7
2707946,6
2707956,82
2707973,6
2707985,7
2708012,6
2708077,9
2708117,6
2708189,9
2708204,9
2708210,9
2708212,10
2708220,8
2708264,29
2708270,6
2708317,5
2708361,9
2708366,25
2708387,25
2708407,737
2708426,12
2708434,16
2708443,33
2708498,25
2708550,14
2708656,11
2708683,11
2708699,6
2708715,7
2708750,6
2708855,44
2708996,153
2709015,11
2709019,11
2709022,15
2709023,28
2709034,9
2709045,7
2709086,7
2709087,22
2709161,9
2709209,6
2709314,247
2709329,5
2709378,76
2709382,10
2709447,6
2709458,7
2709465,23
2709485,6
2709512,40
2709529,25
2709609,6
2709639,26
2709688,48
2709754,6
2709757,6
2709807,11
2709827,10
2709832,6
2709885,6
2709886,14
2709903,8
2709912,6
2709917,9
2709928,16
2709940,24
2709943,6
2709967,6573
2709979,15
2710000,14
2710007,11
2710025,307
2710056,8
2710060,112
2710098,7
2710101,13
2710116,17
2710190,6
2710210,7
2710247,10
2710255,6
2710297,6
2710327,9
2710368,29
2710412,61
2710472,7
2710482,7
2710530,7
2710546,25
2710609,36
2710621,8
2710640,7
2710647,6
2710655,14
2710734,10
2710815,16
2710862,6
2710907,36
2710956,6
2710959,6
2710967,6
2710968,18
2710973,8
2711013,6
2711037,9
2711042,10
2711068,38
2711105,6
2711120,5
2711124,10
2711158,11
2711221,6
2711226,30
2711251,8
2711290,13
2711341,11
2711346,6
2711384,8
2711402,28
2711409,19
2711416,41
2711516,9
2711526,28
2711545,7
2711551,6
2711591,20
2711617,6
2711639,12
2711698,9
2711752,6
2711871,17
2711891,7
2711943,8
2711980,11
2711994,15
2712028,7
2712108,6
2712123,7
2712126,13
2712129,8
2712140,13
2712152,43
2712155,18
2712173,15
2712296,7
2712309,10
2712324,8
2712343,9
2712362,35
2712418,8
2712439,9
2712448,36
2712456,6
2712515,212
2712545,190
2712554,8
2712572,6
2712581,23
2712622,12
2712645,6
2712717,6
2712728,5
2712736,6
2712779,7
2712805,28
2712815,7
2712867,20
2712924,5
2712984,5
2713060,29
2713181,9
2713247,8
2713259,14
2713267,5
2713291,8
2713307,8
2713317,14
2713340,6
2713354,19
2713414,18
2713421,8
2713468,6
2713475,6
2713479,22
2713532,7
2713560,10
2713606,5
2713614,6
2713616,7
2713667,8
2713680,2350
2713717,10
2713855,16
2714000,93
2714008,8
2714123,40
2714124,8
2714157,5
2714195,7
2714200,24
2714209,6
2714217,14
2714234,6
2714244,11
2714247,6
2714261,9
2714269,14
2714324,7
2714345,11
2714426,5
2714442,7
2714462,7
2714480,14
2714499,8
2714603,8
2714656,34
2714657,9
2714674,22
2714683,7
2714700,31
2714736,17
2714856,11
2714886,9
2714929,151
2714931,6
2714934,6
2714950,48
2714958,6
2714974,66
2714998,23
2715103,6
2715109,26
2715121,21
2715126,5
2715145,120
2715157,11
2715167,9
2715203,6
2715213,583
2715224,5
2715249,12
2715258,5
2715289,6
2715302,155
2715328,14
2715348,11
2715351,6
2715386,21
2715387,6
2715388,16
2715436,14
2715532,7
2715539,27
2715617,8
2715619,20
2715690,8
2715714,170
2715722,13
2715775,6
2715789,22
2715852,62
2715877,94
2715883,11
2715901,6
2715929,15
2715938,7
2715959,8
2716014,8
2716039,51
2716048,8
2716085,40
2716099,11
2716142,10
2716186,9
2716187,8
2716200,6
2716267,6
2716382,9
2716397,16
2716398,12
2716483,11
2716484,14
2716513,17
2716539,20
2716576,19
2716603,5
2716604,8
2716630,8
2716682,13
2716695,9
2716756,12
2716768,6
2716818,16
2716835,5
2716838,5
2716843,8
2716864,92
2716948,6
2717033,33
2717048,6
2717068,29
2717095,5
2717127,5
2717166,7
2717188,7
2717216,8
2717219,1011
2717236,7
2717249,10
2717298,6
2717351,5
2717387,32
2717404,6
2717429,6
2717441,9
2717448,25
2717468,14
2717632,6
2717649,8
2717652,7
2717734,808
2717919,7
2718005,6
2718055,7
2718086,15
2718095,26
2718099,269
2718101,12
2718124,7
2718147,6
2718248,6
2718266,25
2718267,12
2718268,29
2718293,11
2718294,6
2718326,6
2718338,9
2718373,7
2718378,8
2718496,19
2718502,6
2718606,5
2718629,12
2718669,7
2718690,6
2718727,6
2718749,37
2718880,6
2718923,6
2719047,8
2719062,9
2719085,10
2719121,8
2719132,7
2719133,182
2719159,6
2719226,20
2719228,8
2719262,23
2719274,11
2719304,5
2719337,5
2719341,9
2719374,11
2719404,20
2719414,47
2719520,503
2719543,9
2719545,48
2719566,5
2719622,6
2719629,6
2719733,6
2719769,8
2719822,55
2719826,6
2719877,7
2719973,83
2719974,7
2720146,6
2720149,8
2720157,6
2720190,10
2720264,94
2720284,51
2720297,14
2720306,20
2720307,6
2720308,7
2720339,11
2720342,5
2720354,7
2720392,27
2720433,15
2720439,5
2720487,11
2720531,15
2720536,8
2720542,5
2720550,7
2720569,40
2720584,5
2720645,10
2720712,31
2720735,6
2720753,6
2720770,9
2720816,6
2720984,11
2721029,21
2721035,7
2721038,14
2721055,7
2721095,11
2721098,21
2721105,70
2721107,15
2721192,11
2721226,10
2721246,5
2721324,8
2721350,9
2721410,12
2721487,6
2721566,5
2721579,17
2721596,16
2721620,7
2721635,13
2721660,8
2721701,48
2721775,7
2721846,61
2721927,5
2721928,17
2721935,5
2721972,6
2722004,13
2722011,6
2722109,6
2722152,6
2722171,26
2722187,7
2722197,7
2722201,9
2722228,78
2722294,6
2722298,9
2722309,5
2722347,7
2722380,6
2722396,5
2722435,101
2722448,14
2722458,5
2722466,49
2722473,25
2722476,8
2722504,6
2722507,6
2722514,9
2722550,71
2722615,9
2722658,20
2722724,5
2722765,9
2722793,10062
2722803,9
2722812,13
2722897,9
2722915,5
2722948,190
2722954,6
2722972,49
2722981,11
2723004,11
2723009,11
2723046,7
2723069,17
2723091,7
2723116,11
2723133,5
2723141,6
2723200,12
2723283,11
2723288,16
2723336,13
2723341,23
2723347,309
2723461,6
2723495,8
2723577,13
2723599,7
2723780,9
2723823,6
2723846,11
2723905,41
2724014,23
2724112,25
2724116,7
2724125,7
2724126,6
2724130,7
2724147,8
2724213,6
2724223,6
2724238,8
2724245,20
2724250,8
2724253,7
2724259,6
2724260,30
2724331,209
2724352,47
2724370,6
2724385,7
2724390,12
2724405,7
2724417,59
2724447,10
2724455,6
2724477,8
2724481,20
2724535,7
2724540,26
2724558,126
2724571,6
2724641,15
2724685,8
2724719,7
2724726,6
2724768,14
2724808,12
2724834,5
2724928,10
2724965,20
2724980,5
2724988,6
2724993,8
2725039,12
2725063,42
2725116,26
2725166,6
2725180,27
2725195,5
2725229,6
2725232,9
2725268,29
2725312,10
2725343,7
2725354,15
2725380,8
2725389,6
2725477,8
2725478,9
2725485,6
2725509,17
2725525,12
2725614,30
2725618,303
2725623,7
2725633,21
2725662,7
2725725,12
2725742,8
2725756,9
2725786,9
2725853,7
2725875,13
2725892,6
2725926,18
2725940,22
2725975,10
2725992,70
2726083,6
2726092,8
2726205,70
2726206,26
2726238,6
2726320,16
2726407,7
2726416,11
2726451,6
2726502,10
2726526,6
2726551,21
2726589,9
2726591,7
2726609,10
2726620,7
2726625,6
2726652,7
2726699,6
2726709,5
2726739,6
2726750,13
2726894,12
2726923,72
2726941,8
2726946,17
2726983,22
2727011,14
2727124,35
2727137,17
2727193,16
2727248,40
2727256,14
2727282,5
2727294,6
2727306,10
2727328,17
2727363,10
2727364,8
2727394,19
2727408,14
2727413,9
2727460,202
2727477,7
2727510,9
2727521,7
2727581,5
2727599,6
2727626,7
2727631,54
2727633,13
2727644,30
2727668,47
2727693,15
2727706,21
2727796,8
2727823,61
2727824,52
2727858,19
2727884,6
2727886,12
2727890,9
2727893,15
2727912,8
2727940,9
2727947,10
2727990,7
2727995,7
2728004,5
2728028,7
2728029,6
2728060,8
2728099,14
2728118,51
2728260,301
2728296,9
2728298,43
2728316,10
2728357,9
2728498,10
2728519,6
2728574,12
2728591,13
2728650,7
2728682,9
2728686,8
2728703,6
2728748,5
2728750,8
2728776,26
2728816,28
2728831,7
2728924,5
2728943,6
2728959,108
2728986,5
2728987,13
2728988,6
2729020,10
2729026,6
2729030,13
2729080,7
2729117,13
2729235,9
2729250,7
2729264,6
2729273,8
2729295,9
2729322,59
2729369,14
2729374,69
2729441,24
2729456,9
2729457,7
2729458,17
2729503,21
2729507,8
2729605,13
2729629,6
2729753,43
2729787,37
2729796,8
2729802,6
2729824,12
2729930,5
2729969,13
2729975,13
2729981,140
2730008,113
2730021,11
2730043,8
2730044,13
2730095,10
2730126,27
2730145,10
2730178,9
2730367,7
2730395,74
2730396,13
2730406,11
2730430,6
2730487,9
2730516,7
2730528,13
2730551,8
2730621,46
2730623,6
2730745,10
2730821,14
2730993,9
2730996,9
2731041,63
2731048,6
2731078,29
2731088,12
2731093,26
2731119,32
2731134,11
2731144,7
2731146,13
2731157,7
2731158,3135
2731174,27
2731213,10
2731358,6
2731398,5
2731418,5
2731471,31
2731532,7
2731544,16
2731546,16
2731566,13
2731601,8
2731617,9
2731664,8
2731722,5
2731842,8
2731961,9
2731979,8
2732038,15
2732058,6
2732094,6
2732096,5
2732129,6
2732265,69
2732318,18
2732364,6
2732503,9
2732521,9
2732535,7
2732589,9
2732645,11
2732646,10
2732664,5
2732722,19
2732726,6
2732739,26
2732740,7
2732885,23
2732917,8
2732952,7
2732958,6
2732986,6
2733010,5
2733070,12
2733101,7
2733110,6
2733128,5
2733130,29
2733198,6
2733202,7
2733222,16
2733223,12
2733247,6
2733371,6
2733386,5
2733542,6
2733641,41
2733680,12
2733778,35
2733854,7
2733902,6
2733905,11
2733907,11
2733919,21
2733937,12
2733981,9
2734003,6
2734007,17
2734077,8
2734114,10
2734180,9
2734217,5
2734283,76
2734311,14
2734320,7
2734336,21
2734368,289
2734430,6
2734433,8
2734460,8
2734546,7
2734547,27
2734575,15
2734582,6
2734599,14
2734628,6
2734635,8
2734738,10
2734746,21
2734750,9
2734769,6
2734780,19
2734864,6
2734906,7
2735047,9
2735123,34
2735126,6
2735196,13
2735205,25
2735305,24
2735319,5
2735388,6
2735397,6
2735400,7
2735491,7
2735501,6
2735519,7
2735532,8
2735537,690
2735543,7
2735552,20
2735567,9
2735629,74
2735645,13
2735646,24
2735663,111
2735711,10
2735742,6
2735771,10
2735823,10
2735828,7
2735875,6
2735890,45
2735909,12
2735936,7
2735940,9
2735942,5
2736000,21
2736019,10
2736022,11
2736055,8
2736066,9
2736069,6
2736074,8
2736092,6
2736146,15
2736155,8
2736157,31
2736164,5
2736236,7
2736326,13
2736340,6
2736343,9
2736352,5
2736384,5
2736417,33
2736419,12
2736447,6
2736478,7
2736552,6
2736563,13
2736572,56
2736769,12
2736803,13
2736815,6
2736866,16
2736895,9
2736910,27
2736914,7
2736936,6
2736974,97
2736975,13
2736992,327
2737025,16
2737149,15
2737172,29
2737182,6
2737185,10
2737231,9
2737240,16
2737249,14
2737265,23
2737268,243
2737274,10
2737307,26
2737359,6
2737374,6
2737379,6
2737429,6
2737447,22
2737487,14
2737504,9
2737508,51
2737570,17
2737580,9
2737851,6
2737898,13
2737902,7
2737927,6
2737996,13
2738045,7
2738067,7
2738076,5
2738109,8
2738126,7
2738168,9
2738187,7
2738230,8
2738235,6
2738241,9
2738269,10
2738270,6
2738285,10
2738288,12
2738369,17
2738382,6
2738446,9
2738548,10
2738599,10
2738603,5
2738608,13
2738632,9
2738636,49
2738655,7
2738696,7
2738737,7
2738759,11
2738768,8
2738812,24
2738847,10
2738857,8
2738937,15
2738975,5
2739021,8
2739029,7
2739080,9
2739106,7
2739134,5
2739158,75
2739176,8
2739181,22
2739197,6
2739297,15
2739314,9
2739322,27
2739335,5
2739408,11
2739431,9
2739437,14
2739457,5
2739469,5
2739473,8
2739476,76
2739571,5
2739614,6
2739615,8
2739649,11
2739663,53
2739669,26
2739703,14
2739715,9
2739762,13
2739767,10
2739768,11
2739769,5
2739776,27
2739783,5
2739796,6
2739811,6
2739857,14
2739891,7
2739927,30
2739957,11
2739958,6
2739962,9
2740016,6
2740144,5
2740161,21
2740167,8
2740175,6
2740316,7
2740324,8
2740394,16
2740419,15
2740455,32
2740488,7
2740566,159
2740661,5
2740705,16
2740759,7
2740840,499
2740858,6
2740896,8
2740969,5
2740986,8
2741000,11
2741031,9
2741034,8
2741057,9
2741078,20
2741097,11
2741107,30
2741129,42
2741279,5
2741291,55
2741308,15
2741314,417
2741325,75
2741342,49
2741400,15
2741435,11
2741448,112
2741482,6
2741498,17
2741519,10
2741615,7
2741659,6
2741662,6
2741674,7
2741804,14
2741859,5
2741860,9
2741934,5
2741972,10
2741978,6
2741985,15
2741997,6
2742006,14
2742021,9
2742025,9
2742026,12
2742049,6
2742050,6
2742051,6
2742106,6
2742111,11
2742123,23
2742134,10
2742181,11
2742184,7
2742186,6
2742188,10
2742256,13
2742285,7
2742286,17
2742288,11
2742425,5
2742466,5
2742476,8
2742499,9
2742514,6
2742529,27
2742570,8
2742613,17
2742629,6
2742652,12
2742660,10
2742682,6
2742752,12
2742755,17
2742829,19
2742910,11
2742932,6
2742933,24
2742988,44
2743021,7
2743023,8
2743029,6
2743062,9
2743193,9
2743197,8
2743281,7
2743385,9
2743435,11
2743449,6
2743453,11
2743499,11
2743546,8
2743560,8
2743565,10
2743579,9
2743583,14
2743596,7
2743620,19
2743649,15
2743650,9
2743728,8
2743751,34
2743768,684
2743769,10
2743798,14
2743803,9
2743932,11
2743943,5
2743949,5
2744052,49
2744130,16
2744137,41
2744195,9
2744203,27
2744213,6
2744221,5
2744271,8
2744278,5
2744345,9
2744361,7
2744369,16
2744395,5
2744427,5
2744480,19
2744526,5
2744540,13
2744554,6
2744561,5
2744603,7
2744698,12
2744731,20
2744792,9
2744820,37
2744861,6
2744898,11
2744905,20
2744906,6
2744932,7
2745010,13
2745119,24
2745130,12
2745139,7
2745141,7
2745196,6
2745352,8
2745380,6
2745384,10
2745417,64
2745425,13
2745462,18
2745530,40
2745535,8
2745538,8
2745619,38
2745620,6
2745700,8
2745745,6
2745839,6
2745842,44
2745888,23
2745951,6
2745983,7
2746030,10
2746032,7
2746044,26
2746097,12
2746120,5
2746130,10
2746163,7
2746164,8
2746167,13
2746192,13
2746195,23
2746223,15
2746278,7
2746370,34
2746407,6
2746445,14
2746467,18
2746506,239
2746551,6
2746569,30
2746575,8
2746640,8
2746698,5
2746797,8
2746807,13
2746810,22
2746815,24
2746880,9
2746911,7
2746917,45
2746949,9
2746970,7
2746991,7
2747011,7
2747033,65
2747058,10
2747092,20
2747117,21
2747187,11
2747188,31
2747234,8
2747278,40
2747358,7
2747391,25
2747407,12
2747467,27
2747468,12
2747526,6
2747546,10
2747548,69
2747560,11
2747561,12
2747619,298
2747627,9
2747628,15
2747659,7
2747664,7
2747712,603
2747713,5
2747720,19
2747780,12
2747841,10
2747847,6
2747896,6
2747907,6
2747908,24
2748009,6
2748104,24
2748158,6
2748185,6
2748195,44
2748200,8
2748211,11
2748215,6
2748218,7
2748233,28
2748270,25
2748271,7
2748272,12
2748320,8
2748333,14
2748436,9
2748437,7
2748447,11
2748454,9
2748469,6
2748508,48
2748587,4671
2748611,10
2748633,9
2748646,5
2748650,14
2748693,6
2748727,8
2748749,25
2748766,6
2748768,16
2748779,6
2748781,5
2748817,8
2748819,7
2748825,6
2748858,7
2748863,17
2748864,6
2748875,16
2748946,6
2748987,32
2749005,10
2749014,6
2749015,6
2749046,13
2749057,6
2749140,7
2749158,6
2749164,6
2749165,6
2749169,9
2749215,8
2749218,16
2749232,835
2749293,36
2749314,25
2749316,12
2749328,8
2749354,31
2749367,5
2749368,7
2749391,10
2749393,45
2749463,24
2749478,5
2749482,8
2749504,12
2749540,5
2749553,7
2749554,7
2749579,10
2749582,11
2749591,7
2749674,5
2749697,13
2749724,7
2749760,9
2749784,31
2749805,7
2749836,20
2749845,10
2749923,6
2749943,14
2749986,8
2749993,6
2750048,5
2750056,14
2750072,7
2750098,9
2750179,15
2750228,9
2750288,49
2750320,5
2750350,7
2750376,23
2750394,17
2750399,14
2750400,16
2750404,8
2750448,17
2750469,29
2750502,7
2750525,19
2750586,16
2750644,6
2750679,26
2750680,7
2750681,7
2750700,9
2750743,5
2750838,13
2750882,7
2750905,8
2750924,114
2750953,8
2750969,18
2750992,5
2751002,12
2751008,8
2751038,108
2751189,16
2751228,9
2751231,5
2751241,6
2751272,6
2751310,56
2751315,6
2751316,7
2751331,7
2751362,18
2751396,17
2751411,9
2751421,6
2751438,39
2751440,11
2751573,35
2751582,13
2751603,6
2751618,29
2751681,7
2751704,17
2751713,6
2751737,7
2751761,7
2751773,11
2751783,8
2751863,42
2751869,19
2751873,8
2751905,5
2751945,6
2751978,15
2751980,11
2752006,6
2752040,8
2752049,5
2752058,16
2752085,11
2752094,152
2752096,17
2752107,7
2752143,6
2752164,11
2752209,14
2752218,23
2752268,108
2752284,8
2752323,9
2752333,60
2752365,13
2752372,35
2752378,8
2752416,9
2752431,8
2752448,7
2752450,6
2752474,1062
2752495,99
2752511,6
2752580,35
2752589,6
2752605,6
2752621,5
2752625,5
2752632,6
2752726,7
2752739,50
2752867,20
2752957,12
2752963,15
2752996,5
2753074,14
2753100,12
2753130,10
2753157,7
2753195,7
2753239,6
2753269,25
2753296,13
2753331,7
2753360,33
2753398,34
2753405,6
2753485,10
2753510,12
2753514,8
2753532,5
2753548,23
2753549,72
2753555,78
2753576,894
2753616,6
2753639,326
2753679,6
2753691,15
2753693,7
2753704,11
2753705,111
2753708,17
2753715,8
2753719,7
2753720,8
2753747,6
2753770,5
2753822,9
2753833,6
2753878,8
2753896,6
2753922,13
2753955,8
2753975,17
2753997,6
2754044,11
2754052,5
2754122,23
2754126,8
2754154,9
2754204,11
2754231,18
2754237,21
2754251,26
2754292,7
2754301,11
2754332,5
2754333,8
2754348,416
2754373,9
2754390,7
2754391,21
2754407,7
2754408,9
2754411,9
2754433,16
2754461,6
2754490,12
2754592,8
2754621,17
2754622,20
2754659,24
2754727,18
2754832,48
2754843,8
2754867,7
2754909,10
2754984,11
2755006,8
2755018,8
2755033,6
2755047,5
2755052,44
2755074,9
2755135,14
2755137,21
2755156,17
2755177,12
2755195,5
2755207,17
2755208,34
2755237,6
2755268,10
2755285,11
2755373,9
2755386,69
2755466,12
2755513,21
2755600,678
2755616,184
2755629,6
2755653,7
2755656,8
2755659,14
2755677,12
2755703,11
2755753,40
2755759,25
2755792,5
2755799,10
2755820,19
2755828,6
2755854,10
2755857,6
2755863,11
2755866,5
2755914,28
2755970,29
2756000,12
2756015,38
2756033,8
2756071,7
2756118,20
2756124,12
2756174,6
2756210,23
2756225,6
2756254,7
2756264,9
2756277,6
2756292,22
2756302,10
2756321,5
2756343,17
2756363,11
2756373,6
2756398,31
2756405,6
2756507,14
2756529,11
2756573,6
2756599,8
2756606,6
2756666,5
2756691,7
2756694,6
2756710,14
2756740,8
2756743,9
2756759,11
2756771,30
2756887,14
2756919,8
2756983,9
2756990,6
2757011,11
2757012,12
2757095,7
2757098,7
2757180,10
2757210,12
2757294,12
2757339,8
2757346,5
2757358,7
2757381,7
2757448,7
2757477,6
2757501,8
2757518,15
2757551,29
2757552,8
2757596,7
2757601,7
2757606,11
2757688,13
2757707,8
2757710,13
2757711,14
2757718,55
2757806,39
2757850,8
2757863,23
2757886,11
2757895,18
2757896,25
2757926,5
2758046,6
2758069,15
2758121,15
2758149,7
2758287,5
2758299,9
2758333,88
2758350,32
2758351,10
2758381,6
2758400,8
2758435,6
2758499,6
2758579,16
2758675,10
2758700,11
2758713,17
2758714,14
2758722,22
2758724,16
2758741,10
2758747,9
2758755,7
2758775,38
2758790,7
2758801,6
2758822,6
2758831,10
2758832,24
2758843,27
2758869,10
2758912,6
2758923,10
2758952,8
2758955,9
2758983,8
2759020,140
2759122,10
2759126,7
2759187,20
2759227,19
2759230,16
2759255,66
2759280,19
2759289,10
2759290,6
2759291,9
2759292,6
2759324,9
2759326,20
2759370,6
2759396,27
2759397,9
2759398,12
2759458,29
2759459,82
2759482,11
2759517,57
2759559,11
2759575,6
2759623,14
2759656,7
2759670,19
2759690,7
2759692,9
2759733,6
2759778,11
2759789,25
2759790,6
2759811,6
2759818,8
2759845,20
2759884,6
2759892,20
2759949,8
2759976,22
2760029,24
2760057,11
2760090,6
2760154,44
2760158,8
2760163,10
2760172,34
2760174,23
2760242,8
2760243,11
2760264,28
2760273,5
2760341,15
2760367,53
2760397,8
2760401,9
2760406,6
2760419,9
2760425,42
2760443,15
2760446,6
2760460,13
2760485,6
2760540,5
2760600,12
2760608,14
2760620,9
2760641,6
2760648,27
2760680,9
2760683,32
2760692,23
2760701,33
2760712,5
2760713,25
2760723,6
2760777,12
2760789,13
2760908,7
2760913,34
2760942,11
2761000,9
2761059,34
2761128,65
2761207,16
2761255,17
2761258,7
2761271,6
2761366,18
2761383,7
2761395,6
2761421,8
2761466,11
2761475,67
2761506,8
2761667,16
2761669,383
2761723,18
2761796,5
2761834,19
2761835,6
2761846,11
2761855,15
2761860,216
2761885,24
2761897,82
2761923,6
2761936,11
2761943,9
2761958,6
2761962,5
2761966,16033
2761967,45
2761977,6
2761988,5
2762016,21
2762030,7
2762031,22
2762047,15
2762057,33
2762091,6
2762097,8
2762133,11
2762148,78
2762166,22
2762182,5
2762183,18
2762313,5
2762314,7
2762332,5
2762334,8
2762351,16
2762385,108
2762406,7
2762413,13
2762446,22
2762481,7
2762485,7
2762527,5
2762566,74
2762615,11
2762703,7
2762727,7
2762733,77
2762773,7
2762783,24
2762792,14
2762812,10
2762854,251
2762931,78
2762937,11
2762949,6
2762954,11
2762959,7
2762976,7
2762988,8
2762994,18
2763048,14
2763090,21
2763091,5
2763100,6
2763110,7
2763112,9
2763285,25
2763343,12
2763382,10
2763402,17
2763408,6
2763465,10
2763530,7
2763600,8
2763634,12
2763664,9
2763762,26
2763776,13
2763818,9
2763866,13
2763894,7
2763929,8
2763936,6
2763948,17
2763958,38
2763969,61
2763978,5
2764037,16
2764044,7
2764084,9
2764088,6
2764154,24
2764157,7
2764234,6
2764236,5
2764308,6
2764316,8
2764354,75
2764376,8
2764427,7
2764430,11
2764434,122
2764481,12
2764504,8
2764648,18
2764651,25
2764660,19
2764680,29
2764716,39
2764751,10
2764860,14
2764862,8
2764893,161
2764940,15
2764949,6
2764958,10
2764962,5
2764978,5
2764987,5
2764990,19
2764994,14
2765016,8
2765052,6
2765065,10
2765072,6
2765241,200
2765254,14
2765269,9
2765286,12
2765287,22
2765312,7
2765323,7
2765389,10
2765432,6
2765448,6
2765553,7
2765564,6
2765580,6
2765589,11
2765631,7
2765676,7
2765708,12
2765714,8
2765745,6
2765757,6
2765768,8
2765769,6
2765805,88
2765852,7
2765859,7
2765873,29
2765881,11
2765885,10
2765978,6
2766045,6
2766067,5
2766069,10
2766074,7
2766095,6
2766170,7
2766177,42
2766221,6
2766263,8
2766270,23
2766297,15
2766346,6
2766352,5
2766375,10
2766435,11
2766470,8
2766490,21
2766493,27
2766495,8
2766543,9
2766572,8
2766627,65
2766683,5
2766731,46
2766742,14
2766755,411
2766765,33
2766797,8
2766803,45
2766845,5
2766872,12
2766905,5
2766920,30
2766950,25
2766984,118
2767090,7
2767121,59
2767145,15
2767156,15
2767180,7
2767222,6
2767239,25
2767291,5
2767308,6
2767313,6
2767335,5
2767410,16
2767423,17
2767481,21
2767484,7
2767495,6
2767533,11
2767592,15
2767612,15
2767618,16
2767739,6
2767770,9
2767931,13
2767990,19
2768011,6
2768112,6
2768130,13
2768136,16
2768150,5
2768165,6
2768187,7
2768190,5
2768220,11
2768283,7
2768291,29
2768350,9
2768411,19
2768445,8
2768454,29
2768466,7
2768467,6
2768516,14
2768542,35
2768567,8
2768625,774
2768667,9
2768669,11
2768695,5
2768711,14
2768713,6
2768764,6
2768813,67
2768819,9
2768842,8
2768847,8
2768851,23
2768908,10
2768915,5
2768995,18
2768999,7
2769053,7
2769054,6
2769138,6
2769162,22
2769205,12
2769270,8
2769290,15
2769292,114
2769293,12
2769300,15
2769324,13
2769340,6
2769409,6
2769449,13
2769455,18
2769463,6
2769521,8
2769565,39
2769611,10
2769637,7
2769694,42
2769721,6
2769731,47
2769786,372
2769831,8
2769859,90
2769886,7
2769899,8
2769901,16
2769935,67
2769942,249
2769954,6
2769968,12
2769973,6
2769975,11
2770028,20
2770030,8
2770125,9
2770131,9
2770228,24
2770255,22
2770257,11
2770265,95
2770278,7
2770310,19
2770326,10
2770327,7
2770328,780
2770330,6
2770464,7
2770516,13
2770519,10
2770564,51
2770573,14
2770590,11
2770634,62
2770667,5
2770686,6
2770688,10
2770701,5
2770710,143
2770720,21
2770721,8
2770748,7
2770831,12
2770834,16
2770868,6
2770890,7
2770906,9
2770976,16
2771032,12
2771048,16
2771049,7
2771076,21
2771078,7
2771083,5
2771174,20
2771191,12
2771225,7
2771226,6
2771241,6
2771253,10
2771289,8
2771307,7
2771308,80
2771321,6
2771359,5
2771364,29
2771378,7
2771379,722
2771431,7
2771441,8
2771443,56
2771456,6
2771500,7
2771590,27
2771591,11
2771609,20
2771726,9
2771869,14
2771883,84
2771905,17
2771917,6
2771963,27
2772020,13
2772029,42
2772051,20
2772075,13
2772118,17
2772120,14
2772196,7
2772214,5
2772244,17
2772285,173
2772295,15
2772332,7
2772337,20
2772338,27
2772352,12
2772399,9
2772401,18
2772437,29
2772475,15
2772479,10
2772504,13
2772527,42
2772528,7
2772652,21
2772653,51
2772658,13
2772671,6
2772688,16
2772694,11
2772710,5
2772778,23
2772791,12
2772814,19
2772872,11
2772920,14
2772952,5
2772962,13
2773013,37
2773015,13
2773034,8
2773051,25
2773068,6
2773069,5
2773071,18
2773076,20
2773077,7
2773103,6
2773156,7
2773180,12
2773184,17
2773195,30
2773199,26
2773269,7
2773282,34
2773311,37
2773355,9
2773444,40
2773478,16
2773507,8
2773597,9
2773659,18
2773679,8
2773685,11
2773714,6
2773773,6
2773789,7
2773800,6
2773835,7
2773854,27
2773930,34
2773953,10
2773962,13
2773965,6
2773983,22
2774002,20
2774003,8
2774015,41
2774034,12
2774092,9
2774130,5
2774134,5
2774165,22
2774178,8
2774229,20
2774292,9
2774319,21
2774371,8
2774396,28
2774468,9
2774469,9
2774546,6
2774563,9
2774566,7
2774593,6
2774677,7
2774682,5
2774752,8
2774755,6
2774774,12
2774776,13
2774791,5
2774831,20
2774960,25
2774991,10
2774998,139
2775013,14
2775021,5
2775022,20
2775065,8
2775107,7
2775139,11
2775193,9
2775203,23
2775253,6
2775258,6
2775267,9
2775346,6
2775364,8
2775371,8
2775385,13
2775458,7
2775460,6
2775473,20
2775506,7
2775593,14
2775650,22
2775708,12
2775744,6
2775746,485
2775774,14
2775783,10
2775786,20
2775787,13
2775821,9
2775824,8
2775841,10
2775878,11
2775897,6
2775919,8
2775956,36
2776007,5
2776013,11
2776015,1572
2776016,12
2776099,30
2776109,28
2776156,24
2776172,9
2776187,9
2776218,11
2776243,6
2776317,77
2776386,11
2776464,16
2776503,9
2776569,8
2776656,6
2776660,10
2776675,41
2776711,10
2776718,7
2776763,23
2776778,51
2776829,15
2776984,56
2777035,6
2777073,10
2777128,6
2777149,7
2777207,12
2777209,6
2777216,44
2777226,42
2777230,13
2777266,33
2777285,7
2777289,20
2777300,17
2777325,3306
2777363,7
2777372,5
2777380,10
2777381,10
2777401,8
2777472,7
2777485,55
2777500,5
2777509,6
2777527,12
2777540,58
2777550,20
2777655,17
2777676,13
2777691,17
2777751,160
2777755,9
2777780,5
2777836,6
2777869,197
2777870,45
2777872,8
2777875,72
2777905,16
2777947,7
2777965,5
2778010,43
2778071,216
2778072,18
2778090,7
2778104,58
2778116,8
2778219,267
2778261,25
2778306,14
2778320,6
2778322,42
2778331,8
2778332,8
2778333,6
2778334,6
2778378,9
2778383,6
2778388,10
2778403,11
2778414,11
2778417,24
2778420,43
2778435,7
2778463,9
2778490,15
2778568,11
2778587,9
2778615,211
2778643,39
2778693,6
2778710,62
2778742,12
2778755,11
2778757,10
2778764,12
2778777,7
2778779,39
2778785,17
2778788,6
2778801,12
2778830,9
2778868,12
2778891,10
2778913,9
2778941,19
2778967,7
2779032,8
2779057,6
2779123,7
2779130,13
2779142,9
2779230,69
2779256,7
2779310,27
2779328,7
2779350,242
2779364,5
2779376,19
2779388,22
2779444,6
2779452,8
2779462,7
2779542,12
2779572,7
2779760,48
2779762,12
2779769,10
2779783,8
2779844,7
2779881,38
2779882,6
2779886,12
2779902,11
2779906,7
2779919,6
2779962,6
2779980,13
2780063,6
2780082,5
2780089,7
2780096,7
2780111,61
2780114,7
2780206,8
2780211,11
2780242,6
2780255,6
2780258,7
2780290,11
2780342,9
2780346,46
2780405,6
2780465,8
2780472,19
2780497,6
2780508,8
2780513,6
2780603,18
2780616,44
2780617,22
2780626,6
2780627,6
2780637,6
2780652,6
2780654,5
2780667,12
2780857,129
2780881,8
2780902,33
2780909,5
2780912,7
2780936,21
2780979,47
2781007,8
2781051,15
2781087,11
2781126,6
2781149,6
2781241,11
2781275,9
2781280,8
2781312,9
2781321,5
2781322,7
2781333,16
2781378,9
2781385,6
2781392,11
2781400,13
2781434,6
2781438,23
2781523,7
2781534,35
2781545,6
2781682,7
2781693,40
2781721,6
2781722,15
2781741,11
2781779,9
2781828,7
2781894,8
2781928,6
2781983,24
2782015,5
2782045,5
2782109,216
2782111,24
2782147,8
2782154,7
2782163,16
2782201,10
2782230,5
2782248,8
2782250,12
2782263,19
2782265,9
2782314,24
2782350,6
2782362,6
2782444,5
2782452,15
2782539,8
2782665,10
2782799,8
2782860,25
2782904,33
2782925,11
2782941,6
2783018,7
2783025,310
2783030,6
2783032,6
2783071,21
2783155,5
2783190,7
2783250,14
2783350,37
2783443,7
2783444,11
2783447,20
2783454,253
2783469,5
2783501,6
2783544,9
2783620,11
2783642,20
2783668,8
2783694,6
2783706,5
2783719,7
2783743,15
2783747,95
2783778,6
2783788,9
2783838,6
2783839,20
2783851,7
2783883,6
2783910,25
2783914,9
2783920,14
2783951,61
2783955,36
2784001,81
2784013,8
2784019,9
2784088,6
2784133,18
2784140,33
2784166,32
2784176,101
2784179,7
2784185,13
2784200,32
2784212,6
2784248,10
2784312,6
2784333,53
2784336,23
2784428,6
2784431,31
2784495,7
2784512,62
2784524,19
2784549,8
2784550,9
2784564,11
2784574,16
2784638,16
2784650,25
2784674,15
2784701,1291
2784760,8
2784870,8
2784934,6
2784938,16
2784942,9
2784986,7
2785003,20
2785053,75
2785057,6
2785059,12
2785066,8
2785096,100
2785098,17
2785115,52
2785190,6
2785244,5
2785255,23
2785277,9
2785283,6
2785285,68
2785319,8
2785355,13
2785371,6
2785372,7
2785395,5
2785439,5
2785442,77
2785503,10
2785557,5
2785569,14
2785589,7
2785593,13
2785596,7
2785607,14
2785651,7
2785668,9
2785696,39
2785746,7
2785811,7
2785848,12
2785851,10
2785852,5
2785876,20
2785883,6
2785903,8
2785914,8
2785918,10
2785949,8
2785962,6
2785969,7
2785972,6
2785985,10
2786004,8
2786094,11
2786095,9
2786099,14
2786108,24
2786132,42
2786139,6
2786180,13
2786206,8
2786245,6
2786248,15
2786293,8
2786303,9
2786315,19
2786319,17
2786374,12
2786424,11
2786479,9
2786495,18
2786518,15
2786538,14
2786563,7
2786576,5
2786586,6
2786603,10
2786607,7
2786617,6
2786686,10
2786720,6
2786773,7
2786816,6
2786832,11
2786853,8
2786972,7
2786986,9
2787036,11
2787044,7
2787080,5
2787106,8
2787146,5
2787152,13
2787174,12
2787187,8
2787238,7
2787295,16
2787346,5
2787455,7
2787483,6
2787488,7
2787512,9
2787559,8
2787580,25
2787607,11
2787639,9
2787672,32
2787673,6
2787685,9
2787703,71
2787758,9
2787776,19
2787826,7
2787841,7
2787845,74
2787854,7
2787868,7
2787919,8
2787933,5
2787962,7
2788000,5
2788111,10
2788134,5
2788197,11
2788231,10
2788341,11
2788353,24
2788396,5
2788403,17
2788410,12
2788473,7
2788505,35
2788532,7
2788589,12
2788639,10
2788664,14
2788668,23
2788676,26
2788685,7
2788707,5
2788723,13
2788760,28
2788764,15
2788795,8
2788825,8
2788858,57
2788869,6
2788870,14
2788886,5
2788920,9
2788937,6
2788980,11
2788984,16
2788992,11
2789009,22
2789032,6
2789078,66
2789115,23
2789139,7
2789310,10
2789315,8
2789320,8
2789331,40
2789341,6
2789358,7
2789381,35
2789385,7
2789423,6
2789537,9
2789547,11
2789551,7
2789584,12
2789592,39
2789602,26
2789611,14
2789656,5
2789669,6
2789703,9
2789796,7
2789802,5
2789874,21
2789889,8
2789930,6
2789965,7
2789969,15
2790043,15
2790076,6
2790082,8
2790088,12
2790192,37
2790201,52
2790282,6
2790300,5
2790302,10
2790303,48
2790334,7
2790361,7
2790390,23
2790427,8
2790469,8
2790490,7
2790520,8
2790563,23
2790570,51
2790636,11
2790639,8
2790739,214
2790771,8
2790785,8
2790797,10
2790798,16
2790803,15
2790821,667
2790840,63
2790890,5
2791057,11
2791102,7
2791103,433
2791152,9
2791227,19
2791258,7
2791268,140
2791274,9
2791310,10
2791317,6
2791328,8
2791344,6
2791377,7
2791484,9
2791499,6
2791578,7
2791587,71
2791595,8
2791621,13
2791623,5
2791646,8
2791681,5
2791729,8
2791744,5
2791776,20
2791803,18
2791808,12
2791815,25
2791825,5
2791843,6
2791951,6
2792006,9
2792010,9
2792047,34
2792059,6
2792065,8
2792071,10
2792081,13
2792097,9
2792107,14
2792133,9
2792168,12
2792169,6
2792171,8
2792192,6
2792295,6
2792309,6
2792332,24
2792336,7
2792346,6
2792367,6
2792368,9
2792403,7
2792412,9
2792416,20
2792453,14
2792457,5
2792591,7
2792681,45
2792717,7
2792734,13
2792760,15
2792787,20
2792865,7
2792907,10
2792943,13
2792947,7
2792976,7
2793028,6
2793059,7
2793103,8
2793112,6
2793119,93
2793131,6
2793138,34
2793148,12
2793189,12
2793197,11
2793208,12
2793265,6
2793287,6
2793307,54
2793315,9
2793413,5
2793439,7
2793442,208
2793487,10
2793528,24
2793556,5
2793569,46
2793596,9
2793597,6
2793645,29
2793654,13
2793660,6
2793665,9
2793694,392
2793762,176
2793780,7
2793840,6
2793879,40
2793920,17
2793927,24
2793982,9
2794018,6
2794026,5
2794074,9
2794075,10
2794118,22
2794120,8
2794144,14
2794146,10
2794158,6
2794176,7
2794197,44
2794227,12
2794228,65
2794254,7
2794296,8
2794301,8
2794302,6
2794386,32
2794389,7
2794394,11
2794429,25
2794455,9
2794477,11
2794484,7
2794550,6
2794623,6
2794641,13
2794651,22
2794653,5
2794661,9
2794668,26
2794677,8
2794682,7
2794728,17
2794752,135
2794857,5
2794911,12
2794918,8
2795001,50
2795028,6
2795064,15
2795102,7
2795125,11
2795155,6
2795164,6
2795176,5
2795178,17
2795187,10
2795194,19
2795267,5
2795334,7
2795336,27
2795354,63
2795366,9
2795436,30
2795455,5
2795476,7
2795512,8
2795525,10
2795529,5
2795560,7
2795561,18
2795576,6
2795592,13
2795630,90
2795639,12
2795688,9
2795799,6
2795802,5
2795864,59
2795868,14
2795869,7
2795940,6
2795952,14
2795965,23
2796054,8
2796075,5
2796076,6
2796078,10
2796079,5
2796092,23
2796138,6
2796185,26
2796188,7
2796213,39
2796226,27
2796251,16
2796302,11
2796326,12
2796340,11
2796379,28
2796521,8
2796556,20
2796567,8
2796570,123
2796581,8
2796665,19
2796760,5
2796775,10
2796800,12
2796829,9
2796831,5
2796866,6
2796904,12
2796968,6
2796971,5
2796974,6
2797037,12
2797042,9
2797086,30
2797088,12
2797121,31
2797148,123
2797165,12
2797228,7
2797352,38
2797395,9
2797406,50
2797487,12
2797494,12
2797520,8
2797525,6
2797538,63
2797545,19
2797623,8
2797664,10
2797679,6
2797687,10
2797697,76
2797706,18
2797744,14
2797752,6
2797785,7
2797875,10
2797887,14
2797906,35
2797928,5
2797934,8
2797986,15
2798020,14
2798038,30
2798040,15
2798049,11
2798071,8
2798152,10
2798170,28
2798179,17
2798189,99
2798210,6
2798238,20
2798341,55
2798379,39
2798382,43
2798420,68
2798450,6
2798467,131
2798510,7
2798525,6
2798556,49
2798595,22
2798668,19
2798752,6
2798758,10
2798873,9
2798882,6
2798908,6
2798929,57
2798947,9
2798991,12
2799043,265
2799055,17
2799069,15
2799087,11
2799125,36
2799133,37
2799320,6
2799328,119
2799341,35
2799342,12
2799345,7
2799365,6
2799376,80
2799430,5
2799435,10
2799469,260
2799483,5
2799507,8
2799579,33
2799626,14
2799636,6
2799674,5
2799688,8
2799701,6
2799709,6
2799731,7
2799790,10
2799794,33
2799796,21
2799806,7
2799896,6
2799978,8
2799992,19
2800003,44
2800013,11
2800028,7
2800080,10
2800134,8
2800164,6
2800176,28
2800298,5
2800321,11
2800343,6
2800363,7
2800368,7
2800397,14
2800398,13
2800433,12
2800461,5
2800494,15
2800496,11
2800643,7
2800645,6
2800658,10
2800677,10
2800722,5
2800766,14
2800771,32
2800785,30
2800794,8
2800814,6
2800831,6
2800840,9
2800853,6
2800873,22
2800887,6
2800938,7
2800971,9
2801041,14
2801052,308
2801067,9
2801081,7
2801127,9
2801128,9
2801217,8
2801239,7
2801252,68
2801289,15
2801293,6
2801294,9
2801350,12
2801440,12
2801474,6
2801488,8
2801516,272
2801518,9
2801530,36
2801531,6
2801542,8
2801544,8
2801588,42
2801592,13
2801596,6
2801597,5
2801621,16
2801638,17
2801674,5
2801714,8
2801716,6
2801848,22
2801884,16
2801901,8
2801903,6
2801933,20
2801983,12
2801987,21
2802009,26
2802078,9
2802079,10
2802082,24
2802165,20
2802179,56
2802186,38
2802198,78
2802209,6
2802214,268
2802216,11
2802230,9
2802264,6
2802280,8
2802318,10
2802370,22
2802396,14
2802428,13
2802461,9
2802470,7
2802515,5
2802551,20
2802578,7
2802596,13
2802704,27
2802712,6
2802719,57
2802754,8
2802780,5
2802788,8
2802805,7
2802833,37
2802834,11
2802842,10
2802856,10
2802938,15
2802948,13
2802967,7
2803003,139
2803016,6
2803028,5
2803051,14
2803054,11
2803073,18
2803105,7
2803152,8
2803209,14
2803263,5
2803265,5
2803326,30
2803329,7
2803336,36
2803402,6
2803437,7
2803449,20
2803493,50
2803508,8
2803509,7
2803533,136
2803547,6
2803551,7
2803598,192
2803623,15
2803639,8
2803665,9
2803717,33
2803745,9
2803756,6
2803804,6
2803812,7
2803839,12
2803879,65
2803893,5
2803894,9
2803895,11
2803935,6
2803972,10
2803980,13
2803982,63
2803984,8
2804011,9
2804039,6
2804057,7
2804114,14
2804138,7
2804158,44
2804159,32
2804196,7
2804272,7
2804299,70
2804319,10
2804348,6
2804367,64
2804472,6
2804497,6
2804537,8
2804561,7
2804648,10
2804689,8
2804729,7
2804749,36
2804798,9
2804880,7
2804927,14
2804944,6
2804962,9
2805018,9
2805020,6
2805023,6
2805045,5
2805083,43
2805122,12
2805159,11
2805170,8
2805184,7
2805205,12
2805216,6
2805230,8
2805240,6
2805252,6
2805254,6
2805256,10
2805286,10
2805308,6
2805347,11
2805369,14
2805430,19
2805456,14
2805503,19
2805515,7
2805522,12
2805591,189
2805599,9
2805613,5
2805618,6
2805620,9
2805623,5
2805639,97
2805646,5
2805694,19
2805729,50
2805802,9
2805854,8
2805867,5
2805910,5
2805912,9
2805913,10
2805957,7
2805984,13
2806005,11
2806029,6
2806060,10
2806177,18
2806207,19
2806222,37
2806259,28
2806270,10
2806299,283
2806311,38
2806314,12
2806323,8
2806326,9
2806364,17
2806398,6
2806399,6
2806413,7
2806455,14
2806456,33
2806462,6
2806464,5
2806472,11
2806519,5
2806521,6
2806541,10
2806547,20
2806571,10
2806603,20
2806616,8
2806632,8
2806688,8
2806690,8
2806718,64
2806748,72
2806756,11
2806778,12
2806794,6
2806805,7
2806806,20
2806852,33
2806871,19
2806919,9
2806922,9
2806938,9
2807063,5
2807086,8
2807088,8
2807095,6
2807118,103
2807126,7
2807182,5
2807222,6
2807233,6
2807278,6
2807286,7
2807292,5
2807317,5
2807369,9
2807386,8
2807403,6
2807441,5
2807446,24
2807528,6
2807548,8
2807554,20
2807559,6
2807566,15
2807568,7
2807575,8
2807579,5
2807624,11
2807642,9
2807694,12
2807717,7
2807729,6
2807757,45
2807783,49
2807853,12
2807854,6
2807856,13
2807881,8
2807883,9
2807890,10
2807894,52
2807945,112
2807960,18
2808007,5
2808017,6
2808018,8
2808058,7
2808108,10
2808130,24
2808136,8
2808243,20
2808244,24
2808246,13
2808248,8
2808305,8
2808363,83
2808403,6
2808445,8
2808455,26
2808524,11
2808554,6
2808561,15
2808587,12
2808609,8
2808650,5
2808694,14
2808705,8
2808746,55
2808794,26
2808800,6
2808843,6
2808886,37
2808933,9
2808961,25
2808963,51
2808976,12
2808990,8
2808994,5
2808996,35
2809002,11
2809029,7
2809065,10
2809082,13
2809134,8
2809206,18
2809217,14
2809224,7
2809245,10
2809270,13
2809273,8
2809298,11
2809327,56
2809457,7
2809568,13
2809580,15
2809582,15
2809586,5
2809605,24
2809609,8
2809610,13
2809622,11
2809623,7
2809634,12
2809648,7
2809649,153
2809664,13
2809667,8
2809702,5
2809703,8
2809709,6
2809711,10
2809713,11
2809722,7
2809727,12
2809742,18
2809798,11
2809805,6
2809806,33
2809830,7
2809838,8
2809859,73
2809877,10
2809879,9
2809916,7
2809929,9
2809955,16
2809970,7
2809988,69
2810044,6
2810080,7
2810091,10
2810110,32
2810118,7
2810150,8
2810160,7
2810164,7
2810209,11
2810227,11
2810247,8
2810293,16
2810312,25
2810398,9
2810432,8
2810453,13
2810489,7
2810516,2257
2810517,6
2810521,6
2810532,9
2810565,6
2810606,7
2810641,16
2810646,10
2810653,23
2810655,6
2810701,8
2810776,8
2810783,6
2810826,6
2810831,12
2810913,7
2810928,10
2810964,6
2811044,134
2811092,40
2811106,20
2811170,7
2811194,11
2811235,9
2811249,53
2811254,8
2811280,7
2811302,10
2811319,5
2811320,8
2811356,40
2811357,16
2811417,13
2811506,15
2811515,8
2811537,38
2811564,13
2811568,15
2811574,7
2811585,5
2811617,7
2811621,9
2811623,18
2811632,5
2811697,7
2811712,24
2811737,244
2811742,11
2811765,6
2811858,26
2811871,6
2811908,6
2811926,18
2811939,8
2812015,8
2812021,7
2812026,34
2812067,18
2812087,12
2812147,17
2812157,24
2812172,5
2812201,12
2812316,68
2812317,7
2812344,8
2812418,6
2812419,28
2812421,6
2812440,33
2812617,41
2812692,12
2812693,112
2812704,79
2812705,39
2812706,48
2812766,15
2812769,13
2812805,560
2812830,9
2812834,6
2812862,45
2812865,6
2812896,14
2812944,9
2812959,6
2812968,32
2812970,95
2813001,9
2813011,7
2813049,8
2813070,72
2813080,11
2813088,15
2813096,18
2813106,6
2813152,5
2813160,6
2813166,140
2813192,6
2813194,19
2813232,7
2813243,9
2813260,7
2813289,13
2813292,6
2813315,14
2813329,32
2813448,7
2813451,7
2813471,6
2813483,6
2813494,6
2813518,7
2813538,6
2813545,7
2813598,11
2813605,7
2813614,13
2813619,10
2813675,6
2813676,9
2813677,27
2813731,6
2813754,39
2813759,6
2813791,7
2813817,14
2813839,5
2813892,10
2813955,5
2813957,5
2813968,6
2813969,8
2813970,7
2813993,20
2814064,7
2814153,5
2814173,5
2814180,18
2814200,6
2814205,38
2814223,34
2814292,8
2814383,5
2814388,5
2814412,9
2814417,6
2814501,6
2814507,12
2814537,8
2814547,5
2814549,12
2814559,21
2814572,18
2814606,13
2814663,11
2814715,6
2814750,6
2814786,17
2814788,8
2814798,5
2814819,12
2814824,6
2814835,44
2814844,6
2814868,7
2814883,9
2814919,6
2814939,7
2814962,7
2815020,8
2815065,12
2815068,7
2815092,6
2815100,10
2815129,54
2815139,18
2815150,122
2815177,9
2815203,6
2815219,7
2815223,18
2815257,7
2815272,8
2815324,12
2815334,7
2815392,23
2815429,10
2815434,6
2815499,7
2815501,6
2815573,9
2815616,17
2815645,8
2815675,13
2815683,5
2815747,34
2815756,12
2815802,6
2815807,6
2815822,36
2815823,5
2815846,17
2815872,5
2815891,10
2815893,23
2815950,7
2815954,8
2815988,17
2816005,7
2816031,7
2816049,6
2816105,30
2816135,20
2816173,63
2816199,9
2816217,29
2816227,7
2816245,6
2816278,7
2816315,6
2816330,6
2816345,7
2816352,30
2816357,128
2816393,12
2816425,5
2816511,10
2816557,13
2816569,11
2816600,6
2816611,6
2816612,9
2816622,34
2816627,30
2816646,6
2816662,17
2816690,19
2816700,8
2816739,11
2816757,37
2816759,28
2816768,6
2816795,6
2816831,30
2816880,9
2816891,10
2816911,13
2816980,220
2816997,6
2817220,64
2817337,8
2817447,5
2817479,11
2817487,12
2817541,13
2817607,19
2817609,7
2817661,5
2817681,11
2817728,7
2817734,34
2817735,7
2817754,46
2817821,6
2817832,5
2817839,7
2817881,42
2817889,11
2817901,12
2817905,6
2817938,6
2818081,40
2818114,12
2818196,9
2818237,33
2818245,6
2818250,6
2818279,7
2818344,27
2818374,13
2818377,12
2818408,7
2818447,7
2818550,7
2818563,86
2818606,6
2818619,6
2818650,11
2818658,23
2818695,7
2818715,10
2818770,10
2818799,10
2818832,7
2818836,21
2818897,12
2818960,6
2818963,12
2819019,8
2819032,69
2819037,6
2819039,8
2819044,8
2819047,7
2819062,19
2819125,64
2819174,7
2819234,13
2819294,21
2819307,32
2819397,7
2819408,11
2819412,5
2819502,8
2819529,22
2819536,5
2819571,8
2819575,16
2819583,7
2819588,12
2819627,11
2819646,13
2819670,21
2819721,24
2819726,6
2819737,15
2819764,6
2819772,6
2819791,12
2819810,102
2819903,9
2819920,127
2819961,5
2819983,49
2820022,7
2820034,66
2820051,81
2820057,43
2820116,9
2820119,5
2820120,10
2820171,10
2820183,13
2820252,8
2820260,9
2820266,28
2820277,24
2820323,16
2820337,8
2820353,26
2820378,8
2820384,5
2820390,112
2820391,7
2820398,9
2820406,6
2820431,21
2820453,27
2820491,8
2820500,6
2820568,6
2820569,9
2820578,221
2820580,10
2820658,14
2820673,11
2820695,186
2820704,5
2820705,6
2820720,12
2820733,6
2820735,15
2820748,5
2820754,7
2820800,9
2820831,70
2820849,9
2820906,20
2820927,68
2820963,19
2820980,6
2820988,11
2820990,14
2821003,69
2821016,8
2821017,11
2821063,5
2821073,5
2821094,170
2821103,11
2821143,11
2821201,7
2821290,8
2821324,5
2821378,7
2821421,29
2821459,5
2821494,34
2821516,7
2821556,8
2821615,6
2821660,10
2821732,6
2821795,15
2821809,6
2821810,15
2821817,11
2821921,6
2821945,6
2821949,6
2822002,10
2822003,64
2822013,5
2822070,6
2822132,8
2822183,8
2822187,9
2822227,6
2822246,34
2822253,6
2822297,8
2822303,7
2822338,9
2822394,6
2822398,6
2822405,17
2822422,21
2822507,13
2822508,11
2822512,27
2822526,7
2822542,8
2822608,6
2822625,6
2822713,7
2822857,7
2822984,7
2822997,278
2822999,6
2823002,5
2823010,9
2823032,8
2823041,96
2823054,8
2823071,7
2823082,6
2823088,6
2823100,7
2823107,10
2823161,8
2823223,6
2823261,8
2823422,8
2823455,7
2823541,5
2823562,13
2823579,29
2823589,6
2823602,8
2823663,11
2823676,33
2823685,9
2823686,5
2823762,6
2823775,10
2823781,7
2823808,8
2823846,6
2823892,6
2823899,7
2823916,22
2823932,16
2823958,8
2823975,6
2824024,7
2824068,14
2824071,6
2824130,8
2824138,6
2824144,11
2824190,7
2824215,21
2824226,29
2824289,11
2824290,25
2824316,8
2824317,24
2824326,49
2824352,7
2824406,11
2824429,279
2824454,9
2824478,5
2824479,20
2824515,5
2824531,6
2824538,6
2824589,17
2824671,13
2824737,8
2824811,16
2824856,11
2824906,16
2824983,12
2824992,10
2825138,7
2825153,15
2825168,6
2825197,9
2825216,14
2825255,10
2825263,8
2825297,38
2825305,33
2825307,5
2825338,9
2825396,6
2825508,5
2825522,21
2825531,5
2825629,13
2825658,6
2825694,41
2825703,11
2825739,7
2825759,6
2825761,11
2825806,7
2825847,5
2825893,24
2825894,14
2825897,7
2825958,21
2826006,9
2826033,8
2826120,7
2826132,5
2826269,6
2826276,41
2826287,26
2826380,5
2826385,18
2826539,6
2826552,8
2826581,10
2826591,9
2826638,16
2826641,12
2826660,7
2826674,7
2826717,6
2826759,26
2826762,6
2826773,11
2826788,7
2826891,12
2826897,13
2826934,16
2826960,19
2827035,8
2827041,11
2827061,20
2827063,7
2827066,97
2827096,11
2827115,12
2827116,7
2827121,10
2827130,8
2827164,10
2827174,31
2827213,345
2827235,9
2827246,156
2827359,6
2827390,12
2827398,8
2827472,292
2827490,8
2827502,8
2827602,6
2827717,7
2827743,6
2827746,17
2827750,24
2827756,6
2827766,10
2827847,8
2827886,6
2827916,28
2827917,29
2827923,11
2827929,8
2827989,11
2827993,6
2828014,6
2828086,11
2828090,9
2828115,117
2828131,11
2828156,12
2828158,12
2828163,7
2828250,8
2828269,17
2828317,5
2828362,9
2828448,17
2828484,63
2828492,20
2828493,8
2828494,12
2828504,6
2828521,7
2828540,5
2828666,5
2828762,39
2828763,8
2828895,13
2828900,10
2828943,37
2829005,5
2829017,53
2829021,7
2829064,10
2829075,5
2829109,6
2829181,314
2829206,7
2829240,6
2829252,34
2829308,8
2829316,16
2829327,13
2829372,8
2829379,25
2829386,27
2829387,6
2829389,16
2829407,5
2829425,8
2829432,5
2829438,48
2829550,5
2829575,22
2829649,6
2829711,11
2829744,6
2829765,8
2829805,7
2829814,18
2829828,9
2829847,11
2829894,5
2829929,33
2829933,15
2829959,7
2829963,5
2829970,12
2829986,12
2830016,5
2830125,7
2830136,6
2830138,26
2830184,10
2830216,23
2830231,7
2830273,6
2830345,8
2830346,7
2830356,92
2830359,7
2830404,6
2830423,13
2830498,284
2830507,9
2830594,6
2830603,11
2830611,5
2830631,5
2830653,25
2830658,6
2830674,31
2830675,9
2830685,6
2830706,8
2830715,7
2830716,24
2830740,7
2830763,6
2830828,96
2830919,8
2830960,20
2830963,5
2830964,11
2830981,9
2831012,15
2831059,5
2831061,104
2831074,6
2831120,13
2831122,10
2831137,11
2831143,8
2831184,5
2831185,6
2831198,6
2831201,10
2831213,6
2831291,40
2831295,6
2831301,16
2831303,5
2831326,5
2831334,6
2831351,28
2831390,6
2831399,7
2831406,7
2831410,8
2831429,12
2831451,74
2831454,191
2831456,6
2831461,113
2831476,14
2831486,6
2831492,16
2831493,8
2831551,6
2831569,11
2831583,14
2831599,8
2831611,25
2831645,7
2831658,32
2831791,243
2831810,36
2831859,15
2831924,8
2832084,5
2832088,37
2832113,13
2832124,31
2832151,8
2832165,23
2832282,7
2832298,7
2832343,13
2832357,37
2832374,12
2832444,6
2832454,15
2832459,10
2832485,24
2832532,13
2832539,8
2832554,391
2832558,26
2832706,7
2832722,12
2832759,14
2832798,23
2832801,15
2832868,13
2832922,7
2832936,9
2833083,11
2833086,9
2833100,39
2833108,24
2833125,17
2833150,14
2833224,14
2833230,6
2833310,12
2833314,11
2833362,11
2833435,21
2833438,17
2833482,6
2833497,9
2833525,8
2833533,8
2833542,10
2833604,16
2833610,7
2833621,9
2833692,9
2833716,8
2833723,5
2833732,82
2833749,10
2833779,7
2833820,6
2833828,8
2833899,8
2833919,7
2833940,9
2833974,8
2834094,9
2834110,7
2834118,9
2834125,6
2834131,5
2834132,12
2834186,9
2834194,31
2834209,6
2834213,32
2834225,9
2834266,5
2834267,6
2834302,8
2834307,8
2834344,15
2834368,6
2834463,7
2834496,7
2834511,17
2834539,19
2834559,7
2834610,6
2834612,8
2834653,23
2834663,12
2834738,8
2834749,8
2834777,17
2834783,9
2834802,8
2834868,8
2834880,24
2834881,6
2834949,8
2834960,8
2834997,1708
2835016,78
2835019,7
2835039,6
2835048,5
2835074,34
2835075,5
2835110,9
2835180,13
2835190,27
2835224,21
2835237,9
2835317,27
2835346,6
2835429,7
2835438,9
2835470,26
2835518,17
2835564,9
2835565,40
2835616,11
2835762,9
2835767,14
2835775,22
2835777,32
2835793,6
2835932,107
2836034,15
2836042,9
2836069,11
2836099,17
2836111,11
2836156,30
2836207,9
2836221,7
2836233,13
2836241,6
2836258,5
2836263,144
2836267,6
2836280,11
2836324,6
2836402,9
2836420,77
2836425,13
2836454,11
2836461,8
2836468,11
2836477,15
2836484,11
2836510,20
2836551,6
2836557,56
2836558,7
2836563,6
2836584,13
2836619,6
2836626,17
2836683,45
2836691,9
2836723,12
2836780,36
2836797,6
2836815,13
2836820,10
2836847,11
2836893,5
2836914,11
2836973,6
2836986,5
2836992,27
2837009,11
2837014,6
2837039,5
2837048,10
2837049,6
2837059,247
2837096,16
2837129,6
2837140,8
2837202,5
2837227,21
2837250,14
2837257,6
2837296,11
2837331,6
2837333,5
2837372,6
2837452,354
2837492,6
2837521,13
2837524,10
2837542,21
2837550,6
2837554,11
2837573,9
2837625,6
2837637,7
2837690,15
2837695,8
2837700,5
2837745,6
2837774,15
2837780,13
2837802,12
2837826,27
2837827,6
2837866,6
2837894,6
2837963,13
2837991,14
2838008,6
2838133,15
2838154,10
2838167,14
2838170,6
2838179,6
2838213,6
2838223,8
2838226,15
2838247,8
2838261,8
2838270,386
2838279,17
2838306,1335
2838340,5
2838347,6
2838356,6
2838408,8
2838422,6
2838446,18
2838481,15
2838547,12
2838563,14
2838625,7
2838647,6
2838720,17
2838729,11
2838785,9
2838800,5
2838801,12
2838806,7
2838818,10
2838928,14
2838946,6
2838966,7
2838983,5
2839035,8
2839054,349
2839078,7
2839095,40
2839112,19
2839124,9
2839161,15
2839176,8
2839213,21
2839244,18
2839294,6
2839317,48
2839498,13
2839517,10
2839571,8
2839575,14
2839586,7
2839592,12
2839593,163
2839594,13
2839606,6
2839636,11
2839695,324
2839848,7
2839864,11
2839905,36
2839907,6
2839940,17
2839945,7
2839946,5
2840005,7
2840020,105
2840032,16
2840096,133
2840123,15
2840163,5
2840177,9
2840206,35
2840210,9
2840231,34
2840241,6
2840298,10
2840316,7
2840357,5
2840385,23
2840400,8
2840401,11
2840428,22
2840450,6
2840455,8
2840474,13
2840482,8
2840511,67
2840557,10
2840559,6
2840603,14
2840633,8
2840660,6
2840697,25
2840700,6
2840714,10
2840740,178
2840789,57
2840801,9
2840842,15
2840855,5
2840886,7
2840912,14
2841057,13
2841072,8
2841083,6
2841196,12
2841215,8
2841237,7
2841270,21
2841358,5
2841377,8
2841388,5
2841407,11
2841465,11
2841481,44
2841498,9
2841508,34
2841515,7
2841525,11
2841576,8
2841579,9
2841586,15
2841611,28
2841616,9
2841665,6
2841674,427
2841675,31
2841689,14
2841701,9
2841713,10
2841727,12
2841746,9
2841751,8
2841773,18
2841789,6
2841817,11
2841818,48
2841844,13
2841885,12
2841893,13
2841901,19
2841927,65
2841940,6
2841948,28
2841999,7
2842021,18
2842045,23
2842047,18
2842064,6
2842130,29
2842141,6
2842145,15
2842178,13
2842184,7
2842204,9
2842255,30
2842260,11
2842261,11
2842262,5
2842263,463
2842289,5
2842293,10
2842307,7
2842309,6
2842334,11
2842387,8
2842407,5
2842521,6
2842550,8
2842578,139
2842587,8
2842652,33
2842653,12
2842699,11
2842712,11
2842725,9
2842733,25
2842755,10
2842781,9
2842787,5
2842858,16
2842958,9
2842967,6
2842973,6
2842978,32
2842996,17
2843052,20
2843088,8
2843089,10
2843092,102
2843099,12
2843104,7
2843125,6
2843147,7
2843157,10
2843230,132
2843264,14
2843273,20
2843318,7
2843330,175
2843338,7
2843346,40
2843360,35
2843423,8
2843426,7
2843455,279
2843472,9
2843481,21
2843492,8
2843493,13
2843504,18
2843515,14
2843524,17
2843560,16
2843622,15
2843623,35
2843661,8
2843691,6
2843692,7
2843716,12
2843779,7
2843784,7
2843793,10
2843795,7
2843858,6
2843878,9
2843891,6
2844012,9
2844037,6
2844096,7
2844137,11
2844183,11
2844234,151
2844237,13
2844241,6
2844249,12
2844280,8
2844298,10
2844389,6
2844437,14
2844465,11
2844471,6
2844503,6
2844515,6
2844547,41
2844552,13
2844559,25
2844564,31
2844583,16
2844599,14
2844615,7
2844628,9
2844681,5
2844743,8
2844757,9
2844761,6
2844814,49
2844816,10
2844953,6
2844967,6
2844988,6
2845039,25
2845056,6
2845079,10
2845095,6
2845190,5
2845279,13
2845318,27
2845357,18
2845398,11
2845427,38
2845520,633
2845526,8
2845866,20
2845872,5
2845880,6
2845959,7
2846050,6
2846156,19
2846164,7
2846176,7
2846184,8
2846267,40
2846273,138
2846387,5
2846398,13
2846405,13
2846567,7
2846609,9
2846610,7
2846686,7
2846687,24
2846701,9
2846713,252
2846726,8
2846738,8
2846826,8
2846892,6
2846896,5
2846917,51
2846953,11
2846993,6
2847013,15
2847022,31
2847035,5
2847087,8
2847179,5
2847216,9
2847249,9
2847288,9
2847338,8
2847368,5
2847396,10
2847442,5
2847456,8
2847468,10
2847485,5
2847576,7
2847587,7
2847605,36
2847655,9
2847679,15
2847747,8
2847801,6
2847820,10
2847822,57
2847847,21
2847869,28
2847926,24
2847930,5
2847942,7
2847959,7
2848072,16
2848083,9
2848086,21
2848187,6
2848264,5
2848314,6
2848357,8
2848369,7
2848379,14
2848399,68
2848456,22
2848492,14
2848500,13
2848504,10
2848522,10
2848546,11
2848566,21
2848642,73
2848659,6
2848662,6
2848680,9
2848742,6
2848781,1114
2848790,5
2848871,8
2848952,7
2848964,5
2848973,6
2848999,7
2849054,15
2849098,10
2849271,10
2849283,6
2849377,106
2849511,13
2849629,13
2849663,10
2849695,5
2849704,6
2849709,29
2849726,7
2849743,12
2849779,5
2849780,7
2849808,7
2849838,96
2849852,6
2849857,5
2849882,12
2849885,14
2849964,7
2850057,35
2850095,6
2850161,5
2850181,8
2850187,5
2850199,6
2850238,5
2850251,13
2850308,23
2850392,6
2850394,10
2850453,7
2850455,26
2850457,10
2850542,7
2850644,5
2850647,5
2850648,6
2850658,9
2850659,18
2850660,20
2850697,116
2850703,9
2850740,7
2850764,5
2850766,19
2850787,13
2850822,11
2850879,6
2850927,15
2850990,38
2851037,18
2851062,7
2851067,8
2851075,30
2851098,35
2851099,10
2851101,72
2851135,6
2851152,18
2851165,81
2851166,8
2851251,8
2851255,5
2851267,6
2851291,5
2851298,8
2851328,5
2851353,29
2851368,9
2851369,8
2851396,16
2851405,7
2851408,8
2851449,10
2851456,9
2851462,10
2851463,11
2851478,8
2851493,52
2851548,16
2851561,8
2851576,6
2851633,7
2851637,7
2851671,6
2851688,8
2851743,7
2851759,52
2851762,7
2851884,10
2851936,5
2851942,7
2851955,8
2851977,6
2852003,17
2852031,7
2852153,5
2852192,7
2852227,6
2852262,13
2852267,6
2852296,10
2852332,18
2852360,7
2852382,26
2852403,7
2852529,9
2852541,14
2852561,6
2852562,7
2852570,16
2852571,19
2852607,35
2852609,13
2852710,29
2852765,10
2852809,7
2852867,7
2852880,10
2852919,25
2852985,5
2853076,11
2853136,9
2853148,48
2853150,8
2853159,8
2853162,241
2853168,7
2853193,10
2853241,18
2853317,101
2853322,10
2853342,8
2853363,18
2853421,8
2853422,8
2853439,24
2853448,6
2853463,19
2853506,5
2853588,22
2853642,7
2853678,12
2853679,8
2853680,39
2853681,37
2853717,11
2853754,86
2853783,19
2853812,43
2853890,28
2853937,9
2853971,6
2854089,7
2854146,14
2854251,21
2854272,5
2854368,35
2854374,7
2854413,8
2854426,8
2854444,30
2854459,6
2854509,7
2854524,28
2854540,8
2854575,7
2854614,6
2854615,19
2854622,6
2854641,8
2854661,138
2854705,6
2854726,181
2854741,10
2854769,14
2854826,5
2854852,6
2854853,7
2854857,7
2854884,202
2854917,8
2854920,12
2854960,7
2854983,5
2855014,5
2855027,11
2855033,20
2855046,6
2855148,17
2855156,6
2855162,12
2855175,7
2855209,5
2855232,8
2855268,5
2855301,23
2855331,12
2855336,73
2855345,16
2855417,8
2855437,6
2855458,13
2855502,9
2855607,6
2855615,14
2855662,9
2855672,27
2855742,8
2855757,29
2855777,47
2855795,132
2855850,16
2855884,7
2855885,29
2855902,6
2855988,9
2856012,10
2856028,7
2856054,22
2856066,6
2856094,6
2856108,26
2856112,11
2856115,19
2856141,7
2856166,47
2856279,5
2856285,9
2856316,7
2856351,6
2856352,7
2856382,6
2856409,8
2856421,27
2856447,38
2856449,54
2856492,14
2856494,9
2856530,8
2856542,19
2856547,15
2856580,6
2856637,21
2856685,7
2856708,6
2856721,33
2856772,8
2856881,5
2856897,20
2857003,5
2857049,43
2857085,17
2857106,6
2857131,12
2857168,11
2857179,8
2857223,6
2857235,7
2857439,8
2857469,93
2857494,13
2857511,63
2857543,18
2857603,8
2857741,5
2857804,7
2857830,7
2857887,8
2857901,12
2857914,8
2857926,28
2857934,6
2857944,7
2857989,7
2858021,46
2858025,36
2858032,11
2858088,38
2858099,12
2858109,5
2858128,18
2858160,49
2858212,8
2858268,61
2858317,5
2858337,7
2858338,5
2858363,7
2858394,7
2858399,9
2858407,10
2858454,10
2858463,14
2858471,12
2858580,6
2858637,253
2858695,20
2858778,18
2858821,6
2858824,22
2858876,18
2858913,11
2858914,8
2858945,5
2858974,10
2859010,9
2859039,31
2859070,10
2859128,9
2859181,9
2859212,10
2859225,5
2859230,8
2859245,52
2859268,19
2859273,6
2859364,10
2859374,7
2859375,11
2859411,9
2859440,35
2859481,10
2859506,94
2859540,5
2859542,9
2859552,36
2859622,15
2859623,6
2859646,30
2859651,7
2859665,39
2859690,10
2859755,7
2859763,331
2859773,7
2859803,14
2859829,6
2859903,8
2859967,9
2859974,6
2859999,66
2860001,12
2860028,9
2860035,8
2860069,6
2860138,11
2860161,19
2860183,72
2860205,15
2860209,9
2860312,6
2860390,6
2860402,10
2860487,9
2860515,5
2860547,6
2860555,9
2860567,6
2860595,6
2860648,8
2860650,7
2860679,15
2860681,6
2860694,15
2860696,6
2860718,15
2860802,6
2860882,8
2860883,5
2860888,59
2860906,5
2860957,11
2860968,22
2860975,12
2860978,13
2861025,9
2861030,9
2861068,31
2861075,48
2861176,10
2861185,11
2861266,6
2861279,15
2861318,8
2861344,6
2861404,9
2861408,7
2861410,36
2861452,12
2861461,6
2861470,9
2861505,9
2861540,25
2861550,21
2861646,6
2861685,411
2861691,14
2861708,6
2861729,14
2861742,8
2861800,10
2861838,10
2861855,8
2861856,283
2861876,10
2861891,6
2861894,13
2861900,6
2861916,14
2861940,5
2862025,8
2862034,30
2862061,20
2862145,181
2862146,6
2862164,8
2862212,5
2862215,8
2862223,8
2862264,11
2862266,11
2862272,7
2862274,6
2862275,7
2862276,6
2862364,9
2862367,26
2862446,6
2862461,13
2862469,5
2862508,5
2862517,16
2862526,52
2862534,68
2862539,6
2862572,6
2862575,12
2862619,7
2862644,11
2862648,7
2862668,8
2862686,14
2862698,6
2862700,16
2862708,8
2862718,12
2862773,18
2862875,15
2862887,7
2862890,6
2862930,6
2862975,40
2862986,9
2863010,7
2863019,8
2863034,12
2863056,6
2863093,10
2863116,6
2863196,17
2863230,13
2863252,19
2863279,80
2863296,102
2863301,29
2863355,9
2863383,14
2863408,17
2863457,19
2863489,5
2863522,4355
2863531,5
2863559,9
2863579,8
2863589,6
2863616,23
2863618,110
2863622,17
2863671,41
2863744,16
2863769,17
2863788,60
2863834,29
2863951,8
2864015,5
2864041,20
2864084,22
2864140,6
2864148,203
2864185,15
2864191,6
2864235,6
2864250,6
2864329,10
2864352,24
2864391,29
2864431,8
2864450,10
2864451,9
2864459,10
2864460,54
2864469,57
2864474,9
2864527,6
2864583,6
2864590,7
2864612,7
2864615,5
2864616,10
2864633,6
2864638,9
2864660,14
2864661,6
2864689,7
2864714,6
2864737,8
2864797,5
2864851,7
2864930,6
2864937,17
2864971,5
2864997,6
2865070,9
2865071,8
2865073,19
2865105,5
2865173,8
2865174,17
2865209,30
2865226,8
2865251,8
2865306,34
2865327,6
2865365,16
2865371,6
2865381,8
2865382,60
2865390,21
2865419,6
2865420,6
2865440,31
2865447,12
2865509,9
2865598,5
2865606,10
2865704,37
2865727,18
2865734,6
2865741,7
2865771,8
2865778,8
2865807,7
2865847,39
2865883,41
2865889,14
2865931,6
2865935,31
2866012,23
2866054,7
2866069,6
2866170,10
2866195,7
2866201,46
2866250,9
2866270,5
2866271,7
2866287,15
2866319,10
2866382,10
2866383,5
2866394,11
2866431,5
2866434,107
2866493,7
2866502,73
2866528,20
2866604,6
2866636,6
2866666,6
2866696,7
2866721,52
2866742,8
2866758,10
2866919,208
2866942,23
2866953,5
2866994,12
2867009,5
2867037,8
2867049,20
2867055,8
2867149,9
2867161,10
2867179,542
2867200,11
2867226,8
2867244,51
2867265,19
2867270,40
2867273,7
2867338,10
2867387,55
2867444,18
2867496,267
2867541,13
2867543,5
2867583,12
2867614,14
2867618,8
2867625,9
2867744,8
2867745,6
2867835,31
2867890,7
2867903,12
2867952,22
2867953,29
2868032,15
2868040,6
2868101,51
2868102,50
2868220,8
2868225,18
2868265,73
2868305,9
2868319,7
2868363,11
2868387,16
2868397,11
2868411,15
2868467,5
2868473,17
2868538,7
2868565,7
2868623,105
2868679,5
2868688,6
2868702,7
2868722,5
2868740,7
2868795,8
2868803,10
2868804,11
2868827,6
2868846,11
2868869,5
2868876,6
2868888,16
2868893,863
2868919,9
2868946,26
2868952,11
2869004,10
2869012,16
2869013,16
2869042,14
2869065,6
2869099,11
2869122,7
2869128,6
2869137,6
2869141,14
2869143,52
2869181,13
2869182,27
2869234,25
2869252,6
2869267,108
2869318,11
2869339,7
2869377,21
2869419,7
2869439,26
2869460,6
2869503,7
2869569,46
2869638,6
2869723,5
2869752,9
2869764,6
2869774,20
2869788,6
2869794,24
2869797,10
2869802,8
2869814,9
2869826,6
2869877,8
2869879,7
2869884,8
2869901,5
2869903,28
2869945,5
2869974,12
2869981,9
2869997,6
2870000,9
2870054,9
2870060,9
2870064,6
2870078,6
2870107,6
2870132,7
2870141,28
2870164,7
2870183,5
2870217,7
2870218,7
2870229,6
2870285,11
2870286,10
2870287,16
2870290,15
2870328,10
2870331,10
2870334,10
2870433,9
2870434,5
2870463,12
2870477,10
2870488,7
2870490,6
2870505,7
2870511,6
2870520,14
2870522,11
2870649,16
2870650,9
2870651,8
2870714,8
2870777,6
2870838,11
2870839,12
2870862,11
2870884,89
2870894,8
2870909,9
2870910,6
2870926,5
2870974,6
2870981,15
2871005,10
2871008,7
2871052,5
2871132,18
2871143,6
2871172,8
2871194,7
2871203,9
2871245,6
2871250,6
2871265,7
2871270,6
2871272,34
2871310,10
2871330,18
2871393,118
2871408,6
2871434,6
2871452,23
2871539,10
2871554,9
2871557,20
2871612,12
2871655,6
2871656,16
2871703,30
2871718,7
2871844,51
2871875,9
2871886,7
2871930,9
2871956,8
2871999,6
2872002,5
2872067,12
2872076,10
2872080,14
2872094,15
2872101,8
2872125,8
2872161,26
2872186,6
2872235,10
2872260,161
2872293,7
2872304,7
2872323,38
2872331,21
2872346,22
2872422,8
2872448,303
2872463,6
2872500,16
2872520,10
2872567,8
2872570,12
2872629,11
2872638,8
2872649,13
2872666,11
2872670,53
2872701,81
2872704,10
2872721,35
2872860,5
2872871,9
2872926,10
2872996,6
2873079,8
2873096,6
2873105,7
2873137,5
2873224,43
2873233,8
2873277,20
2873303,12
2873329,6
2873372,6
2873416,45
2873430,11
2873436,7
2873472,5
2873500,23
2873509,10
2873565,12
2873578,7
2873585,31
2873586,8
2873664,7
2873738,31
2873789,14
2873836,11
2873838,8
2873894,10
2873919,18
2873942,9
2873970,23
2874003,480
2874009,6
2874035,5
2874040,6
2874137,11
2874181,5
2874189,9
2874210,12
2874221,12
2874274,6
2874308,10
2874346,44
2874360,6
2874387,8
2874453,6
2874476,9
2874508,40
2874533,7
2874542,6
2874557,9
2874614,12
2874693,7
2874770,12
2874777,6
2874787,17
2874793,10
2874809,68
2874867,7
2874889,9
2874940,6
2874975,6
2874990,7
2875011,12
2875018,19
2875021,9
2875025,10
2875032,15
2875041,12
2875069,5
2875109,47
2875227,14
2875232,8
2875244,9
2875297,7
2875327,6
2875334,7
2875374,11
2875403,15
2875440,14
2875479,7
2875488,11
2875492,13
2875525,5
2875534,6
2875541,6
2875581,33
2875584,9
2875626,11
2875685,8
2875725,6
2875785,10
2875854,11
2875869,9
2875908,5
2875931,10
2875970,18
2876008,28
2876033,6
2876109,7
2876127,18
2876159,5
2876177,6
2876188,7
2876254,5
2876263,10
2876295,11
2876296,7
2876333,259
2876341,15
2876359,11
2876391,27
2876424,11
2876511,6
2876579,5
2876620,17
2876733,6
2876746,176
2876751,6
2876859,8
2876892,8
2876939,5
2876974,9
2876976,17
2877022,24
2877061,7
2877075,11
2877085,12
2877102,7
2877105,29
2877120,7
2877149,11
2877184,6
2877190,17
2877191,346
2877318,58
2877330,399
2877356,30
2877360,6
2877366,9
2877456,9
2877482,598
2877498,11
2877502,21
2877513,8
2877554,10
2877556,27
2877603,6
2877649,26
2877671,8
2877676,17
2877677,25
2877748,53
2877772,13
2877830,5
2877839,58
2877840,10
2877855,21
2877878,9
2877890,6
2877905,11
2877963,6
2877973,6
2877995,26
2877998,18
2878022,5
2878031,5
2878033,19
2878052,8
2878159,8
2878182,6
2878208,13
2878225,62
2878274,8
2878275,5
2878284,12
2878313,5
2878405,14
2878413,35
2878414,6
2878416,6
2878424,8
2878455,19
2878496,40
2878513,23
2878533,7
2878536,5
2878621,6
2878681,147
2878689,14
2878733,5
2878753,6
2878791,12
2878804,8
2878830,12
2878845,10
2878856,35
2878869,29
2878924,7
2878934,6
2878971,9
2878988,12
2879014,7
2879016,8
2879122,9
2879240,6
2879246,22
2879257,6
2879328,8
2879331,14
2879347,5
2879348,9
2879392,8
2879459,5
2879481,12
2879488,7
2879501,20
2879505,13
2879511,15
2879524,13
2879575,7
2879582,10
2879616,8
2879633,6
2879779,6
2879822,10
2879836,46
2879884,6
2879888,20
2879957,26
2879967,8
2880053,18
2880055,18
2880060,177
2880147,7
2880274,34
2880283,8
2880315,14
2880319,7
2880375,6
2880381,10
2880382,15
2880408,6
2880458,8
2880487,70
2880545,6
2880561,11
2880577,8
2880593,6
2880612,6
2880625,21
2880679,5
2880706,9
2880753,34
2880768,9
2880799,25
2880817,6
2880846,6
2880866,10
2880901,49
2880902,7
2880919,6
2880926,6
2881004,8
2881036,47
2881044,5
2881067,11
2881164,7
2881172,13
2881201,8
2881218,13
2881242,19
2881245,6
2881272,53
2881278,7
2881288,16
2881298,6
2881301,26
2881302,10
2881335,6
2881360,8
2881368,11
2881418,7
2881422,6
2881430,12
2881449,6
2881469,6
2881570,6
2881588,5
2881592,14
2881594,11
2881628,60
2881650,6
2881743,5
2881757,8
2881838,63
2881927,8
2881932,7
2881983,10
2882023,8
2882031,5
2882062,6
2882071,5
2882080,79
2882143,9
2882182,18
2882197,10
2882284,15
2882291,70
2882329,6
2882386,12
2882426,5
2882434,10
2882448,9
2882453,29
2882504,9
2882641,16
2882654,6
2882659,10
2882689,7
2882690,5
2882702,9
2882722,107
2882810,626
2882846,9
2882911,8
2882987,16
2883010,7
2883047,65
2883121,9
2883127,36
2883141,7
2883222,19
2883235,9
2883263,13
2883302,17
2883313,13
2883333,11
2883337,6
2883351,82
2883357,9
2883372,19
2883406,11
2883420,13
2883421,40
2883434,44
2883467,25
2883539,6
2883554,50
2883566,10
2883600,48
2883611,10
2883615,12
2883635,5
2883649,7
2883660,10
2883682,7
2883690,14
2883715,7
2883722,60
2883771,44
2883802,7
2883812,6
2883910,55
2883926,9
2883973,24
2883974,79
2883992,16
2884000,7
2884034,7
2884035,2572
2884048,6
2884087,5
2884096,6
2884160,6
2884267,8
2884272,93
2884297,25
2884298,14
2884352,14
2884407,10
2884530,19
2884565,7
2884608,31
2884628,13
2884668,11
2884695,6
2884737,7
2884775,5
2884777,590
2884807,7
2884816,24
2884817,12
2884832,17
2884851,8
2884878,5
2884879,9
2884927,12
2884956,25
2884968,29
2885054,11
2885073,101
2885106,21
2885108,149
2885160,6
2885162,8
2885163,10
2885171,6
2885208,5
2885213,10
2885222,5
2885263,19
2885265,28
2885272,173
2885293,6
2885300,5
2885327,16
2885328,6
2885411,7
2885419,8
2885441,6
2885525,12
2885649,7
2885691,5
2885716,10
2885721,11
2885736,235
2885770,7
2885771,6
2885807,28
2885837,10
2885854,9
2885876,10
2885889,11
2885902,12
2885913,7
2885949,6
2886014,6
2886040,8
2886079,6
2886154,5
2886171,9
2886188,9
2886193,12
2886204,7
2886215,5
2886315,9
2886332,55
2886349,14
2886401,57
2886418,6
2886430,25
2886438,6
2886452,8
2886487,9
2886524,19
2886581,6
2886669,11
2886710,8
2886738,10
2886742,13
2886747,7
2886767,9
2886770,6
2886779,42
2886780,9
2886806,10
2886823,5
2886840,20
2887011,6
2887024,8
2887030,11
2887069,7
2887073,8
2887165,5
2887199,7
2887223,6
2887242,9
2887276,6
2887278,5
2887328,11
2887336,6
2887337,7
2887344,11
2887362,15
2887380,20
2887428,8
2887443,18
2887479,7
2887505,7
2887531,12
2887547,6
2887549,6
2887551,178
2887586,7
2887614,9
2887636,15
2887657,12
2887686,7
2887697,35
2887698,9
2887724,6
2887725,33
2887729,5
2887747,8
2887903,14
2887973,7
2888022,9
2888058,6
2888065,9
2888155,11
2888160,34
2888188,9
2888199,11
2888202,7
2888248,21
2888262,13
2888289,6
2888292,7
2888308,6
2888314,9
2888331,7
2888343,7
2888344,17
2888392,9
2888393,20
2888423,5
2888457,49
2888509,6
2888521,9
2888523,5
2888537,9
2888554,9
2888586,22
2888591,8
2888597,9
2888647,6
2888689,5
2888731,6
2888826,7
2888834,10
2888842,10
2888879,26
2888900,12
2888957,7
2888972,14
2889099,19
2889120,9
2889149,11
2889178,10
2889217,80
2889227,6
2889234,8
2889240,7
2889253,14
2889269,25
2889272,6
2889281,5
2889294,6
2889304,7
2889365,23
2889440,7
2889456,6
2889463,25
2889468,16
2889490,6
2889494,8
2889509,7
2889548,15
2889602,5
2889659,10
2889666,6
2889670,6
2889674,10
2889742,9
2889776,6
2889793,7
2889803,24
2889826,7
2889904,9
2889917,8
2889929,8
2889930,14
2890027,26
2890046,19
2890056,7
2890063,5
2890076,7
2890091,19
2890107,7
2890114,13
2890130,8
2890145,6
2890176,6
2890201,6
2890261,7
2890274,6
2890285,11
2890311,13
2890404,5
2890414,5
2890419,7
2890422,35
2890437,19
2890459,11
2890514,6
2890519,24
2890622,5
2890640,18
2890669,6
2890688,6
2890714,12
2890722,8
2890723,78
2890730,14
2890735,10
2890762,11
2890771,8
2890778,23
2890781,82
2890816,57
2890857,7
2890862,6
2890875,24
2890897,7
2890898,6
2890903,6
2890906,8
2890918,6
2890953,8
2891009,6
2891041,6
2891073,6
2891077,8
2891101,9
2891137,6
2891159,6
2891193,75
2891288,6
2891365,7
2891400,9
2891403,5
2891412,7
2891433,6
2891475,16
2891649,7
2891702,39
2891713,58
2891718,17
2891749,34
2891750,6
2891756,6
2891776,5
2891822,7
2891837,11
2891884,6
2891890,22
2891952,8
2891973,234
2891987,13
2891995,19
2891996,12
2892030,6
2892070,9
2892159,8
2892164,10
2892187,550
2892201,8
2892260,10
2892262,6
2892267,6
2892274,79
2892314,9
2892336,9
2892339,11
2892341,9
2892389,16
2892399,10
2892444,9
2892448,8
2892460,26
2892476,9
2892483,16
2892510,12
2892551,6
2892578,5
2892598,24
2892640,7
2892658,10
2892684,5
2892712,7
2892715,16
2892841,14
2892860,6
2892870,13
2892895,7
2892918,12
2892942,38
2893020,5
2893044,6
2893093,12
2893174,7
2893186,15
2893284,12
2893360,33
2893447,14
2893453,8
2893464,11
2893465,5
2893466,16
2893470,10
2893471,20
2893505,8
2893543,8
2893569,16
2893615,10
2893622,6
2893623,19
2893643,6
2893657,5
2893666,12
2893719,6
2893720,9
2893721,7
2893802,320
2893820,13
2893852,12
2893855,7
2893870,9
2893912,10
2893930,6
2893951,23
2893998,16
2894018,10
2894087,85
2894096,22
2894176,14
2894180,20
2894183,23
2894225,9
2894230,10
2894258,15
2894260,5
2894290,7
2894308,73
2894348,7
2894415,12
2894483,23
2894492,5
2894588,27
2894624,8
2894650,13
2894674,7
2894704,23
2894706,7
2894707,9
2894724,78
2894727,9
2894780,31
2894803,7
2894822,15
2894843,22
2894956,17
2895018,7
2895035,5
2895047,8
2895116,12
2895121,5
2895137,555
2895146,7
2895171,27
2895199,8
2895217,8
2895252,9
2895254,6
2895282,5
2895297,6
2895403,8
2895418,52
2895445,7
2895447,18
2895453,15
2895492,5
2895496,9
2895526,6
2895588,7
2895591,13
2895631,9
2895677,31
2895707,6
2895793,8
2895807,5
2895821,11
2895854,29
2895903,11
2895906,10
2895909,6
2895913,15
2895949,33
2895982,21
2895995,20
2896039,11
2896055,16
2896066,12
2896102,7
2896206,36
2896261,53
2896298,20
2896321,8
2896362,28
2896363,19
2896371,16
2896402,7
2896448,409
2896481,6
2896492,89
2896506,28
2896528,53
2896601,13
2896611,5
2896748,32
2896795,7
2896840,35
2896885,34
2897015,12
2897031,16
2897071,10
2897090,6
2897106,57
2897108,38
2897187,6
2897190,8
2897204,14
2897206,5
2897248,7
2897251,6
2897262,6
2897273,26
2897374,8
2897466,19
2897478,8
2897541,66
2897618,8
2897619,6
2897707,12
2897715,7
2897745,10
2897762,475
2897899,7
2897900,7
2897911,7
2897912,10
2898006,19
2898022,6
2898039,10
2898055,81
2898079,6
2898105,13
2898106,13
2898112,96
2898118,8
2898121,13
2898125,10
2898137,19
2898142,15
2898306,6
2898320,6
2898333,10
2898343,8
2898377,14
2898402,7
2898403,12
2898412,5
2898429,5
2898482,15
2898504,5
2898519,76
2898553,181
2898558,6
2898576,5
2898635,13
2898645,16
2898671,7
2898682,13
2898722,9
2898736,134
2898777,13
2898801,40
2898813,6
2898871,6
2898872,24
2898874,1264
2898897,6
2898901,8
2898945,8
2898948,6
2898959,11
2898971,12
2898981,25
2898982,16
2899008,8
2899024,8
2899036,6
2899039,9
2899058,27
2899081,51
2899093,16
2899114,6
2899140,55
2899150,14
2899177,238
2899192,7
2899225,26
2899232,13
2899295,5
2899315,7
2899338,42
2899354,14
2899499,20
2899504,8
2899552,6
2899567,513
2899601,13
2899613,11
2899644,11
2899658,6
2899702,125
2899714,10
2899715,64
2899746,7
2899798,8
2899854,11
2899929,17
2900005,6
2900057,6
2900059,11
2900062,6
2900069,8
2900074,11
2900079,334
2900087,7
2900144,24
2900250,7
2900277,6
2900310,8
2900349,44
2900424,6
2900458,34
2900486,44
2900504,10
2900516,7
2900517,56
2900529,16
2900559,88
2900573,5
2900686,28
2900757,7
2900761,15
2900802,6
2900822,11
2900834,40
2900839,8
2900916,7
2900918,7
2900928,42
2900939,56
2900951,19
2901069,15
2901217,6
2901252,15
2901332,5
2901362,14
2901405,9
2901408,12
2901439,6
2901493,10
2901522,10
2901594,9
2901608,6
2901618,7
2901653,14
2901658,8
2901694,8
2901710,7
2901770,23
2901870,33
2901925,7
2901950,7
2901974,60
2902048,55
2902055,192
2902078,7
2902149,5
2902181,18
2902275,9
2902286,15
2902301,6
2902385,7
2902451,48
2902615,64
2902621,9
2902641,11
2902662,6
2902687,27
2902710,7
2902713,8
2902764,15
2902790,7
2902830,6
2902872,14
2902886,16
2902951,77
2902956,23
2902998,5
2902999,6
2903006,39
2903007,93
2903054,6
2903091,11
2903151,8
2903159,7
2903160,52
2903169,15
2903186,23
2903205,5
2903223,38
2903235,16
2903248,5
2903252,8
2903283,17
2903327,7
2903329,22
2903335,12
2903374,14
2903376,42
2903436,21
2903438,11
2903454,6
2903469,7
2903497,6
2903566,5
2903570,5
2903596,6
2903652,6
2903675,6
2903679,49
2903720,38
2903767,9
2903778,35
2903782,52
2903830,6
2903888,24
2903898,10
2903914,5
2903925,8
2904003,14
2904169,13
2904192,17
2904210,7
2904258,6
2904297,24
2904330,7
2904331,8
2904346,9
2904357,6
2904371,9
2904372,11
2904393,8
2904438,13
2904478,16
2904498,33
2904519,6
2904529,9
2904556,5
2904572,7
2904603,6
2904635,6
2904637,7
2904647,28
2904756,7
2904765,226
2904773,9
2904778,6
2904808,28
2904841,6
2904917,25
2904919,34
2904941,22
2905031,34
2905035,13
2905048,8
2905078,11
2905188,6
2905228,7
2905241,10
2905252,12
2905271,8
2905277,6
2905320,6
2905394,10
2905417,6
2905437,10
2905442,6
2905450,9
2905471,7
2905477,5
2905510,5
2905517,8
2905522,7
2905550,7
2905552,15
2905585,8
2905593,6
2905675,6
2905692,22
2905694,15
2905759,6
2905773,7
2905794,10
2905803,6
2905826,8
2905828,7
2905883,6
2905903,24
2905949,7
2905955,7
2905966,8
2906031,13
2906036,6
2906039,5
2906050,5
2906054,10
2906071,17
2906078,47
2906151,7
2906167,6
2906191,23
2906202,9
2906215,7
2906237,6
2906249,21
2906263,25
2906283,27
2906287,18
2906335,27
2906347,22
2906463,5
2906483,9
2906508,16
2906602,6
2906622,8
2906642,6
2906696,5
2906718,16
2906721,5
2906736,13
2906777,8
2906812,11
2906832,11
2906852,32
2906912,16
2906944,117
2906945,5
2907010,6
2907012,40
2907073,14
2907091,13
2907141,6
2907184,112
2907281,6
2907305,6
2907336,36
2907353,5
2907361,6
2907366,11
2907371,14
2907411,17
2907412,6
2907432,12
2907440,7
2907491,5
2907492,9
2907589,6
2907627,54
2907655,9
2907673,7
2907722,7
2907736,9
2907815,6
2907923,24
2907953,5
2907961,7
2907965,9
2907970,14
2907994,7
2908068,13
2908070,9
2908097,8
2908102,7
2908105,17
2908106,15
2908113,12
2908122,17
2908147,9
2908169,6
2908268,7
2908285,7
2908308,14
2908310,7
2908317,77
2908361,6
2908407,7
2908458,7
2908465,30
2908469,6
2908516,5
2908556,36
2908581,9
2908640,6
2908670,20
2908795,5
2908808,6
2908811,130
2908840,7
2908843,28
2908908,6
2908910,88
2908954,5
2908959,7
2909044,9
2909068,12
2909088,17
2909105,19
2909145,11
2909201,6
2909268,16
2909291,6
2909299,1740
2909336,23
2909360,8
2909415,8
2909429,25
2909461,99
2909470,14
2909471,7
2909507,5
2909539,6
2909682,7
2909694,9
2909718,17
2909749,9
2909753,7
2909815,8
2909833,14
2909840,7
2909843,9
2909878,10
2909912,7
2909921,7
2909956,8
2909963,20
2909996,102
2909998,75
2910005,6
2910013,9
2910067,7
2910070,19
2910107,27
2910116,27
2910123,12
2910153,20
2910154,6
2910279,22
2910286,7
2910287,7
2910331,5
2910354,5
2910375,6
2910384,23
2910415,12
2910509,6
2910515,8
2910559,9
2910629,12
2910639,5
2910679,6
2910697,6
2910710,8
2910755,14
2910774,9
2910780,6
2910794,14
2910804,17
2910822,29
2910920,10
2910928,7
2910942,15
2911008,12
2911060,5
2911119,6
2911130,13
2911145,21
2911173,9
2911181,8
2911188,22
2911219,6
2911273,16
2911292,12
2911334,15
2911358,6
2911392,10
2911442,60
2911605,12
2911638,26
2911706,14
2911736,12
2911747,8
2911753,7
2911812,6
2911831,6
2911914,6
2911970,15
2911988,10
2912047,10
2912072,37
2912090,16
2912123,23
2912147,12
2912148,7
2912166,10
2912167,10
2912175,22
2912195,6
2912255,13
2912323,9
2912338,15
2912340,11
2912349,25
2912389,18
2912392,16
2912497,15
2912545,8
2912554,48
2912562,6
2912599,25
2912627,8
2912676,17
2912696,7
2912699,6
2912704,14
2912716,7
2912866,72
2912880,6
2912924,15
2912957,41
2912963,12
2913007,17
2913023,14
2913057,21
2913112,5
2913154,44
2913294,32
2913318,14
2913365,8
2913420,16
2913475,20
2913495,8
2913533,14
2913565,7
2913581,9
2913590,6
2913640,6
2913659,7
2913778,6
2913800,5
2913823,47
2913834,19
2913891,11
2913918,11
2913947,6
2913950,13
2913956,12
2913984,68
2914045,8
2914113,6
2914160,16
2914209,116
2914236,8
2914244,83
2914275,12
2914281,6
2914329,7
2914343,37
2914361,6
2914369,6
2914397,41
2914465,9
2914499,9
2914500,14
2914505,12
2914522,5
2914524,62
2914603,5
2914606,13
2914669,16
2914694,6
2914734,37
2914781,5
2914816,30
2914821,7
2914838,24
2914862,17
2914918,6
2914947,6
2914980,6
2914991,9
2915014,5
2915025,6
2915056,78
2915157,6
2915168,9
2915179,13
2915199,7
2915200,20
2915215,29
2915318,11
2915370,13
2915407,6
2915417,14
2915464,6
2915535,14
2915557,13
2915567,13
2915577,5
2915585,14
2915642,10
2915663,7
2915677,6
2915698,7
2915733,8
2915773,17
2915789,6
2915807,31
2915831,13
2915833,6
2915846,10
2915892,20
2915897,14
2915919,14
2916038,87
2916041,20
2916071,293
2916077,16
2916091,5
2916104,16
2916112,8
2916125,7
2916134,6
2916178,11
2916193,8
2916219,18
2916263,22
2916285,33
2916298,23
2916332,5
2916381,19
2916395,6
2916422,10
2916475,17
2916498,7
2916505,7
2916543,7
2916660,21
2916675,7
2916737,6
2916828,6
2916839,26
2916889,7
2916900,5
2916904,183
2916923,11
2916947,6
2916951,45
2916953,6
2916968,32
2916996,7
2917001,6
2917004,10
2917059,5
2917073,6
2917090,5
2917100,5
2917115,11
2917171,7
2917187,5
2917234,5
2917261,5
2917287,7
2917316,15
2917345,6
2917405,6
2917429,5
2917488,23
2917510,11
2917511,58
2917513,8
2917539,9
2917562,9
2917617,5
2917623,6
2917664,6
2917680,65
2917695,12
2917705,44
2917723,5
2917736,7
2917742,12
2917743,15
2917758,5
2917769,25
2917819,7
2917864,6
2917880,21
2917888,17
2917905,18
2917941,6
2917967,5
2917971,22
2917989,15
2918013,24
2918040,17
2918061,7
2918093,17
2918111,15
2918123,40
2918149,8
2918181,7
2918203,9
2918227,7
2918250,6
2918291,9
2918316,191
2918326,11
2918346,13
2918360,8
2918447,7
2918538,12
2918544,97
2918595,6
2918625,79
2918664,12
2918668,29
2918687,14
2918699,7
2918700,11
2918748,13
2918768,8
2918860,27
2918865,5
2918868,7
2918894,49
2918911,6
2918933,6
2918947,9
2918963,7
2919000,6
2919046,8
2919058,7
2919079,48
2919097,9
2919098,7
2919107,5
2919172,9
2919263,6
2919264,7
2919265,12
2919284,9
2919290,20
2919317,9
2919328,8
2919333,7
2919420,18
2919440,7
2919452,46
2919529,13
2919546,45
2919583,24
2919597,17
2919612,15
2919657,101
2919678,23
2919720,15
2919752,42
2919754,7
2919816,6
2919827,43
2919829,6
2919844,9
2919851,5
2919875,8
2919879,26
2919913,12
2919970,5
2919985,790
2919991,8
2920071,15
2920178,29
2920191,7
2920245,7
2920246,5
2920263,6
2920294,7
2920295,12
2920351,10
2920367,16
2920399,6
2920418,8
2920423,43
2920450,26
2920518,131
2920559,11
2920633,183
2920857,11
2920873,8
2920883,22
2920897,23
2920908,497
2920914,7
2920976,7
2921027,8
2921048,6
2921053,31
2921058,11
2921061,8
2921175,6
2921199,11
2921217,10
2921234,11
2921246,5
2921250,6
2921257,6
2921258,15
2921297,11
2921307,6
2921313,76
2921384,6
2921398,14
2921436,27
2921453,22
2921479,10
2921500,11
2921501,13
2921513,17
2921520,18
2921587,158
2921588,5
2921632,26
2921651,6
2921749,8
2921776,7
2921843,22
2921844,8
2921846,6
2921871,6
2921903,6
2921910,5
2921922,5
2921929,5
2921933,6
2921952,12
2921953,8
2921971,10
2922002,22
2922008,19
2922021,9
2922069,18
2922071,7
2922090,32
2922172,6
2922228,22
2922231,11
2922280,63
2922283,24
2922348,12
2922427,22
2922484,812
2922512,7
2922573,5
2922601,7
2922624,8
2922646,46
2922652,7
2922696,150
2922729,7
2922732,11
2922765,33
2922768,8
2922801,6
2922817,89
2922906,148
2922932,7
2922950,6
2923004,37
2923034,8
2923075,9
2923152,26
2923165,11
2923184,5
2923193,49
2923274,6
2923285,7
2923289,16
2923290,7
2923328,26
2923331,7
2923401,22
2923447,7
2923508,7
2923518,16
2923525,9
2923530,7
2923555,18
2923620,10
2923661,20
2923673,7
2923677,11
2923685,13
2923687,11
2923765,60
2923775,6
2923776,5
2923777,9
2923795,7
2923806,9
2923817,7
2923829,25
2923848,24
2923885,93
2923933,8
2923968,6
2923972,16
2923993,20
2923998,7
2924100,6
2924122,6
2924126,15
2924128,171
2924173,14
2924194,8
2924197,15
2924264,6
2924265,12
2924378,5
2924395,10
2924425,9
2924439,7
2924470,16
2924471,16
2924488,10
2924582,11
2924603,152
2924644,14
2924695,9
2924710,11
2924733,114
2924755,33
2924779,12
2924869,8
2924876,6
2924891,5
2924892,35
2924900,6
2924940,7
2925024,27
2925046,9
2925109,310
2925119,8
2925180,6
2925213,7
2925224,12
2925296,29
2925309,8
2925318,13
2925324,22
2925338,8
2925362,6
2925430,5
2925469,10
2925508,24
2925550,15
2925600,8
2925604,9
2925614,31
2925632,43
2925642,11
2925651,5
2925761,6
2925768,6
2925795,8
2925798,5
2925801,5
2925826,7
2925838,7
2925855,10
2925866,7
2925979,89
2925981,21
2925982,12
2926002,10
2926037,21
2926064,13
2926086,8
2926093,18
2926105,10
2926165,25
2926231,7
2926243,29
2926266,14
2926313,486
2926378,35
2926380,12
2926401,8
2926418,5
2926425,22
2926426,10
2926472,112
2926522,7
2926569,23
2926642,6
2926672,13
2926762,21
2926865,5
2926890,14
2926937,14
2926970,11
2926983,9
2927017,6
2927034,10
2927073,14
2927099,16
2927104,15
2927115,11
2927131,9
2927154,9
2927251,7
2927304,12
2927361,28
2927429,35
2927467,8
2927499,6
2927533,8
2927546,8
2927574,36
2927649,7
2927652,5
2927715,26
2927745,15
2927753,6
2927805,17
2927815,8
2927855,31
2927879,64
2927955,6
2927972,13
2927973,8
2927974,23
2928000,16
2928008,855
2928033,13
2928137,22
2928165,6
2928198,14
2928213,33
2928225,7
2928247,13
2928248,15
2928251,6
2928353,21
2928356,14
2928360,12
2928379,7
2928390,8
2928395,6
2928412,7
2928413,8
2928418,8
2928457,14
2928458,9
2928494,7
2928511,122
2928544,22
2928587,25
2928608,7
2928638,8
2928659,5
2928714,6
2928761,8
2928802,39
2928851,18
2928933,9
2928974,7
2928986,8
2928991,19
2929020,10
2929053,6
2929055,6
2929096,146
2929148,13
2929152,6
2929165,10
2929167,201
2929188,33
2929215,9
2929240,5
2929249,9
2929251,9
2929252,5
2929257,10
2929262,31
2929301,6
2929326,6
2929328,197
2929365,20
2929400,7
2929404,6
2929408,5
2929414,10
2929454,7
2929464,7
2929484,36
2929501,13
2929513,24
2929562,7
2929572,12
2929591,119
2929603,5
2929607,7
2929627,6
2929681,16
2929722,6
2929745,11
2929804,6
2929837,11
2929856,22
2929857,15
2929867,72
2929883,7
2929891,16
2929898,18
2929907,6
2929929,6
2929934,9
2929944,6
2929969,9
2929977,6
2930036,26
2930074,10
2930075,8
2930089,71
2930120,33
2930150,7
2930159,17
2930160,7
2930163,8
2930201,13
2930235,18
2930241,98
2930271,16
2930278,15
2930336,13
2930370,8
2930377,23
2930386,21
2930419,14
2930555,6
2930558,19
2930578,6
2930602,8
2930631,9
2930632,8
2930662,945
2930688,5
2930736,7
2930766,14
2930775,9
2930802,7
2930877,7
2930878,8
2930900,5
2930953,15
2931040,114
2931046,5
2931058,6
2931069,6
2931084,43
2931092,11
2931125,11
2931166,6
2931177,6
2931218,9
2931244,6
2931248,15
2931260,6
2931365,10
2931390,86
2931397,7
2931472,8
2931519,7
2931541,19
2931636,7
2931655,7
2931665,9
2931668,28
2931685,7
2931713,9
2931755,9
2931759,20
2931820,9
2931851,14
2931853,8
2931881,7
2931887,11
2931908,32
2931917,5
2931925,9
2932031,10
2932066,5
2932073,7
2932161,12
2932165,13
2932189,6
2932201,35
2932210,6
2932247,90
2932253,11
2932256,5
2932272,11
2932273,6
2932351,6
2932397,8
2932405,18
2932407,11
2932452,16
2932530,8
2932549,6
2932594,50
2932670,6
2932678,12
2932683,9
2932723,7
2932746,13
2932821,6
2932824,7
2932833,6
2932912,9
2932926,7
2932928,13
2933002,58
2933011,9
2933012,13
2933160,6
2933173,6
2933211,13
2933251,13
2933375,10
2933396,10
2933405,6
2933410,8
2933414,19
2933491,8
2933514,8
2933527,8
2933543,6
2933617,5
2933618,8
2933626,7
2933653,71
2933718,17
2933724,5
2933784,8
2933818,9
2933832,11
2933898,11
2933998,13
2934003,7
2934019,44
2934038,6
2934056,9
2934099,103
2934104,43
2934152,32
2934217,8
2934265,18
2934280,10
2934288,7
2934298,6
2934311,15
2934334,28
2934342,14
2934366,10
2934372,6
2934389,22
2934418,23
2934465,6
2934496,40
2934516,5
2934526,8
2934531,10
2934532,20
2934550,8
2934551,532
2934555,10
2934624,7
2934642,14
2934654,6
2934698,6
2934702,10
2934729,6
2934735,17
2934803,9
2934805,115
2934829,7
2934854,6
2934885,9
2934886,9
2934897,6
2934909,7
2934914,15
2934946,367
2935003,12
2935053,20
2935091,8
2935111,8
2935149,13
2935175,64
2935281,37
2935289,6
2935310,65
2935322,6
2935346,6
2935413,7
2935417,14
2935433,12
2935467,18
2935482,7
2935544,225
2935623,52
2935651,12
2935674,14
2935694,11
2935741,6
2935780,5
2935792,9
2935799,8
2935803,9
2935834,7
2935851,9
2935871,23
2935893,46
2935898,816
2935973,7
2935998,5
2936052,8
2936053,6
2936089,12
2936102,12
2936122,6
2936124,14
2936218,73
2936219,9
2936242,6
2936245,64
2936272,5
2936296,11
2936304,16
2936325,7
2936354,9
2936364,5
2936372,9
2936394,8
2936435,6
2936463,5
2936482,6
2936508,10
2936606,7
2936615,10
2936660,74
2936703,5
2936708,98
2936733,5
2936744,10
2936749,7
2936768,14
2936773,8
2936786,13
2936806,9
2936872,28
2936907,14
2936917,348
2936930,5
2936999,16
2937037,7
2937066,8
2937102,6
2937120,48
2937348,6
2937366,7
2937401,7
2937456,45
2937468,14
2937476,8
2937525,7
2937537,97
2937723,15
2937734,10
2937781,6
2937803,6
2937840,23
2937850,10
2937870,6
2937899,7
2937913,7
2937969,69
2937972,32
2938030,6
2938065,20
2938138,6
2938180,15
2938189,10
2938256,29
2938278,7
2938393,6
2938395,10
2938404,9
2938457,10
2938463,9
2938470,8
2938522,9
2938530,5
2938561,6
2938600,10
2938612,5
2938621,6
2938624,33
2938630,10
2938658,5
2938718,10
2938721,13
2938753,8
2938768,6
2938774,14
2938787,9
2938788,12
2938789,23
2938790,6
2938808,20
2938833,6
2938847,6
2938865,9
2938871,10
2938943,10
2939014,41
2939015,6
2939041,9
2939102,6
2939131,14
2939175,6
2939205,11
2939219,7
2939274,28
2939293,9
2939308,82
2939349,24
2939368,5
2939384,9
2939398,40
2939413,8
2939450,6
2939455,6
2939485,6
2939514,24
2939527,16
2939596,8
2939647,24
2939677,6
2939695,9
2939723,6
2939736,11
2939785,8
2939887,7
2939904,7
2939938,1025
2939981,7
2940014,8
2940101,9
2940136,10
2940148,7
2940163,8
2940180,7
2940220,12
2940284,8
2940287,203
2940292,12
2940359,16
2940414,12
2940431,34
2940447,6
2940448,25
2940453,13
2940497,7
2940526,5
2940625,6
2940626,31
2940631,7
2940641,6
2940646,17
2940659,11
2940709,30
2940737,8
2940763,6
2940765,8
2940783,57
2940816,16
2940821,8
2940832,11
2940836,10
2940837,8
2940844,5
2940876,16
2940908,36
2940918,13
2940937,12
2940959,18
2940967,38
2940972,12
2940992,7
2940997,12
2941004,6
2941048,13
2941171,6
2941208,13
2941226,8
2941272,7
2941287,6
2941306,49
2941326,10
2941338,10
2941447,6
2941476,46
2941487,6
2941521,7
2941527,5
2941572,33
2941582,15
2941600,17
2941622,11
2941636,36
2941643,7
2941674,7
2941676,31
2941797,12
2941803,19
2941806,14
2941886,6
2941924,9
2941934,53
2941967,13
2941975,9
2942092,5
2942093,8
2942106,6
2942119,8
2942122,6
2942134,8
2942171,7
2942201,7
2942229,7
2942245,29
2942252,21
2942257,6
2942262,17
2942281,11
2942335,6
2942377,5
2942383,6
2942466,87
2942503,16
2942525,7
2942535,14
2942601,6
2942699,8
2942702,9
2942727,26
2942772,19
2942790,10
2942812,11
2942894,11
2942948,10
2942964,41
2943067,10
2943108,5
2943110,28
2943155,7
2943163,8
2943199,9
2943214,5
2943231,8
2943238,9
2943257,7
2943267,8
2943309,8
2943317,7
2943362,7
2943367,6
2943372,35
2943455,8
2943505,17
2943551,8
2943621,148
2943749,6
2943808,12
2943815,16
2943834,10
2943929,7
2943930,6
2943934,13
2943946,9
2944161,5
2944181,12
2944223,6
2944255,10
2944274,7
2944361,13
2944412,16
2944462,7
2944494,10
2944518,18
2944556,16
2944557,6
2944561,8
2944596,7
2944614,9
2944617,18
2944701,9
2944746,11
2944756,8
2944767,7
2944782,7
2944857,9
2944872,6
2944951,24
2945023,8
2945033,5
2945043,7
2945049,9
2945093,96
2945126,25
2945131,6
2945143,6
2945203,6
2945204,9
2945245,5
2945262,62
2945300,14
2945305,8
2945322,14
2945324,49
2945370,11
2945422,6
2945434,18
2945464,18
2945469,6
2945499,197
2945549,6
2945568,6
2945585,43
2945607,367
2945649,14
2945665,6
2945668,28
2945682,51
2945740,7
2945820,10
2945842,7
2945860,11
2945875,8
2945888,11
2945890,41
2945906,5
2946001,7
2946038,15
2946039,5
2946064,20
2946156,42
2946158,445
2946224,7
2946227,10
2946346,28
2946457,160
2946488,302
2946510,48
2946513,9
2946560,133
2946568,6
2946587,11
2946609,13
2946642,14
2946679,10
2946692,19
2946698,11
2946711,10
2946733,6
2946743,26
2946753,27
2946801,39
2946835,6
2946836,11
2946846,5
2946868,51
2946869,17
2946871,51
2946875,8
2946879,15
2946918,8
2946929,5
2946945,5
2946965,18
2946995,23
2947004,6
2947022,28
2947023,27
2947041,19
2947060,9
2947115,7
2947121,5
2947169,13
2947178,6
2947189,9
2947215,12
2947221,27
2947279,9
2947295,46
2947317,16
2947340,5
2947381,18
2947394,101
2947428,18
2947455,14
2947457,20
2947498,8
2947570,32
2947602,57
2947610,8
2947710,64
2947727,5
2947735,42
2947789,5
2947809,166
2947829,16
2947832,11
2947857,6
2947858,8
2947872,22
2947945,6
2947976,7
2947994,11
2948063,8
2948105,41
2948132,19
2948158,38
2948159,12
2948178,6
2948277,10
2948285,8
2948380,11
2948447,7
2948479,7
2948485,11
2948487,15
2948510,7
2948526,7
2948632,9
2948639,12
2948665,11
2948757,6
2948758,7
2948787,13
2948829,7
2948848,8
2948873,11
2948898,6
2948914,53
2948931,7
2948982,8
2949028,12
2949047,6
2949080,9
2949083,7
2949157,8
2949164,20
2949228,131
2949237,15
2949271,9
2949300,11
2949306,9
2949327,6
2949342,8
2949367,33
2949376,11
2949412,27
2949419,31
2949427,6
2949428,6
2949431,7
2949448,8
2949459,6
2949492,6
2949600,9
2949608,6
2949609,7
2949650,6
2949668,5
2949763,52
2949770,7
2949824,7
2949938,19
2949957,9
2950003,35
2950028,12
2950163,23
2950201,7
2950214,6
2950230,6
2950235,13
2950263,6
2950288,8
2950300,7
2950319,16
2950323,23
2950355,13
2950395,7
2950411,11
2950435,9
2950480,10
2950493,29
2950528,5
2950529,6
2950532,6
2950533,6
2950539,6
2950554,57
2950595,11
2950603,6
2950666,8
2950743,13623
2950758,11
2950771,58
2950777,8
2950801,56
2950833,5
2950854,19
2950860,6
2950887,7
2950904,11
2950905,7
2950909,18
2950945,6
2950957,7
2950999,13
2951000,5
2951002,5
2951010,6
2951063,6
2951072,6
2951078,8
2951091,7
2951117,13
2951155,8
2951202,6
2951346,25
2951413,18
2951426,9
2951516,9
2951557,8
2951570,18
2951581,34
2951613,12
2951662,6
2951682,231
2951690,25
2951696,6
2951787,5
2951824,24
2951837,22
2951840,6
2951847,13
2951996,33
2952039,29
2952100,13
2952118,7
2952160,8
2952177,17
2952196,6
2952203,51
2952207,13
2952228,10
2952268,34
2952316,12
2952326,9
2952332,18
2952392,12
2952406,8
2952422,97
2952434,15
2952500,9
2952524,15
2952573,5
2952639,8
2952670,6
2952741,11
2952752,6
2952759,33
2952769,14
2952777,7
2952782,5
2952790,12
2952825,6
2952848,13
2952876,14
2952960,7
2952976,29
2952977,8
2952980,6
2953022,6
2953033,9
2953039,7
2953041,68
2953065,15
2953130,7
2953134,15
2953142,6
2953155,10
2953234,8
2953250,7
2953261,6
2953278,7
2953289,9
2953325,12
2953337,9
2953368,7
2953378,5
2953475,6
2953539,12
2953542,7
2953550,67
2953554,6
2953569,29
2953575,9
2953694,6
2953701,6
2953702,68
2953744,6
2953745,12
2953746,6
2953783,39
2953884,29
2953887,6
2953903,6
2953941,15
2953988,12
2954000,6
2954002,6
2954027,39
2954060,8
2954064,7
2954152,6
2954182,38
2954221,6
2954250,9
2954251,8
2954314,10
2954330,31
2954453,6
2954492,8
2954527,10
2954570,7
2954575,11
2954583,8
2954675,79
2954754,6
2954794,66
2954808,10
2954851,9
2954866,8
2954870,25
2954878,14
2954881,7
2954955,16
2954959,11
2954981,8
2954992,9
2954993,10
2955011,6
2955069,8
2955102,29
2955152,6
2955153,6
2955180,6
2955188,5
2955189,11
2955237,9
2955249,6
2955308,8
2955359,18
2955365,52
2955432,12
2955488,14
2955513,7
2955552,12
2955581,418
2955615,8
2955659,7
2955679,6
2955699,5429
2955702,8
2955722,6
2955723,5
2955731,7
2955737,7
2955752,8
2955753,15
2955758,19
2955904,6
2955921,9
2955928,7
2955974,18
2956046,8
2956049,48
2956191,9
2956222,21
2956235,11
2956242,30
2956244,9
2956354,23
2956361,6
2956430,9
2956463,7
2956532,5
2956608,10
2956685,8
2956708,6
2956711,15
2956727,41
2956789,16
2956799,14
2956802,10
2956844,21
2956848,11
2956919,10
2956940,7
2956941,2591
2956974,25
2956983,90
2957010,17
2957108,10
2957116,16
2957190,11
2957225,8
2957239,116
2957257,15
2957283,15
2957285,8
2957305,10
2957322,6
2957366,5
2957395,7
2957406,18
2957412,5
2957482,5
2957536,7
2957544,43
2957579,21
2957589,7
2957626,7
2957640,11
2957664,32
2957697,8
2957745,9
2957764,14
2957766,6
2957860,5
2957870,6
2957899,14
2957948,10
2957951,6
2957959,9
2957997,7
2958018,391
2958022,108
2958105,6
2958109,7
2958153,8
2958189,6
2958194,9
2958195,273
2958213,9
2958214,22
2958218,7
2958221,8
2958245,6
2958262,6
2958293,24
2958302,6
2958346,8
2958355,8
2958373,39
2958385,18
2958390,8
2958391,6
2958559,22
2958572,13
2958583,6
2958701,6
2958734,118
2958753,6
2958759,8
2958783,19
2958814,11
2958863,55
2958885,26
2958927,5
2958969,6
2959024,35
2959036,470
2959041,18
2959045,7
2959074,7
2959124,6
2959141,5
2959156,13
2959160,7
2959162,9
2959189,6
2959219,10
2959223,397
2959238,5
2959248,13
2959254,22
2959300,6
2959324,16
2959365,8
2959367,19
2959419,18
2959423,6
2959468,9
2959565,7
2959598,34
2959603,8
2959656,6
2959667,60
2959676,8
2959679,11
2959686,5
2959767,9
2959775,7
2959804,15
2959878,6
2959888,31
2959922,6
2959994,5
2960015,17
2960023,64
2960070,11
2960071,8
2960093,13
2960181,14
2960190,35
2960193,6
2960202,11
2960208,11
2960215,7
2960227,5
2960229,11
2960271,125
2960292,10
2960366,78
2960371,8
2960374,14
2960382,6
2960409,7
2960462,6
2960488,7
2960511,9
2960589,12
2960600,7
2960601,7
2960619,75
2960653,12
2960686,6
2960737,6
2960751,32
2960795,196
2960864,5
2960893,5
2960922,24
2960978,11
2960988,7
2961166,6
2961167,12
2961234,122
2961283,10
2961336,22
2961374,13
2961375,6
2961400,19
2961417,8
2961466,14
2961475,82
2961531,10
2961538,19
2961547,19
2961575,45
2961611,8
2961612,8
2961614,36
2961658,7
2961662,7
2961665,28
2961678,93
2961679,41
2961685,6
2961698,6
2961699,10
2961730,7
2961731,107
2961753,82
2961779,7
2961800,15
2961858,33
2961919,12
2961938,11
2961981,8
2962043,6
2962064,15
2962136,1414
2962172,8
2962176,33
2962184,57
2962242,7
2962269,30
2962350,9
2962355,24
2962382,7
2962479,22
2962486,59
2962489,30
2962494,18
2962508,17
2962551,5
2962573,12
2962583,7
2962610,10
2962618,11
2962641,5
2962679,10
2962708,7
2962720,8
2962726,12
2962742,152
2962806,9
2962819,11
2962854,37
2962865,7
2962894,139
2962953,27
2962958,288
2962987,24
2963015,8
2963062,8
2963112,14
2963136,12
2963164,5
2963190,16
2963204,6
2963285,16
2963308,9
2963360,7
2963398,6
2963402,26
2963417,7
2963460,7
2963474,7
2963492,11
2963595,8
2963615,54
2963644,21
2963679,8
2963733,8
2963744,6
2963795,10
2963797,79
2963801,6
2963809,5
2963886,9
2963896,6
2963931,5
2963964,8
2964056,5
2964103,751
2964116,6
2964126,19
2964142,7
2964159,12
2964257,6
2964289,6
2964320,17
2964336,10
2964345,38
2964363,10
2964374,6
2964402,8
2964479,8
2964483,11
2964507,13
2964524,12
2964573,8
2964645,6
2964681,9
2964695,23
2964736,7
2964741,22
2964762,13
2964768,6
2964773,5
2964778,5
2964815,6
2964833,102
2964840,9
2964852,8
2964872,10
2964888,16
2964890,17
2964898,6
2964918,10
2965023,36
2965055,6
2965058,12
2965113,6
2965195,11
2965244,5
2965253,13
2965259,379
2965263,6
2965288,28
2965319,12
2965337,8
2965474,8
2965478,5
2965522,17
2965571,12
2965576,19
2965641,5
2965690,24
2965709,52
2965750,6
2965753,13
2965816,12
2965836,13
2965838,19
2965854,7
2965913,8
2965915,5
2965950,9
2965981,7
2965987,15
2966015,8
2966051,10
2966082,12
2966101,9
2966107,10
2966179,485
2966207,5
2966213,13
2966227,11
2966237,93
2966320,6
2966335,9
2966349,33
2966355,27
2966380,8
2966477,7
2966542,23
2966554,6
2966561,5
2966678,15
2966722,6
2966799,31
2966866,7
2966870,6
2966926,6
2966957,6
2967051,22
2967119,26
2967163,10
2967169,133
2967248,5
2967273,6
2967280,18
2967311,9
2967348,10
2967369,6
2967502,5
2967506,41
2967537,6
2967542,48
2967543,17
2967570,16
2967595,17
2967633,133
2967637,17
2967649,7
2967690,10
2967861,12
2967870,18
2967876,12
2967941,8
2967959,5
2967993,9
2968009,5
2968046,6
2968050,17
2968052,8
2968053,9
2968067,49
2968083,8
2968098,5
2968099,12
2968105,8
2968120,17
2968154,7
2968163,74
2968240,25
2968283,9
2968375,7
2968451,146
2968513,6
2968528,6
2968551,13
2968668,21
2968679,5
2968707,14
2968718,22
2968725,8
2968743,31
2968761,6
2968795,103
2968805,6
2968817,11
2968820,11
2968873,16
2968887,12
2968911,6
2968983,7
2968985,15
2969014,12
2969128,10
2969175,6
2969176,7
2969201,25
2969369,21
2969388,16
2969416,5
2969517,49
2969521,13
2969602,9
2969659,7
2969680,6
2969736,8
2969743,25
2969775,9
2969793,17
2969850,12
2969867,380
2969932,172
2969955,11
2970016,20
2970052,31
2970070,6
2970179,12
2970183,29
2970187,12
2970223,18
2970300,13
2970340,7
2970349,8
2970382,9
2970427,10
2970432,1429
2970443,7
2970480,19
2970490,14
2970501,58
2970504,368
2970553,5
2970559,8
2970608,29
2970613,19
2970615,23
2970644,6
2970728,6
2970801,9
2970810,14
2970815,158
2970891,7
2970895,7
2970918,10
2970927,36
2971019,11
2971038,7
2971083,6
2971087,16
2971188,13
2971189,8
2971229,8
2971239,8
2971261,10
2971310,5
2971326,17
2971352,9
2971419,33
2971443,22
2971478,105
2971498,7
2971512,6
2971513,6
2971519,70
2971534,5
2971599,8
2971600,10
2971626,12
2971636,32
2971642,5
2971683,6
2971743,6
2971745,8
2971753,7
2971756,8
2971790,9
2971816,17
2971818,5
2971870,8
2971876,7
2971902,50
2971927,6
2971942,21
2971978,10
2971985,7
2972030,5
2972045,6
2972184,34
2972219,21
2972292,6
2972309,9
2972325,6
2972371,13
2972411,5
2972478,10
2972524,153
2972549,15
2972565,7
2972573,6
2972601,5
2972643,10
2972657,7
2972660,9
2972707,7
2972719,154
2972777,7
2972837,8
2972869,114
2972912,36
2972954,20
2973022,13
2973024,10
2973037,20
2973044,5
2973074,9
2973146,18
2973167,5
2973177,8
2973192,8
2973209,10
2973219,9
2973221,9
2973243,6
2973291,33
2973350,34
2973351,9
2973371,11
2973377,9
2973439,15
2973559,6
2973608,8
2973625,5
2973654,9
2973708,9
2973725,7
2973741,18
2973764,6
2973785,6
2973787,8
2973800,5
2973816,18
2973962,18
2974035,44
2974047,10
2974122,14
2974142,6
2974193,10
2974194,5
2974289,6
2974345,26
2974355,14
2974395,7
2974418,11
2974505,65
2974523,42
2974561,11
2974619,9
2974679,18
2974682,49
2974691,5
2974733,13
2974743,6
2974774,43
2974791,9
2974886,16
2974964,6
2974965,10
2975004,15
2975025,8
2975040,5
2975079,255
2975088,74
2975090,41
2975094,18
2975179,8
2975180,7
2975225,13
2975327,57
2975354,5
2975359,448
2975364,5
2975426,7
2975433,6
2975443,5
2975445,9
2975455,6
2975459,17
2975597,8
2975623,11
2975628,5
2975644,46
2975673,21
2975720,20
2975722,15
2975768,8
2975774,38
2975805,5
2975811,11
2975834,257
2975895,422
2975960,605
2975982,11
2976035,38
2976049,6
2976087,5
2976122,33
2976168,7
2976193,18
2976200,6
2976244,12
2976307,33
2976334,10
2976336,8
2976357,9
2976372,9
2976388,24
2976398,5
2976415,7
2976473,6
2976477,7
2976480,15
2976487,6
2976502,5
2976505,8
2976535,13
2976549,9
2976593,10
2976609,10
2976641,6
2976718,15
2976733,21
2976739,6
2976787,11
2976839,9
2976854,7
2976869,11
2976873,7
2976943,6
2977083,6
2977092,10
2977132,232
2977186,48
2977187,8
2977192,14
2977220,17
2977222,6
2977251,13
2977352,50
2977360,17
2977364,8
2977369,14
2977411,9
2977503,6
2977561,5
2977597,9
2977695,25
2977724,5
2977742,8
2977769,15
2977797,24
2977804,6
2977809,22
2977979,7
2977982,55
2977986,15
2978036,23
2978053,32
2978055,11
2978057,14
2978073,9
2978100,80
2978119,7
2978176,22
2978178,11
2978179,8
2978237,7
2978241,5
2978264,6
2978311,7
2978314,15
2978397,12
2978401,19
2978432,18
2978443,20
2978484,5
2978521,8
2978546,11
2978553,15
2978557,6
2978568,9
2978588,6
2978589,16
2978602,6
2978622,6
2978647,7
2978674,17
2978742,66
2978771,330
2978799,6
2978820,10
2978867,6
2978985,152
2978988,23
2979004,6
2979012,107
2979017,74
2979036,22
2979045,12
2979092,69
2979094,6
2979134,9
2979191,6
2979229,7
2979240,11
2979331,7
2979341,5
2979415,11
2979492,13
2979503,5
2979517,15
2979524,7
2979553,9
2979578,22
2979587,6
2979606,16
2979635,8
2979671,12
2979714,39
2979800,14
2979903,26
2979911,14
2979925,15
2979945,5
2979971,8
2979979,6
2980064,10
2980083,42
2980098,10
2980188,49
2980249,10
2980256,7
2980269,24
2980270,13
2980282,44
2980311,9
2980348,12
2980414,6
2980435,34
2980512,14
2980583,10
2980596,22
2980626,7
2980685,7
2980723,27
2980730,7
2980741,6
2980780,11
2980847,51
2980855,5
2980871,60
2980878,22
2980918,14
2980935,8
2980987,7
2981017,7
2981042,66
2981059,25
2981082,8
2981083,6
2981152,27
2981163,15
2981185,8
2981188,6
2981205,15
2981263,9
2981270,24
2981273,26
2981284,14
2981348,36
2981370,9
2981396,10
2981440,54
2981448,14
2981507,24
2981527,8
2981538,183
2981543,8
2981653,24
2981673,24
2981680,12
2981735,26
2981745,28
2981752,6
2981776,13
2981809,14
2981835,15
2981867,7
2981901,7
2981934,6
2981940,6
2981947,66
2981958,5
2981961,21
2981965,7
2981980,14
2981987,8
2981997,5
2982002,11
2982008,7
2982015,10
2982029,27
2982030,7
2982086,6
2982093,8
2982121,7
2982182,8
2982190,6
2982197,5
2982199,6
2982207,12
2982211,8
2982255,22
2982279,24
2982294,12
2982307,6
2982494,8
2982616,10
2982640,6
2982651,8
2982653,9
2982701,14
2982705,7
2982719,11
2982732,8
2982774,78
2982822,16
2982873,8
2982891,7
2982892,11
2982909,9
2982935,52
2982942,7
2982946,18
2982972,6
2983009,5
2983026,8
2983029,17
2983106,11
2983187,16
2983267,11
2983271,8
2983379,26
2983405,6
2983426,9
2983427,6
2983437,14
2983455,6
2983467,7
2983522,8
2983561,14
2983606,8
2983672,7
2983706,7
2983817,8
2983833,9
2984014,16
2984075,7
2984139,6
2984183,23
2984253,6
2984306,20
2984307,8
2984311,10
2984326,8
2984439,13
2984511,6
2984612,13
2984630,19
2984651,11
2984669,40
2984706,8
2984729,13
2984739,7
2984748,7
2984755,8
2984859,6
2984905,25
2984906,6
2984939,22
2984973,8
2985010,6
2985036,6
2985037,14
2985069,30
2985081,85
2985096,7
2985118,8
2985137,35
2985203,47
2985219,6
2985220,12
2985340,6850
2985508,8
2985520,20
2985550,10
2985612,5
2985662,8
2985673,73
2985752,12
2985815,9
2985879,8
2985942,6
2985955,8
2985975,8
2986028,5
2986036,10
2986038,19
2986098,8
2986109,7
2986123,8
2986124,8
2986126,6
2986145,7
2986186,11
2986249,5
2986273,9
2986294,8
2986327,113
2986353,10
2986416,6
2986418,7
2986430,9
2986593,7
2986604,6
2986615,14
2986631,7
2986651,10
2986749,7
2986792,7
2986810,961
2986861,7
2986929,7
2986944,7
2986957,38
2987057,5
2987095,14
2987115,8
2987126,9
2987143,7
2987155,9
2987159,21
2987203,8
2987235,10
2987295,9
2987296,11
2987306,9
2987357,20
2987380,29
2987402,5
2987451,8
2987458,7
2987519,84
2987521,7
2987546,123
2987561,7
2987573,13
2987595,23
2987693,39
2987776,11
2987856,7
2987861,6
2987875,13
2987889,27
2987897,8
2988133,34
2988148,53
2988211,17
2988243,6
2988261,18
2988262,8
2988295,8
2988384,105
2988434,5
2988451,9
2988460,19
2988464,6
2988465,15
2988480,21
2988534,5
2988564,7
2988584,6
2988609,6
2988788,14
2988790,5
2988808,6
2988811,8
2988817,21
2988821,16
2988828,6
2988838,5
2988848,6
2988855,10
2988889,11
2988891,18
2988896,6
2988927,11
2988953,6
2988971,10
2988977,6
2989170,7
2989188,7
2989240,7
2989255,8
2989257,8
2989258,8
2989265,6
2989322,16
2989349,17
2989363,20
2989369,19
2989383,7
2989385,12
2989388,7
2989413,9
2989429,19
2989431,15
2989485,6
2989537,6
2989625,9
2989648,19
2989660,23
2989671,6
2989698,11
2989701,6
2989702,15
2989748,7
2989749,16
2989752,77
2989758,6
2989762,6
2989786,9
2989813,9
2989838,12
2989873,12
2989918,35
2989922,7
2989963,7
2989986,11
2989990,8
2990010,6
2990042,12
2990044,5
2990063,8
2990071,15
2990072,32
2990084,9
2990124,7
2990162,6
2990165,16
2990200,10
2990218,6
2990264,149
2990273,34
2990293,5
2990294,6
2990324,22
2990370,6
2990381,7
2990410,7
2990414,364
2990420,16
2990482,9
2990512,80
2990561,16
2990721,34
2990765,10
2990845,10
2990863,7
2990998,9
2991018,5
2991069,30
2991081,7
2991112,6
2991210,10
2991217,12
2991234,6
2991255,6
2991271,14
2991282,64
2991313,6
2991322,8
2991445,9
2991487,20
2991527,9
2991538,11
2991639,7
2991664,6
2991707,6
2991748,6
2991826,6
2991833,10
2991843,8
2991852,7
2991853,23
2991900,18
2991942,39
2992010,6
2992036,10
2992066,6
2992126,6
2992213,16
2992227,6
2992282,6
2992317,12
2992341,11
2992415,7
2992430,17
2992444,54
2992456,6
2992478,5
2992495,11
2992567,6
2992601,24
2992726,6
2992740,7
2992794,11
2992801,6
2992804,10
2992812,9
2992853,18
2992859,10
2992892,6
2992899,16
