arrival_time,job_size
15,125
38,117
94,92
190,103
205,59
221,108
236,123
270,63
277,18
291,21
300,133
310,110
311,69
353,61
470,45
484,123
510,101
540,53
560,10
575,87
656,80
674,106
720,142
737,28
758,183
782,131
784,96
792,100
816,168
862,51
871,75
872,90
910,15
913,96
918,53
929,158
930,115
947,102
964,144
990,148
1038,54
1043,144
1066,119
1069,95
1072,159
1131,161
1178,209
1181,141
1183,76
1236,72
1239,68
1242,176
1289,26
1306,92
1385,82
1408,42
1453,191
1471,91
1495,102
1500,194
1543,110
1555,113
1561,111
1595,28
1625,134
1645,167
1650,203
1653,87
1695,167
1714,133
1721,199
1797,162
1812,10
1894,161
1905,99
1925,170
1980,114
2000,118
2032,72
2062,200
2064,12
2083,129
2091,119
2092,152
2104,57
2200,10
2203,25
2259,87
2261,58
2338,166
2384,139
2397,53
2413,33
2438,162
2458,39
2517,77
2538,104
2547,38
2595,90
2627,64
2634,95
2652,93
2660,104
2679,83
2728,217
2739,43
2779,78
2784,104
2787,152
2817,81
2831,130
2883,134
2933,82
2950,108
2997,50
3067,72
3262,152
3271,114
3274,93
3292,50
3296,125
3318,79
3363,123
3443,62
3461,117
3464,98
3492,144
3493,28
3541,93
3547,136
3548,91
3558,100
3582,48
3601,148
3627,59
3633,162
3665,65
3671,78
3694,176
3726,109
3736,113
3817,170
3837,132
3967,118
4035,109
4064,10
4077,214
4095,99
4110,114
4177,183
4189,119
4202,121
4207,108
4208,72
4273,28
4348,70
4389,63
4391,154
4400,24
4409,52
4410,51
4416,193
4442,54
4443,105
4448,154
4454,118
4502,114
4545,90
4557,159
4601,118
4606,114
4639,47
4652,127
4695,135
4713,144
4781,125
4792,28
4793,101
4799,97
4822,96
4828,94
4839,49
4909,10
4928,96
4934,126
5013,145
5029,82
5056,78
5073,125
5169,106
5173,46
5185,70
5207,117
5208,45
5218,169
5265,128
5296,101
5381,194
5430,165
5446,105
5530,72
5548,155
5608,178
5611,46
5622,65
5625,38
5645,126
5646,167
5664,175
5691,144
5707,10
5767,215
5798,48
5870,113
5909,115
5926,66
5929,72
5930,98
5933,120
5950,97
5967,80
6030,168
6035,95
6134,138
6152,100
6165,164
6230,156
6259,109
6269,32
6277,45
6296,76
6333,177
6334,52
6341,57
6349,147
6373,144
6378,28
6387,156
6389,130
6467,151
6530,17
6535,158
6570,158
6574,197
6575,84
6577,133
6606,206
6672,140
6695,88
6709,116
6712,111
6718,124
6727,56
6806,190
6848,59
6870,25
6886,32
6889,20
6909,134
6910,121
6916,189
6939,149
6979,75
6982,43
7005,49
7039,243
7057,184
7069,40
7072,58
7127,58
7146,47
7223,82
7229,48
7279,10
7363,174
7387,171
7418,203
7435,80
7480,156
7501,44
7508,88
7535,89
7561,105
7575,79
7600,94
7666,73
7677,85
7679,66
7682,30
7691,122
7728,24
7769,144
7771,68
7803,70
7811,95
7846,106
7877,43
7950,159
7951,131
7952,49
7982,70
7997,23
8001,124
8048,116
8051,92
8057,143
8093,42
8119,170
8158,95
8190,145
8212,37
8270,246
8287,112
8307,97
8333,154
8379,61
8399,152
8419,40
8471,61
8513,64
8519,119
8536,144
8539,84
8567,92
8608,15
8651,10
8664,75
8671,103
8672,84
8694,95
8708,10
8733,99
8738,58
8828,162
8878,105
8881,110
8903,86
8917,155
8918,138
8936,70
8945,157
8960,16
8992,88
8997,104
9123,11
9128,107
9156,50
9176,155
9187,129
9237,116
9246,113
9271,136
9286,140
9292,29
9295,19
9297,129
9316,160
9327,194
9372,146
9380,174
9383,144
9390,25
9425,136
9467,66
9540,122
9564,81
9594,62
9607,67
9717,38
9771,133
9818,111
9819,10
9843,154
9850,67
9910,74
9936,114
9988,74
9999,152
10022,40
10051,85
10067,109
10091,170
10111,131
10223,161
10238,123
10242,55
10248,61
10261,141
10306,54
10312,103
10314,68
10386,72
10445,101
10474,146
10476,193
10547,82
10557,167
10564,49
10582,109
10649,114
10724,63
10745,76
10751,10
10771,151
10817,29
10826,74
10877,134
10913,133
10919,203
10956,105
10996,44
11066,66
11067,10
11093,113
11117,158
11126,148
11127,52
11144,132
11158,197
11186,99
11215,138
11229,205
11248,134
11314,64
11337,10
11358,156
11378,60
11398,140
11404,10
11431,129
11452,89
11477,101
11542,77
11570,68
11581,42
11583,117
11584,132
11596,172
11603,26
11649,134
11686,60
11688,128
11721,209
11724,62
11730,130
11751,115
11952,74
12006,19
12009,105
12011,63
12041,10
12053,130
12063,88
12079,71
12116,10
12159,163
12190,80
12206,59
12216,10
12232,151
12255,92
12285,123
12316,45
12326,91
12338,77
12340,22
12347,102
12365,38
12366,105
12368,118
12388,150
12414,121
12416,10
12451,108
12500,53
12518,62
12554,49
12557,150
12581,131
12622,192
12623,122
12643,155
12723,23
12749,52
12838,80
12849,37
12860,149
12866,167
12952,68
12975,42
12980,126
12998,110
13024,10
13033,55
13088,67
13092,98
13103,152
13171,97
13224,163
13235,143
13264,67
13267,82
13297,183
13324,107
13334,32
13391,62
13393,84
13421,64
13431,10
13437,129
13462,10
13477,94
13486,33
13562,113
13585,113
13604,119
13607,115
13654,86
13657,151
13664,162
13665,62
13677,94
13689,179
13727,55
13773,109
13809,151
13811,67
13824,48
13849,122
13861,140
13883,108
13902,213
13935,57
14001,67
14066,91
14071,128
14095,158
14118,91
14157,82
14224,175
14225,144
14243,51
14258,63
14286,71
14320,66
14322,94
14328,162
14330,191
14426,53
14469,44
14477,110
14480,25
14524,51
14536,45
14555,68
14579,97
14600,109
14644,133
14704,152
14714,155
14737,167
14739,168
14741,35
14752,54
14757,61
14772,121
14791,74
14795,91
14855,120
14866,156
14869,166
14880,98
14883,95
14946,130
15002,10
15007,139
15032,65
15040,135
15041,99
15081,134
15105,152
15134,88
15135,120
15160,139
15166,72
15180,150
15216,134
15222,130
15223,122
15277,151
15336,65
15352,62
15355,119
15399,125
15438,191
15535,87
15538,47
15563,81
15590,19
15600,118
15636,132
15672,188
15681,106
15734,61
15735,126
15745,46
15768,137
15781,78
15840,169
15852,121
15868,42
15897,53
15900,131
15923,87
15958,10
16053,167
16155,87
16192,129
16198,129
16199,45
16275,162
16304,95
16350,173
16397,137
16414,132
16569,160
16570,100
16599,205
16615,46
16623,68
16651,79
16709,55
16724,99
16725,60
16784,37
16794,124
16825,66
16830,78
16837,178
16853,108
16895,175
16943,150
16989,69
16991,155
17083,93
17139,59
17177,81
17197,82
17209,206
17274,118
17276,141
17327,11
17357,202
17409,10
17449,83
17459,70
17498,189
17528,140
17529,44
17544,77
17547,64
17580,104
17633,60
17650,24
17666,64
17695,46
17703,82
17706,41
17734,35
17777,140
17797,101
17799,104
17800,113
17815,132
17839,118
17875,124
17919,143
17922,70
17937,133
17945,134
17981,76
17987,34
17998,152
18004,93
18010,168
18034,85
18050,10
18051,256
18061,75
18093,133
18097,150
18110,29
18112,217
18144,88
18200,134
18225,142
18274,83
18317,213
18321,71
18368,108
18370,10
18381,71
18382,121
18383,61
18386,130
18392,168
18394,116
18420,181
18428,171
18443,10
18456,121
18464,66
18480,59
18547,146
18580,95
18581,181
18584,72
18631,120
18638,129
18666,122
18683,92
18705,159
18757,51
18764,126
18775,10
18877,127
18885,89
18899,81
18916,74
18920,59
18939,125
18947,137
18958,206
18961,122
19047,10
19062,33
19111,51
19123,117
19131,50
19140,10
19205,24
19220,226
19237,46
19243,126
19252,102
19279,142
19291,71
19297,78
19320,30
19355,185
19379,18
19438,33
19470,90
19500,36
19521,81
19528,77
19568,118
19588,133
19589,216
19613,140
19689,95
19724,78
19728,132
19739,58
19828,148
19839,49
19841,112
19845,66
19861,104
19930,100
19944,130
19949,112
19966,91
20043,115
20044,111
20056,155
20076,77
20105,55
20114,153
20133,153
20161,160
20162,120
20164,103
20211,168
20232,32
20233,128
20236,65
20295,32
20332,189
20369,51
20398,59
20424,157
20455,88
20458,139
20463,116
20470,110
20522,135
20575,34
20590,116
20636,138
20650,126
20683,77
20734,28
20793,111
20804,61
20832,61
20841,60
20846,93
20891,91
20900,97
20922,43
20923,94
20942,65
20978,84
21030,150
21040,10
21103,67
21125,120
21126,145
21241,82
21267,119
21271,88
21291,133
21292,135
21297,143
21356,70
21399,149
21408,80
21415,28
21431,102
21485,64
21505,74
21523,141
21598,188
21607,107
21636,72
21655,18
21706,103
21781,106
21843,136
21909,23
21967,265
21971,55
21976,73
21979,84
22007,91
22053,126
22059,220
22064,68
22068,50
22077,117
22096,68
22127,106
22208,157
22220,230
22232,88
22277,18
22304,82
22305,151
22331,90
22335,124
22350,83
22376,139
22381,124
22398,74
22402,29
22408,53
22440,10
22490,89
22509,170
22536,104
22538,69
22685,105
22741,106
22749,168
22791,90
22821,112
22838,108
22853,61
22861,63
23041,144
23042,77
23088,170
23173,195
23189,69
23201,155
23234,128
23247,111
23293,93
23328,171
23415,153
23417,127
23427,164
23464,46
23520,112
23527,103
23559,101
23560,87
23576,57
23606,101
23611,163
23621,118
23638,136
23639,33
23654,128
23657,144
23712,129
23713,66
23728,97
23767,71
23782,138
23787,57
23793,137
23831,142
23856,41
23865,154
23876,135
23895,84
23904,78
23906,115
23924,61
23932,62
23973,53
23980,110
24007,51
24011,67
24182,89
24204,100
24255,22
24258,109
24288,116
24335,150
24344,238
24422,131
24431,88
24435,76
24439,23
24444,88
24463,158
24465,86
24476,109
24488,89
24499,92
24506,127
24523,54
24575,73
24597,62
24638,115
24667,197
24678,32
24697,60
24769,79
24800,136
24832,110
24837,86
24839,127
24895,182
24984,183
24988,93
24998,97
25001,236
25006,59
25019,96
25047,115
25062,116
25078,45
25119,48
25140,208
25183,152
25255,80
25261,104
25270,159
25295,53
25302,143
25343,34
25345,104
25361,81
25378,62
25410,180
25416,61
25423,89
25427,101
25429,59
25442,25
25450,211
25454,89
25470,123
25483,31
25510,168
25546,176
25572,22
25602,81
25634,147
25644,189
25669,153
25711,151
25742,189
25743,141
25751,57
25753,138
25766,174
25772,86
25775,80
25788,120
25861,129
25881,149
25882,100
25889,10
25934,133
25984,83
26009,27
26027,123
26047,36
26139,10
26157,10
26176,75
26235,79
26248,139
26252,60
26262,152
26265,92
26302,122
26324,41
26385,122
26397,67
26406,115
26428,139
26454,64
26503,68
26523,95
26527,139
26531,121
26548,108
26549,10
26573,15
26582,60
26618,115
26697,120
26701,132
26743,98
26745,145
26763,127
26831,156
26843,44
26864,10
26885,111
26927,95
26949,162
27000,122
27057,75
27059,152
27088,124
27161,20
27184,142
27237,124
27251,157
27271,74
27279,125
27373,96
27409,101
27441,157
27464,155
27545,50
27591,53
27599,67
27635,64
27694,114
27695,121
27702,112
27719,144
27737,91
27764,123
27830,118
27837,171
27845,129
27877,99
27921,76
27937,160
27948,212
27968,89
27976,97
27988,93
27991,120
27995,22
28019,60
28059,27
28096,72
28118,159
28130,61
28148,40
28213,35
28231,87
28246,117
28296,73
28321,18
28405,86
28421,84
28600,164
28657,65
28658,89
28726,220
28743,86
28793,131
28796,78
28851,86
28890,35
28894,63
28895,84
28898,87
28907,92
28927,75
28946,80
28962,232
28972,73
28991,78
29003,92
29037,66
29059,10
29082,105
29111,12
29142,135
29147,21
29189,111
29208,76
29225,74
29237,129
29267,168
29288,65
29292,116
29297,176
29315,161
29324,53
29342,147
29354,113
29365,96
29374,98
29380,72
29382,85
29420,59
29424,116
29507,112
29567,10
29573,152
29642,132
29656,25
29677,147
29730,66
29741,148
29816,84
29820,163
29860,53
29868,159
29882,105
29901,22
29933,100
29934,121
29959,10
29980,193
29982,120
30000,107
30026,71
30027,122
30043,109
30071,171
30076,14
30077,83
30081,63
30091,185
30106,118
30120,79
30173,105
30178,50
30200,166
30257,122
30289,67
30314,94
30347,57
30361,84
30423,104
30427,119
30430,71
30476,127
30493,137
30534,136
30556,30
30602,17
30609,80
30623,77
30650,152
30690,116
30691,26
30706,133
30735,119
30741,98
30748,90
30762,109
30781,94
30793,135
30804,30
30822,101
30823,78
30837,178
30882,169
30895,36
30901,30
30917,60
30954,103
30957,113
31008,128
31015,81
31024,146
31038,122
31073,38
31105,35
31129,72
31131,69
31175,139
31193,33
31205,142
31218,96
31256,155
31277,123
31292,77
31331,99
31340,108
31342,146
31344,100
31346,202
31351,105
31364,116
31458,93
31506,149
31537,90
31552,97
31553,124
31590,115
31619,57
31621,195
31650,116
31682,128
31707,139
31709,141
31731,118
31753,45
31793,173
31797,36
31841,127
31848,77
31860,34
31861,13
31864,187
31867,10
31907,62
31925,114
31953,129
31979,42
31987,78
32030,139
32036,135
32039,57
32066,104
32098,138
32101,47
32124,89
32155,113
32163,127
32167,72
32193,159
32264,146
32267,58
32314,64
32367,10
32374,65
32461,114
32462,54
32464,90
32489,100
32501,92
32535,38
32545,105
32546,146
32590,67
32631,52
32685,131
32709,116
32738,180
32762,98
32773,101
32775,38
32790,121
32801,150
32872,125
32913,78
32916,127
32917,214
32929,194
32936,33
32946,75
32964,53
32989,61
33035,59
33055,47
33070,140
33124,64
33172,13
33274,102
33283,143
33296,117
33305,51
33429,30
33453,152
33478,138
33530,51
33535,122
33536,76
33555,97
33604,106
33618,168
33632,88
33661,49
33699,239
33751,122
33760,87
33765,124
33800,201
33818,194
33837,140
33838,138
33848,89
33909,115
33916,86
33917,140
33967,111
33989,155
34044,124
34073,31
34087,44
34109,88
34164,78
34175,143
34186,104
34190,50
34194,130
34199,123
34243,145
34245,62
34251,119
34261,89
34294,68
34454,166
34470,133
34558,81
34583,163
34594,211
34603,110
34616,88
34649,77
34672,66
34680,100
34717,27
34754,100
34837,75
34839,136
34852,122
34864,144
34885,173
34932,110
34987,10
35005,119
35026,48
35041,62
35065,34
35075,203
35119,122
35140,167
35169,101
35223,95
35292,77
35298,134
35306,75
35342,189
35343,37
35362,28
35394,110
35396,105
35412,117
35445,208
35483,52
35504,172
35556,114
35621,10
35639,131
35707,129
35713,38
35716,67
35718,111
35768,32
35813,108
35816,116
35838,39
35851,142
35862,137
35921,38
35929,143
35931,82
35967,89
35992,94
36008,193
36009,63
36023,131
36049,10
36060,10
36063,46
36072,139
36093,222
36133,24
36135,57
36153,10
36154,22
36203,54
36251,83
36267,33
36271,112
36296,241
36300,142
36305,69
36377,64
36385,125
36403,164
36420,158
36480,106
36515,172
36525,142
36562,37
36583,135
36628,97
36632,146
36636,76
36639,66
36714,147
36730,108
36746,69
36764,159
36768,78
36823,119
36825,137
36838,139
36886,187
36937,132
36949,156
37010,157
37011,102
37066,178
37081,193
37142,111
37187,131
37192,78
37197,55
37211,84
37234,179
37235,99
37257,124
37270,96
37309,129
37364,196
37372,104
37455,110
37479,86
37485,117
37534,150
37543,36
37554,73
37595,136
37622,87
37662,18
37671,22
37713,36
37726,100
37757,10
37787,52
37819,62
37825,70
37857,40
37915,95
37933,98
37972,89
37973,85
37987,125
38004,139
38044,90
38098,121
38104,94
38113,70
38164,93
38191,123
38197,10
38232,36
38257,100
38293,70
38304,129
38314,148
38329,125
38340,137
38344,112
38362,183
38367,75
38369,10
38377,48
38395,95
38420,39
38461,87
38475,158
38478,59
38515,70
38571,10
38608,77
38639,102
38668,87
38673,124
38725,168
38726,162
38779,49
38804,115
38805,97
38808,70
38844,79
38857,190
38864,79
38890,114
38905,63
38908,187
38986,141
39001,55
39002,31
39016,68
39053,64
39086,84
39123,177
39136,161
39184,103
39199,85
39216,60
39224,138
39232,120
39234,103
39243,97
39317,168
39336,10
39343,171
39386,63
39393,109
39439,149
39498,122
39499,94
39512,153
39514,138
39518,69
39519,47
39525,55
39533,95
39535,86
39544,149
39548,90
39549,141
39621,139
39647,75
39664,83
39667,88
39794,75
39841,132
39879,187
39897,114
39928,77
39931,181
39956,87
39967,42
39991,141
40007,133
40017,118
40047,168
40071,108
40072,94
40081,93
40103,68
40105,97
40121,105
40150,110
40175,137
40193,69
40255,135
40269,115
40320,173
40334,133
40335,94
40373,88
40374,138
40405,135
40409,159
40415,130
40421,196
40436,62
40462,178
40475,130
40477,141
40481,56
40484,13
40490,161
40506,78
40528,84
40592,82
40638,10
40728,10
40735,111
40746,258
40761,154
40778,79
40785,75
40786,126
40798,54
40807,95
40848,184
40866,152
40868,88
40892,80
40922,110
40963,112
40987,136
41074,74
41117,155
41142,98
41164,94
41253,65
41280,85
41294,128
41302,38
41307,105
41374,164
41376,154
41377,60
41411,146
41440,191
41494,146
41495,166
41496,102
41513,35
41515,115
41526,117
41546,79
41556,104
41561,147
41569,133
41612,131
41682,91
41714,90
41729,58
41738,98
41751,140
41759,80
41773,136
41777,18
41778,75
41815,92
41939,10
41981,144
41991,199
42010,83
42028,117
42032,67
42041,169
42069,114
42121,75
42131,56
42149,155
42153,66
42175,80
42181,49
42192,102
42214,103
42256,86
42313,15
42315,69
42373,145
42402,185
42407,90
42410,126
42413,107
42444,70
42458,127
42464,107
42465,140
42469,116
42475,39
42527,87
42558,130
42682,42
42683,47
42722,171
42728,145
42729,76
42767,65
42769,121
42778,105
42797,57
42798,186
42833,78
42876,125
42905,209
42910,118
42959,77
42969,91
42992,166
43005,125
43012,138
43041,88
43070,124
43099,107
43117,49
43234,166
43244,168
43291,86
43325,19
43346,81
43358,60
43392,40
43414,56
43454,68
43466,60
43508,123
43532,45
43539,152
43559,154
43570,58
43594,68
43641,118
43658,19
43710,176
43808,185
43836,112
43857,125
43858,32
43950,126
43959,134
44011,100
44038,112
44046,22
44063,10
44068,177
44136,66
44143,106
44154,29
44156,150
44174,114
44203,52
44212,10
44259,55
44272,154
44307,52
44311,137
44326,164
44361,91
44362,78
44391,85
44407,116
44429,93
44453,102
44480,105
44521,86
44537,83
44543,117
44637,10
44639,164
44641,56
44686,125
44711,109
44728,100
44741,104
44788,62
44791,68
44794,35
44797,117
44810,92
44834,104
44947,113
44992,130
45072,110
45111,10
45164,101
45165,43
45210,54
45219,176
45264,67
45286,128
45308,130
45309,141
45323,50
45335,95
45348,56
45350,122
45426,54
45467,226
45496,133
45522,126
45529,150
45547,178
45558,16
45570,45
45573,56
45577,38
45612,184
45675,87
45688,187
45710,60
45757,119
45763,63
45776,67
45797,54
45835,55
45856,135
45874,224
45895,84
45902,148
45947,161
45957,168
45969,104
45970,90
46002,123
46021,152
46024,223
46056,10
46082,129
46090,146
46138,60
46145,34
46202,84
46223,108
46263,48
46265,163
46303,39
46369,91
46419,88
46433,49
46447,67
46448,110
46457,54
46478,42
46482,21
46484,126
46504,205
46506,200
46512,178
46523,119
46524,60
46532,110
46538,46
46552,34
46569,120
46574,20
46643,77
46658,129
46686,72
46699,41
46705,112
46710,136
46747,59
46749,193
46808,79
46841,96
46842,70
46845,76
46904,36
46921,144
46922,113
46936,57
46947,30
46949,83
46997,56
47074,249
47091,106
47133,80
47141,91
47146,63
47160,51
47170,49
47271,76
47303,152
47305,146
47306,121
47400,57
47417,51
47427,128
47435,136
47454,136
47482,91
47535,116
47536,97
47546,98
47550,132
47557,95
47584,73
47595,76
47637,76
47651,75
47662,92
47681,197
47709,122
47712,41
47730,74
47734,43
47841,135
47844,175
47849,94
47867,128
47875,77
47893,99
47905,141
47922,24
47928,141
47933,146
47970,101
47978,127
47981,155
47989,162
48024,171
48150,180
48178,47
48228,74
48264,90
48290,71
48406,108
48413,138
48419,78
48460,74
48472,10
48510,74
48527,81
48562,121
48583,98
48612,68
48647,163
48658,74
48661,64
48704,68
48736,164
48746,53
48754,38
48796,72
48864,102
48888,33
48915,59
48938,63
49000,160
49002,118
49029,46
49047,201
49057,95
49064,65
49104,72
49113,40
49137,200
49140,80
49183,48
49190,51
49203,92
49204,185
49217,43
49222,124
49268,82
49301,10
49354,20
49359,160
49367,55
49374,87
49395,202
49404,133
49432,87
49464,154
49664,169
49680,112
49700,13
49715,81
49723,89
49771,60
49814,116
49832,174
49880,67
49887,142
49912,84
49935,96
49937,78
49972,146
50089,99
50107,99
50130,79
50150,144
50182,73
50212,92
50273,101
50274,199
50282,38
50300,78
50303,56
50304,173
50326,94
50371,54
50426,139
50439,113
50446,62
50491,172
50522,188
50537,16
50551,105
50564,95
50573,200
50578,105
50637,94
50641,77
50642,10
50650,125
50694,77
50700,72
50727,121
50733,50
50818,64
50825,84
50827,69
50839,10
50852,190
50906,119
50909,34
50951,99
50993,117
51028,68
51031,184
51045,96
51065,80
51096,102
51106,26
51121,105
51125,131
51151,61
51241,45
51277,70
51315,47
51355,38
51369,70
51380,130
51414,30
51467,121
51501,88
51510,158
51574,101
51610,122
51622,90
51676,102
51686,153
51718,57
51802,85
51822,99
51826,119
51849,105
51882,86
51947,148
52000,94
52017,148
52034,49
52076,69
52096,173
52098,147
52104,128
52111,27
52120,80
52139,108
52184,97
52226,41
52231,128
52260,55
52265,207
52282,10
52295,92
52352,140
52383,147
52393,10
52483,126
52486,10
52495,45
52515,46
52595,158
52597,61
52608,45
52639,42
52642,53
52684,203
52704,99
52735,10
52774,48
52855,114
52857,107
52870,198
52885,140
52931,100
52933,29
52982,117
53007,123
53012,34
53093,140
53096,87
53148,19
53158,102
53184,69
53198,131
53201,59
53204,94
53231,67
53272,44
53308,73
53356,10
53437,82
53511,110
53529,42
53551,75
53559,87
53583,113
53596,110
53680,111
53681,41
53740,52
53741,23
53745,25
53757,78
53769,24
53782,128
53783,94
53793,176
53852,160
53947,124
53961,171
53994,160
54003,75
54015,142
54065,86
54073,17
54076,97
54123,54
54128,177
54141,74
54149,68
54163,133
54167,119
54168,108
54237,136
54274,171
54309,133
54357,131
54415,27
54529,71
54647,54
54735,108
54738,109
54752,101
54753,122
54793,125
54795,73
54796,142
54804,133
54806,33
54819,49
54836,55
54854,127
54910,169
54978,39
54986,132
55019,190
55051,84
55061,47
55082,91
55098,136
55116,243
55125,43
55160,153
55196,50
55348,108
55379,179
55462,90
55468,94
55469,151
55473,119
55492,107
55495,143
55569,81
55629,115
55639,45
55650,144
55664,111
55676,124
55691,161
55762,101
55788,101
55818,114
55851,169
55879,51
55903,22
55912,97
55916,82
55923,115
55928,154
55981,72
55990,101
56009,156
56025,133
56104,106
56115,153
56174,85
56244,82
56248,28
56298,102
56311,79
56340,177
56416,10
56432,139
56433,133
56441,40
56477,145
56484,107
56494,99
56524,63
56545,46
56575,161
56578,125
56648,113
56666,84
56713,82
56737,28
56744,95
56751,99
56769,80
56782,44
56803,144
56810,83
56834,164
56853,124
56866,95
56872,155
56890,133
56901,97
56902,98
56914,145
56986,127
56988,88
57037,88
57038,10
57137,149
57168,148
57176,150
57208,64
57233,127
57243,66
57291,78
57298,64
57327,95
57373,152
57403,137
57491,171
57509,149
57537,97
57616,119
57645,64
57650,131
57660,211
57702,178
57758,108
57780,119
57805,43
57819,50
57921,70
57927,78
57931,114
57997,193
58000,112
58026,46
58084,99
58111,139
58161,74
58168,147
58173,76
58191,200
58197,165
58259,165
58290,28
58293,128
58307,98
58342,208
58352,69
58369,102
58392,136
58415,107
58431,150
58437,101
58462,125
58464,69
58470,121
58483,98
58492,118
58494,76
58504,100
58552,113
58625,161
58637,109
58699,96
58719,143
58726,106
58727,107
58770,148
58808,87
58843,54
58847,11
58854,133
58951,128
58965,189
58966,87
58978,147
58987,65
59014,83
59031,137
59062,127
59085,143
59123,104
59159,92
59195,46
59232,55
59251,106
59353,150
59357,107
59370,112
59405,160
59417,81
59439,42
59466,59
59469,99
59475,66
59511,71
59518,120
59533,104
59572,115
59672,82
59679,43
59689,77
59713,90
59716,40
59729,136
59741,178
59768,197
59785,94
59829,175
59837,10
59845,96
59848,102
59853,49
59941,67
59953,237
59957,76
59970,79
59975,80
60065,159
60084,99
60100,176
60134,10
60147,132
60169,117
60174,99
60188,113
60234,98
60248,126
60303,164
60322,34
60327,10
60369,140
60380,109
60440,119
60457,111
60539,157
60598,72
60614,98
60621,112
60665,111
60750,40
60761,69
60797,164
60807,28
60813,133
60814,114
60823,119
60830,159
60833,175
60834,44
60846,209
60924,98
60993,116
61091,82
61110,49
61154,108
61159,88
61161,120
61164,134
61176,186
61199,61
61246,93
61247,50
61251,78
61257,128
61260,87
61264,10
61368,63
61394,97
61398,145
61414,150
61415,96
61424,202
61428,156
61441,67
61552,12
61565,53
61612,119
61613,89
61641,54
61658,32
61694,129
61717,123
61732,85
61738,112
61749,104
61790,52
61827,155
61848,78
61877,70
61895,62
61929,172
61970,129
61971,88
61974,122
61982,121
61987,133
62012,52
62313,76
62326,111
62330,76
62337,150
62338,52
62365,124
62435,110
62457,85
62469,124
62509,65
62521,38
62529,54
62540,10
62560,112
62569,106
62570,53
62635,135
62662,121
62667,108
62693,40
62709,39
62763,92
62852,141
62879,174
62881,22
62884,10
62885,85
62899,10
62903,31
62963,140
62975,72
62985,111
63016,118
63047,79
63080,44
63089,101
63098,214
63119,85
63121,28
63127,121
63197,81
63346,142
63355,186
63376,104
63377,75
63383,126
63415,94
63435,94
63443,87
63449,108
63464,130
63501,176
63543,33
63572,114
63573,153
63604,84
63612,70
63650,88
63740,174
63742,181
63748,165
63749,149
63793,128
63810,122
63811,34
63821,124
63847,62
63855,10
63936,96
63957,118
63981,201
63983,71
63995,14
64043,184
64060,24
64097,142
64120,95
64122,31
64163,108
64167,56
64182,110
64190,138
64219,100
64221,64
64230,10
64264,130
64273,169
64300,77
64315,84
64365,69
64377,146
64410,89
64446,121
64474,10
64640,89
64645,126
64697,205
64719,49
64808,123
64813,45
64880,39
64891,49
64894,45
64895,165
64966,56
64969,173
65003,127
65007,116
65064,75
65091,156
65104,79
65112,148
65131,158
65151,184
65158,81
65209,66
65213,122
65214,105
65225,168
65236,139
65265,91
65308,57
65380,183
65417,115
65423,114
65436,17
65481,97
65482,103
65485,117
65564,111
65584,123
65604,62
65616,57
65618,34
65619,123
65629,97
65630,127
65643,124
65654,129
65680,39
65728,159
65745,119
65803,127
65828,19
65867,87
65904,87
65917,30
65943,10
65971,76
65990,70
66001,138
66017,113
66049,96
66051,56
66053,152
66072,145
66081,35
66113,149
66117,48
66156,197
66160,122
66235,18
66247,84
66285,141
66329,113
66418,83
66428,47
66433,100
66485,89
66504,151
66560,91
66597,52
66638,104
66639,88
66692,43
66701,140
66702,52
66706,59
66707,96
66721,23
66741,125
66782,78
66788,107
66791,123
66848,76
66870,123
66904,124
66906,26
66919,10
66921,123
66938,112
66956,70
66968,159
67004,123
67045,174
67065,108
67074,87
67080,95
67081,101
67128,139
67142,111
67143,104
67218,47
67292,158
67293,45
67370,127
67408,62
67465,74
67533,146
67550,84
67575,104
67592,74
67630,111
67657,97
67692,123
67752,90
67780,92
67839,112
67861,74
67871,143
67882,152
67884,92
67940,166
68047,123
68120,86
68156,129
68175,98
68182,38
68269,74
68283,44
68284,91
68305,99
68357,57
68362,10
68363,60
68410,87
68411,173
68498,83
68512,113
68524,64
68531,102
68533,10
68564,47
68586,116
68628,125
68637,42
68690,126
68701,101
68728,61
68761,118
68783,229
68800,36
68826,111
68848,61
68852,76
68855,33
68856,141
68866,140
68932,129
68956,44
68985,81
69001,88
69008,144
69020,115
69021,100
69022,176
69050,129
69056,91
69070,88
69162,111
69201,52
69254,137
69257,138
69292,83
69337,10
69405,113
69421,44
69444,32
69445,139
69446,137
69453,139
69484,126
69485,72
69506,109
69539,149
69553,70
69606,168
69610,16
69639,152
69657,64
69665,124
69666,30
69679,112
69707,127
69727,100
69736,92
69785,101
69811,168
69897,199
69918,155
70020,130
70026,204
70093,93
70120,161
70139,10
70158,148
70166,11
70167,24
70187,141
70223,60
70229,76
70238,60
70250,60
70323,71
70328,93
70336,108
70378,59
70396,139
70413,113
70452,71
70473,107
70522,31
70640,145
70660,76
70715,149
70719,97
70720,159
70765,133
70780,84
70811,197
70818,130
70831,179
70963,127
71003,137
71011,87
71036,89
71098,98
71099,104
71128,128
71216,139
71219,127
71226,80
71233,41
71283,116
71326,11
71354,112
71362,105
71477,70
71630,126
71687,47
71689,96
71703,29
71718,157
71750,99
71756,56
71761,121
71787,70
71804,137
71816,187
71821,10
71840,173
71847,97
71858,100
71889,15
71927,140
71941,106
71947,10
72008,44
72030,82
72062,75
72110,107
72151,139
72162,44
72175,64
72216,10
72227,71
72232,124
72282,116
72296,162
72317,117
72333,82
72341,96
72344,184
72434,100
72449,146
72451,111
72462,102
72478,100
72549,88
72573,87
72610,157
72626,156
72681,109
72682,72
72687,67
72693,81
72719,227
72777,117
72788,170
72800,166
72894,10
72895,187
72905,144
72915,97
72921,107
72934,29
72960,118
72968,150
72973,131
72987,20
72993,145
73014,161
73032,140
73056,137
73098,45
73108,171
73164,137
73227,231
73234,171
73235,64
73252,70
73305,15
73308,127
73366,145
73374,186
73401,46
73416,157
73429,126
73442,95
73476,113
73498,122
73521,10
73533,134
73546,126
73647,76
73701,170
73704,10
73705,68
73771,156
73774,10
73796,135
73827,98
73828,53
73866,155
73899,49
73901,24
73915,99
73937,83
74007,194
74035,101
74103,39
74140,51
74157,119
74180,28
74185,54
74186,107
74193,46
74214,62
74247,124
74269,40
74303,140
74339,11
74340,91
74344,120
74379,116
74420,90
74422,115
74423,111
74424,10
74453,108
74489,141
74500,94
74526,104
74537,61
74555,79
74565,86
74566,182
74570,90
74583,69
74589,153
74611,78
74625,197
74627,105
74646,117
74668,58
74678,74
74745,96
74754,121
74823,66
74909,10
74995,116
75039,125
75076,99
75094,81
75099,74
75109,10
75119,167
75208,10
75217,55
75248,146
75278,132
75319,159
75463,10
75468,135
75477,147
75489,69
75501,107
75613,48
75617,96
75629,127
75667,64
75733,124
75752,114
75776,139
75777,152
75809,152
75834,80
75843,47
75868,22
75895,133
75916,93
75919,13
75994,16
76023,204
76046,131
76083,91
76112,80
76166,79
76186,197
76212,63
76246,147
76250,125
76333,110
76369,172
76371,91
76427,179
76445,141
76517,83
76547,36
76590,117
76600,106
76616,32
76649,131
76657,95
76730,143
76808,28
76860,191
76872,169
76902,106
76935,60
76977,62
76995,152
77000,91
77045,44
77128,70
77135,73
77161,115
77191,140
77213,40
77230,92
77232,170
77238,74
77302,136
77372,77
77373,137
77386,86
77395,27
77406,164
77416,120
77420,208
77448,42
77465,169
77484,118
77530,92
77557,157
77575,112
77617,141
77633,44
77663,10
77668,134
77670,133
77693,112
77707,78
77712,61
77756,82
77762,149
77788,10
77789,108
77800,62
77808,56
77813,97
77819,150
77876,164
77897,152
78004,10
78087,27
78197,160
78238,10
78274,160
78282,105
78298,102
78335,70
78377,142
78437,200
78443,52
78475,88
78561,75
78584,175
78590,104
78700,54
78722,173
78776,171
78781,38
78784,10
78879,92
78908,116
78934,63
78953,90
78966,143
78979,69
78989,91
78995,82
78999,91
79011,171
79029,167
79059,10
79063,10
79109,81
79113,119
79123,130
79141,117
79143,58
79154,138
79171,120
79193,92
79211,10
79235,170
79266,173
79314,81
79329,74
79373,66
79392,162
79395,76
79402,181
79424,53
79447,99
79536,16
79552,76
79585,91
79633,61
79634,142
79657,85
79668,105
79730,175
79741,160
79767,139
79773,93
79810,104
79852,28
79866,21
79879,129
79929,75
80000,126
80014,51
80029,128
80049,107
80069,116
80093,48
80095,129
80168,56
80174,104
80176,46
80183,82
80237,150
80303,212
80317,152
80346,10
80354,92
80404,161
80446,84
80470,220
80491,137
80500,10
80529,81
80541,95
80545,62
80553,47
80561,109
80657,113
80719,224
80747,122
80792,110
80822,177
80838,89
80862,94
81000,105
81002,160
81019,84
81067,142
81075,153
81118,102
81122,93
81145,79
81155,147
81178,60
81179,100
81265,84
81271,112
81272,119
81314,40
81366,10
81378,140
81478,48
81481,170
81496,94
81497,78
81529,95
81571,127
81573,48
81648,23
81651,91
81654,146
81679,119
81719,78
81793,105
81797,155
81805,146
81816,88
81839,78
81882,128
81959,139
81964,135
81997,213
81998,90
82010,183
82031,142
82043,113
82044,25
82052,109
82071,67
82132,131
82137,240
82145,32
82155,107
82197,60
82209,104
82238,16
82259,174
82260,12
82278,10
82299,165
82300,83
82337,152
82348,114
82365,124
82391,202
82419,135
82432,102
82457,120
82482,125
82545,125
82575,109
82625,10
82645,121
82654,157
82659,99
82662,129
82667,73
82695,127
82703,158
82733,48
82750,110
82780,171
82801,193
82803,121
82855,176
82869,108
82871,101
82879,147
83049,132
83066,163
83070,98
83185,12
83186,69
83210,114
83250,18
83323,73
83326,98
83333,83
83364,22
83367,64
83382,126
83391,128
83398,133
83400,117
83433,88
83476,105
83500,134
83532,25
83538,66
83552,77
83573,158
83580,155
83587,154
83627,103
83643,122
83686,194
83687,51
83701,71
83715,88
83781,17
83803,38
83811,158
83845,130
83846,216
83863,117
83884,122
83895,94
83899,132
83902,83
83971,59
84098,127
84113,41
84114,10
84136,37
84144,107
84161,160
84206,103
84233,41
84256,64
84258,141
84312,100
84320,66
84341,85
84361,95
84374,125
84411,144
84438,148
84452,46
84568,129
84574,84
84579,114
84584,101
84598,132
84630,111
84651,165
84667,41
84678,102
84734,42
84748,114
84758,105
84759,137
84761,97
84766,122
84770,207
84808,112
84822,138
84863,56
84907,106
84951,103
84961,108
84962,10
84987,81
85004,102
85019,118
85045,148
85079,104
85093,142
85116,155
85120,165
85141,29
85230,106
85246,110
85257,66
85332,99
85339,87
85363,50
85367,10
85392,13
85457,74
85471,63
85478,88
85491,106
85492,45
85499,78
85500,55
85521,62
85546,80
85567,165
85571,111
85575,50
85625,86
85629,19
85653,55
85707,54
85719,148
85725,53
85754,196
85757,35
85772,144
85780,83
85786,91
85887,142
85918,125
85936,135
85939,19
85948,116
85957,32
85978,113
86052,173
86057,10
86068,102
86069,179
86073,31
86078,45
86105,36
86120,77
86143,126
86147,79
86169,67
86170,139
86243,125
86275,93
86289,133
86308,144
86327,112
86368,62
86420,173
86461,89
86500,31
86506,103
86544,56
86585,78
86588,134
86590,186
86592,106
86759,147
86775,117
86790,40
86799,75
86821,52
86825,160
86844,108
86858,30
86867,100
86876,73
86906,159
86920,80
86926,96
86939,10
86997,147
86999,32
87018,114
87026,75
87030,17
87060,201
87077,34
87091,74
87133,10
87137,129
87153,56
87168,208
87254,147
87255,151
87260,109
87280,96
87285,120
87291,96
87297,25
87360,65
87369,104
87376,126
87382,176
87433,157
87455,120
87480,109
87582,73
87617,78
87702,87
87743,28
87774,84
87786,96
87812,83
87898,92
87920,16
87942,94
87978,80
87989,138
88034,110
88043,77
88065,214
88112,10
88188,10
88320,112
88321,10
88355,68
88363,138
88430,76
88534,182
88558,128
88637,118
88658,126
88704,79
88710,147
88742,158
88755,96
88795,88
88813,177
88827,33
88829,72
88880,53
88891,56
88920,110
88937,131
88940,162
88947,53
88954,121
88980,80
89045,81
89151,129
89247,77
89262,150
89265,89
89281,85
89302,204
89333,146
89340,46
89344,122
89370,37
89371,87
89414,218
89455,27
89475,79
89482,81
89532,106
89558,82
89566,105
89615,83
89660,166
89702,102
89721,101
89727,139
89729,57
89772,83
89791,85
89792,102
89801,27
89821,142
89822,51
89835,131
89860,64
89905,97
89912,177
89987,92
90023,131
90029,126
90052,127
90061,47
90078,126
90086,70
90087,63
90099,118
90100,99
90118,170
90155,72
90158,161
90167,74
90270,132
90323,258
90351,38
90352,217
90363,147
90367,74
90393,48
90400,58
90407,98
90451,93
90479,10
90509,67
90556,26
90681,22
90733,163
90758,67
90766,12
90835,81
90896,144
90924,56
90926,127
90961,70
91034,116
91039,117
91121,41
91127,21
91216,166
91280,74
91363,107
91394,149
91403,73
91434,105
91451,116
91459,170
91485,58
91496,122
91497,31
91505,181
91526,118
91648,72
91660,88
91678,76
91688,173
91724,140
91740,39
91746,148
91773,140
91774,176
91809,120
91812,93
91826,140
91880,101
91881,130
91903,138
92017,64
92033,115
92049,151
92067,67
92085,36
92124,188
92151,93
92178,146
92220,115
92260,187
92264,64
92271,80
92314,116
92324,116
92349,105
92366,28
92386,136
92387,92
92402,110
92408,182
92432,106
92460,95
92523,176
92583,10
92590,137
92605,91
92632,133
92643,129
92673,99
92680,100
92739,99
92781,10
92807,117
92820,123
92823,68
92828,148
92840,122
92974,133
92984,112
93011,56
93042,75
93054,52
93072,90
93083,114
93128,10
93196,58
93200,27
93278,154
93321,151
93327,104
93329,180
93341,157
93369,94
93411,10
93412,134
93427,42
93469,93
93514,72
93524,124
93535,66
93627,12
93654,77
93688,13
93700,108
93703,186
93731,62
93738,87
93771,86
93804,130
93896,78
93925,152
93930,159
93940,175
93979,110
93980,80
93994,96
94036,158
94138,227
94147,118
94155,107
94178,51
94231,71
94264,150
94398,34
94409,57
94452,112
94468,147
94486,95
94495,137
94497,35
94538,100
94555,58
94576,71
94595,110
94596,66
94657,99
94668,244
94691,81
94693,45
94714,89
94715,92
94728,160
94763,69
94775,207
94776,177
94839,86
94910,90
94942,137
94944,92
94951,110
94972,203
95017,81
95028,10
95033,111
95067,93
95071,138
95091,62
95106,127
95107,171
95138,30
95140,129
95144,93
95153,127
95156,24
95164,87
95165,31
95226,65
95274,154
95281,82
95351,220
95389,45
95399,120
95429,157
95521,125
95538,112
95570,105
95606,84
95697,144
95788,50
95803,121
95832,89
95869,50
95883,158
95907,109
95919,21
95948,186
95963,110
96016,82
96038,96
96056,68
96080,123
96088,64
96089,108
96124,118
96183,93
96198,73
96266,43
96273,153
96282,133
96300,90
96315,116
96337,199
96464,45
96565,83
96600,16
96613,75
96633,134
96642,93
96655,106
96707,78
96708,96
96734,10
96744,53
96762,147
96778,146
96851,110
96893,97
96896,54
96940,110
96944,104
97002,74
97082,18
97095,129
97118,147
97168,147
97194,61
97228,69
97252,147
97262,117
97280,10
97306,140
97320,150
97348,57
97353,27
97365,149
97370,126
97393,100
97394,47
97410,45
97437,26
97451,114
97475,79
97527,86
97532,45
97536,108
97558,159
97628,129
97652,202
97654,133
97663,125
97664,76
97703,197
97720,153
97756,46
97797,191
97822,49
97825,119
97829,136
97835,72
97939,132
97947,68
97950,60
97968,111
97971,125
98032,123
98044,149
98061,21
98072,74
98103,120
98199,92
98231,70
98287,48
98294,175
98302,89
98369,41
98394,54
98405,202
98406,137
98486,44
98490,77
98520,144
98528,243
98559,165
98638,76
98647,146
98650,162
98687,48
98776,58
98782,137
98783,139
98793,136
98881,61
98895,96
98990,39
98993,73
98999,25
99016,65
99022,83
99090,116
99112,140
99150,65
99160,109
99173,10
99204,89
99225,61
99257,10
99294,154
99349,175
99352,151
99455,164
99467,46
99468,183
99487,109
99488,130
99492,72
99517,72
99541,150
99548,154
99559,104
99607,179
99613,43
99659,47
99683,142
99702,160
99705,109
99725,200
99736,75
99793,17
99796,57
99854,113
99879,33
99940,179
99958,83
99980,72
99994,126
100006,71
100016,82
100022,141
100026,131
100056,38
100070,163
100101,165
100126,136
100143,193
100169,120
100221,89
100238,49
100274,129
100276,95
100285,56
100290,137
100302,116
100304,129
100311,85
100328,68
100329,178
100360,202
100365,141
100391,78
100404,159
100455,194
100484,10
100513,107
100526,46
100540,193
100576,127
100595,86
100596,192
100614,69
100615,133
100616,62
100624,70
100648,101
100656,99
100657,177
100669,101
100680,51
100688,159
100699,88
100702,167
100716,79
100721,151
100760,88
100775,223
100803,194
100830,156
100877,80
100919,167
100958,81
101014,128
101054,73
101059,89
101072,86
101076,115
101087,16
101096,80
101115,60
101132,48
101168,53
101178,69
101181,93
101194,74
101195,82
101202,45
101204,65
101231,72
101247,129
101282,119
101302,195
101339,188
101346,159
101352,101
101353,183
101370,10
101378,182
101388,10
101562,10
101580,158
101595,99
101682,124
101690,19
101719,95
101782,85
101854,110
101885,150
101900,89
101963,184
101964,102
101967,138
102018,41
102021,146
102037,38
102064,137
102071,22
102078,152
102110,130
102112,77
102253,90
102278,110
102284,128
102294,111
102301,74
102354,85
102365,100
102380,177
102456,140
102490,145
102538,135
102550,90
102559,96
102579,142
102587,74
102614,75
102628,77
102686,104
102757,78
102779,39
102788,125
102795,138
102800,32
102805,90
102827,54
102850,101
102913,182
103015,109
103035,168
103073,87
103092,94
103161,56
103170,140
103187,76
103202,107
103237,150
103281,88
103295,188
103316,133
103349,64
